-0.5224
-0.6008
-0.676
-0.68
-0.76
-0.7608
-0.836
-0.8336
-0.8376
-0.8408
-0.84
-0.8384
-0.8392
-0.8392
-0.84
-0.9264
-0.9272
-0.928
-0.9272
-0.928
-0.9248
-0.924
-0.924
-0.9232
-0.924
-0.924
-0.928
-0.9272
-0.928
-0.9272
-0.9288
-0.928
-0.9264
-0.9256
-0.9264
-0.928
-0.9288
-0.9288
-0.9296
-0.9264
-0.9256
-0.9296
-0.932
-0.9328
-0.932
-0.9312
-0.9304
-0.9328
-0.9328
-0.9344
-0.9352
-0.9352
-0.9352
-0.9352
-0.936
-0.9368
-0.9392
-0.9392
-0.9368
-0.9376
-0.9376
-0.9376
-0.936
-0.9344
-0.9352
-0.9352
-0.9368
-0.9344
-0.932
-0.9296
-0.9296
-0.9304
-0.9312
-0.9304
-0.9296
-0.9288
-0.9296
-0.9296
-0.9304
-0.9296
-0.9296
-0.8504
-0.9296
-0.9312
-0.9296
-0.9312
-0.9328
-0.9296
-0.9312
-0.9296
-0.9296
-0.9296
-0.9296
-0.9288
-0.9312
-0.9304
-0.9312
-0.928
-0.9288
-0.9288
-0.9312
-0.9328
-0.9336
-0.9344
-0.9376
-0.936
-0.9384
-1.02
-1.02
-1.02
-1.02
-1.02
-1.02
-1.02
-1.02
-1.02
-1.02
-1.02
-1.02
-1.02
-1.02
-1.02
-1.02
-1.02
-1.02
-1.02
-1.02
-1.02
-1.02
-1.02
-1.02
-1.02
-1.02
-1.02
-1.02
-1.02
-1.02
-1.02
-1.02
-1.02
-1.02
-1.02
-1.02
-1.02
-1.02
-1.02
-1.02
-1.02
-1.02
-1.02
-1.02
-1.02
-1.02
-1.02
-1.02
-1.02
-1.02
-1.02
-1.02
-1.02
-1.02
-1.02
-1.02
-1.02
-1.02
-1.02
-1.02
-1.02
-1.02
-1.02
-1.02
-1.02
-1.02
-1.02
-1.02
-1.02
-1.02
-1.02
-1.02
-1.02
-1.02
-1.02
-1.02
-1.02
-1.02
-1.02
-1.02
-1.02
-1.02
-1.02
-1.02
-1.02
-1.02
-1.02
-1.02
-1.02
-1.02
-1.02
-1.02
-1.02
