-0.2704
-0.516
-0.5152
-0.524
-0.3608
-0.6
-0.2824
-0.6056
-0.52
-0.288
-0.368
-0.2888
-0.3664
-0.364
-0.2856
-0.2032
-0.5232
-0.3624
-0.3632
-0.1224
-0.6016
-0.516
-0.4344
-0.3592
-0.6008
-0.516
-0.6776
-0.4432
-0.5192
-0.6016
-0.5224
-0.4416
-0.6024
-0.5128
-0.5136
-0.4392
-0.3536
-0.356
-0.3584
-0.5176
-0.5944
-0.44
-0.4408
-0.516
-0.5992
-0.44
-0.4416
-0.6016
-0.6024
-0.5192
-0.28
-0.356
-0.4368
-0.4408
-0.2784
-0.4464
-0.2808
-0.4392
-0.3592
-0.2032
-0.5224
-0.5216
-0.1968
-0.4408
-0.4448
-0.4448
-0.6848
-0.5168
-0.5216
-0.52
-0.3608
-0.28
-0.5256
-0.524
-0.444
-0.3688
-0.5304
-0.5304
-0.364
-0.28
-0.4408
-0.5192
-0.4344
-0.4328
-0.4328
-0.4336
-0.672
-0.6696
-0.5144
-0.5944
-0.3592
-0.2768
-0.4424
-0.6024
-0.516
-0.3576
-0.284
-0.6792
-0.4392
-0.6016
-0.5208
-0.6768
-0.5992
-0.4432
-0.5952
-0.5152
-0.5976
-0.5216
-0.5224
-0.6816
-0.7576
-0.44
-0.3592
-0.2808
-0.2808
-0.356
-0.4432
-0.4472
-0.3688
-0.5296
-0.4448
-0.4448
-0.2832
-0.36
-0.3592
-0.276
-0.4392
-0.5224
-0.3584
-0.2024
-0.204
-0.4408
-0.3616
-0.6832
-0.7608
-0.3632
-0.4496
-0.6064
-0.7712
-0.5272
-0.2824
-0.5192
-0.4408
-0.4448
-0.6848
-0.6032
-0.4416
-0.28
-0.2024
-0.3656
-0.6064
-0.448
-0.5248
-0.524
-0.364
-0.6056
-0.6008
-0.4416
-0.5984
-0.5168
-0.2808
-0.4424
-0.6024
-0.76
-0.3576
-0.5224
-0.6032
-0.4472
-0.4464
-0.52
-0.5208
-0.2816
-0.3616
-0.5232
-0.2752
-0.3608
-0.284
-0.4408
-0.2776
-0.5968
-0.5128
-0.3624
-0.5936
-0.3568
-0.5136
-0.6704
-0.4336
-0.3616
-0.3584
-0.3536
-0.516
-0.4344
-0.2792
-0.516
-0.4376
-0.4408
-0.6776
-0.356
-0.5136
-0.5936
