-0.364
-0.4424
-0.5984
-0.596
-0.5136
-0.5952
-0.5152
-0.512
-0.516
-0.5168
-0.5184
-0.7592
-0.7616
-0.6024
-0.6808
-0.684
-0.604
-0.5232
-0.6856
-0.6848
-0.6872
-0.768
-0.7688
-0.7624
-0.764
-0.6808
-0.84
-0.6016
-0.6776
-0.6744
-0.7568
-0.7528
-0.7536
-0.6744
-0.6728
-0.752
-0.672
-0.5112
-0.8296
-0.5896
-0.5936
-0.5936
-0.432
-0.5936
-0.7488
-0.6728
-0.6768
-0.7576
-0.5192
-0.5152
-0.6736
-0.7584
-0.756
-0.8344
-0.6728
-0.5928
-0.756
-0.7568
-0.5976
-0.6776
-0.68
-0.764
-0.6832
-0.6792
-0.5992
-0.6016
-0.6872
-0.4424
-0.5144
-0.5184
-0.6816
-0.6016
-0.6024
-0.6056
-0.6112
-0.6104
-0.688
-0.5256
-0.604
-0.5208
-0.5192
-0.6008
-0.5192
-0.6728
-0.5912
-0.672
-0.676
-0.6824
-0.6056
-0.5232
-0.4408
-0.7664
-0.6056
-0.6056
-0.7632
-0.6864
-0.6056
-0.4448
-0.5264
-0.6016
-0.6008
-0.5936
-0.5136
-0.5904
-0.752
-0.6744
-0.6736
-0.7512
-0.6752
-0.7576
-0.7536
-0.592
-0.676
-0.7504
-0.7512
-0.8312
-0.7496
-0.5944
-0.596
-0.6816
-0.6912
-0.7688
-0.848
-0.6864
-0.6896
-0.6904
-0.6072
-0.5216
-0.44
-0.6776
-0.7608
-0.7576
-0.5992
-0.6816
-0.6056
-0.8432
-0.768
-0.768
-0.8424
-0.7664
-0.7664
-0.6872
-0.6912
-0.6872
-0.688
-0.528
-0.6136
-0.7736
-0.7688
-0.768
-0.764
-0.6064
-0.8416
-0.8424
-0.844
-0.6808
-0.6864
-0.7672
-0.764
-0.7672
-0.6824
-0.7624
-0.7672
-0.768
-0.8416
-0.8368
-0.52
-0.68
-0.7616
-0.6032
-0.6744
-0.6704
-0.7504
-0.7488
-0.7512
-0.6672
-0.6736
-0.7568
-0.5192
-0.436
-0.592
-0.6656
-0.4336
-0.592
-0.5136
-0.6704
-0.5888
-0.6712
-0.3584
-0.68
-0.6032
-0.6
-0.6024
-0.5216
-0.5216
-0.6064
-0.6072
-0.6872
-0.5192
-0.6
