                   1           -0.973472           -0.973472                   0
                   2           -0.971688            -0.97258            0.000892
                   3           -0.970496           -0.971885         0.000864745
                   4           -0.973536           -0.972298         0.000737689
                   5           -0.979656            -0.97377          0.00157864
                   6           -0.978296           -0.974524           0.0014935
                   7           -0.970736           -0.973983          0.00137334
                   8           -0.981208           -0.974886          0.00149339
                   9           -0.977032           -0.975124          0.00133846
                  10           -0.975224           -0.975134           0.0011972
                  11           -0.970864           -0.974746          0.00115039
                  12           -0.969296           -0.974292          0.00114416
                  13           -0.971088           -0.974046          0.00108095
                  14           -0.982584           -0.974655          0.00117196
                  15           -0.980848           -0.975068          0.00116653
                  16           -0.977192           -0.975201          0.00109923
                  17           -0.972664           -0.975052          0.00104328
                  18           -0.977256           -0.975174         0.000991207
                  19           -0.972168           -0.975016         0.000950845
                  20           -0.978704             -0.9752         0.000920706
                  21           -0.978128            -0.97534         0.000886792
                  22           -0.977096            -0.97542         0.000849283
                  23           -0.973248           -0.975325         0.000816992
                  24           -0.977408           -0.975412          0.00078701
                  25           -0.970232           -0.975205         0.000782794
                  26           -0.974008           -0.975159         0.000753491
                  27           -0.980032           -0.975339         0.000747175
                  28           -0.974632           -0.975314         0.000720439
                  29           -0.976704           -0.975362         0.000696803
                  30           -0.968088           -0.975119         0.000715509
                  31           -0.977232           -0.975188         0.000695391
                  32            -0.96168           -0.974766         0.000794685
                  33           -0.977936           -0.974862         0.000776197
                  34           -0.972808           -0.974801          0.00075544
                  35             -0.9784           -0.974904          0.00074071
                  36           -0.985944           -0.975211         0.000782442
                  37           -0.975376           -0.975215         0.000761014
                  38           -0.978048            -0.97529         0.000744458
                  39           -0.969392           -0.975138         0.000740719
                  40           -0.974936           -0.975133         0.000721982
                  41           -0.966816           -0.974931         0.000732792
                  42           -0.983984           -0.975146         0.000746913
                  43           -0.976344           -0.975174         0.000729868
                  44           -0.971144           -0.975082         0.000718945
                  45           -0.974808           -0.975076         0.000702813
                  46             -0.9766           -0.975109         0.000688163
                  47           -0.976592           -0.975141           0.0006741
                  48           -0.977648           -0.975193         0.000661971
                  49            -0.97184           -0.975125         0.000651922
                  50           -0.973704           -0.975096         0.000639382
                  51           -0.974096           -0.975077         0.000627027
                  52           -0.981072           -0.975192         0.000625567
                  53            -0.96884           -0.975072         0.000625244
                  54           -0.979064           -0.975146         0.000617993
                  55           -0.971352           -0.975077         0.000610563
                  56           -0.975328           -0.975082         0.000599577
                  57           -0.974184           -0.975066         0.000589175
                  58            -0.97812           -0.975118         0.000581318
                  59           -0.964776           -0.974943         0.000597665
                  60           -0.965848           -0.974792         0.000606857
                  61           -0.965984           -0.974647         0.000614043
                  62           -0.974544           -0.974646          0.00060406
                  63           -0.974352           -0.974641         0.000594412
                  64           -0.980296           -0.974729         0.000591686
                  65           -0.967696           -0.974621         0.000592477
                  66           -0.969712           -0.974547         0.000588153
                  67           -0.974856           -0.974551         0.000579326
                  68           -0.973504           -0.974536         0.000570951
                  69           -0.973808           -0.974525         0.000562714
                  70           -0.963408           -0.974367         0.000576909
                  71           -0.977584           -0.974412         0.000570528
                  72           -0.972104            -0.97438          0.00056346
                  73           -0.966504           -0.974272         0.000566065
                  74           -0.968768           -0.974198         0.000563295
                  75           -0.971128           -0.974157         0.000557238
                  76            -0.97168           -0.974124         0.000550822
                  77           -0.972504           -0.974103         0.000544028
                  78           -0.980792           -0.974189         0.000543813
                  79           -0.971496           -0.974155         0.000537966
                  80           -0.974656           -0.974161         0.000531236
                  81           -0.972288           -0.974138         0.000525145
                  82            -0.96696            -0.97405         0.000526036
                  83           -0.979568           -0.974117         0.000523894
                  84           -0.980544           -0.974193         0.000523245
                  85           -0.981128           -0.974275         0.000523449
                  86            -0.97428           -0.974275         0.000517327
                  87            -0.97732            -0.97431         0.000512542
                  88           -0.979144           -0.974365         0.000509654
                  89              -0.964           -0.974248         0.000517177
                  90           -0.975504           -0.974262         0.000511589
                  91           -0.973456           -0.974253         0.000506014
                  92           -0.971976           -0.974229         0.000501095
                  93           -0.975944           -0.974247         0.000496021
                  94             -0.9786           -0.974293         0.000492896
                  95            -0.98064            -0.97436         0.000492234
                  96           -0.977936           -0.974397         0.000488502
                  97               -0.97           -0.974352          0.00048556
                  98           -0.968872           -0.974296         0.000483823
                  99           -0.971472           -0.974268          0.00047976
                 100           -0.965144           -0.974176         0.000483622
                   1            -0.91604            -0.91604                   0
                   2           -0.913112           -0.914576            0.001464
                   3           -0.913696           -0.914283         0.000894693
                   4           -0.903944           -0.911698          0.00266097
                   5           -0.910584           -0.911475          0.00207318
                   6           -0.910408           -0.911297          0.00170207
                   7            -0.91332           -0.911586          0.00146724
                   8           -0.918408           -0.912439          0.00153027
                   9            -0.91348           -0.912555          0.00135452
                  10           -0.911672           -0.912466          0.00121473
                  11           -0.915664           -0.912757          0.00113657
                  12           -0.917288           -0.913135           0.0011041
                  13            -0.91756           -0.913475          0.00107116
                  14           -0.911392           -0.913326           0.0010028
                  15             -0.9128           -0.913291         0.000934215
                  16           -0.918112           -0.913593         0.000924362
                  17           -0.912208           -0.913511         0.000872098
                  18           -0.920224           -0.913884         0.000902848
                  19           -0.915736           -0.913981         0.000859553
                  20           -0.917096           -0.914137          0.00083018
                  21           -0.917248           -0.914285         0.000803433
                  22           -0.905352           -0.913879         0.000867011
                  23           -0.917248           -0.914026         0.000841305
                  24           -0.920112           -0.914279         0.000844465
                  25           -0.907008           -0.913988          0.00086062
                  26           -0.915392           -0.914042         0.000828617
                  27           -0.904792             -0.9137          0.00086783
                  28           -0.912704           -0.913664         0.000837018
                  29           -0.912304           -0.913617            0.000809
                  30           -0.911312           -0.913541         0.000785337
                  31           -0.913512            -0.91354         0.000759582
                  32           -0.914576           -0.913572         0.000736175
                  33           -0.910064           -0.913466         0.000721393
                  34            -0.91108           -0.913396         0.000703363
                  35           -0.914776           -0.913435         0.000684109
                  36            -0.91544           -0.913491         0.000667163
                  37             -0.9168            -0.91358         0.000655017
                  38           -0.911712           -0.913531         0.000639439
                  39           -0.915328           -0.913577          0.00062453
                  40           -0.910744           -0.913506         0.000612823
                  41           -0.913296           -0.913501         0.000597711
                  42           -0.917928           -0.913606         0.000592753
                  43             -0.9166           -0.913676         0.000582975
                  44            -0.90792           -0.913545         0.000584402
                  45           -0.911656           -0.913503         0.000572809
                  46           -0.911728           -0.913465         0.000561546
                  47            -0.91108           -0.913414         0.000551806
                  48            -0.91884           -0.913527         0.000551889
                  49           -0.914024           -0.913537         0.000540603
                  50           -0.914096           -0.913548         0.000529799
                  51           -0.910968           -0.913498         0.000521766
                  52           -0.916304           -0.913552         0.000514472
                  53           -0.919848            -0.91367         0.000518465
                  54           -0.906632            -0.91354         0.000525204
                  55            -0.91504           -0.913567         0.000516287
                  56           -0.909504           -0.913495          0.00051215
                  57           -0.909928           -0.913432         0.000506962
                  58           -0.920488           -0.913554         0.000512783
                  59            -0.91764           -0.913623         0.000508753
                  60           -0.907696           -0.913524         0.000509863
                  61           -0.915368           -0.913555         0.000502345
                  62           -0.921072           -0.913676         0.000508833
                  63           -0.913856           -0.913679           0.0005007
                  64            -0.91572           -0.913711         0.000493845
                  65           -0.912432           -0.913691         0.000486586
                  66           -0.905976           -0.913574         0.000493209
                  67           -0.910808           -0.913533         0.000487543
                  68           -0.919056           -0.913614         0.000487139
                  69             -0.9154            -0.91364         0.000480725
                  70           -0.914768           -0.913656         0.000474081
                  71           -0.911376           -0.913624         0.000468458
                  72           -0.910384           -0.913579         0.000464093
                  73           -0.909864           -0.913528         0.000460512
                  74           -0.913328           -0.913525         0.000454254
                  75           -0.911272           -0.913495         0.000449162
                  76            -0.91076           -0.913459         0.000444672
                  77           -0.910768           -0.913424         0.000440248
                  78           -0.913848            -0.91343         0.000434601
                  79           -0.917832           -0.913485         0.000432668
                  80           -0.909256           -0.913433         0.000430485
                  81           -0.911928           -0.913414         0.000425542
                  82           -0.913728           -0.913418         0.000420338
                  83            -0.91076           -0.913386         0.000416476
                  84           -0.912824           -0.913379         0.000411542
                  85           -0.913304           -0.913378         0.000406673
                  86           -0.917824            -0.91343         0.000405227
                  87             -0.9092           -0.913381         0.000403482
                  88            -0.91784           -0.913432         0.000402076
                  89           -0.914624           -0.913445         0.000397758
                  90           -0.913624           -0.913447         0.000393319
                  91           -0.911928           -0.913431         0.000389331
                  92           -0.922608            -0.91353         0.000397786
                  93           -0.919416           -0.913594         0.000398543
                  94           -0.922552           -0.913689         0.000405634
                  95           -0.915632           -0.913709         0.000401862
                  96            -0.90892            -0.91366         0.000400772
                  97             -0.9166            -0.91369         0.000397775
                  98           -0.911176           -0.913664          0.00039453
                  99           -0.917008           -0.913698         0.000391983
                 100           -0.909176           -0.913653         0.000390669
                   1           -0.852464           -0.852464                   0
                   2           -0.849752           -0.851108            0.001356
                   3           -0.846112           -0.849443          0.00184018
                   4           -0.849344           -0.849418          0.00130143
                   5           -0.845272           -0.848589           0.0013053
                   6           -0.846552           -0.848249          0.00111853
                   7           -0.851856           -0.848765          0.00107663
                   8           -0.847816           -0.848646         0.000939894
                   9           -0.851184           -0.848928         0.000875565
                  10            -0.85056           -0.849091         0.000799953
                  11            -0.84604           -0.848814         0.000774929
                  12           -0.845808           -0.848563         0.000750448
                  13            -0.84676           -0.848425         0.000704112
                  14           -0.845608           -0.848223          0.00068222
                  15           -0.846736           -0.848124         0.000642807
                  16           -0.848856            -0.84817         0.000603028
                  17           -0.848616           -0.848196         0.000567053
                  18           -0.850384           -0.848318         0.000548265
                  19            -0.84936           -0.848373         0.000521499
                  20           -0.846416           -0.848275         0.000504318
                  21           -0.850152           -0.848364          0.00048796
                  22           -0.848128           -0.848353         0.000465375
                  23           -0.852056           -0.848514         0.000472923
                  24           -0.849536           -0.848557         0.000454786
                  25           -0.848264           -0.848545         0.000436372
                  26           -0.849256           -0.848573         0.000420143
                  27           -0.846504           -0.848496         0.000411479
                  28           -0.850976           -0.848585         0.000406283
                  29           -0.846744           -0.848521         0.000397127
                  30            -0.84872           -0.848528         0.000383719
                  31           -0.851024           -0.848608         0.000379769
                  32           -0.852928           -0.848743         0.000391706
                  33           -0.844016             -0.8486         0.000405777
                  34           -0.847144           -0.848557         0.000395984
                  35            -0.84628           -0.848492          0.00038997
                  36           -0.849584           -0.848522         0.000380194
                  37           -0.849592           -0.848551         0.000370904
                  38           -0.849544           -0.848577         0.000361955
                  39           -0.848552           -0.848577         0.000352553
                  40            -0.84704           -0.848538         0.000345767
                  41           -0.843328           -0.848411         0.000360379
                  42           -0.848312           -0.848409         0.000351702
                  43           -0.847104           -0.848379         0.000344764
                  44           -0.845504           -0.848313         0.000343114
                  45           -0.852408           -0.848404         0.000347527
                  46            -0.84884           -0.848414          0.00034002
                  47           -0.847072           -0.848385         0.000333929
                  48            -0.84336            -0.84828         0.000343254
                  49            -0.84436             -0.8482         0.000345566
                  50           -0.847192            -0.84818         0.000339184
                  51              -0.854           -0.848294         0.000351505
                  52           -0.845856           -0.848248         0.000347854
                  53           -0.849752           -0.848276         0.000342406
                  54           -0.851944           -0.848344         0.000342803
                  55           -0.843744            -0.84826         0.000346749
                  56           -0.843208            -0.84817          0.00035225
                  57           -0.846672           -0.848144         0.000347012
                  58           -0.844488           -0.848081         0.000346753
                  59           -0.845496           -0.848037         0.000343629
                  60           -0.849016           -0.848053         0.000338247
                  61           -0.848944           -0.848068         0.000332977
                  62            -0.85116           -0.848118         0.000331337
                  63           -0.848368           -0.848122          0.00032606
                  64           -0.846488           -0.848096         0.000321938
                  65           -0.845504           -0.848056         0.000319445
                  66           -0.850328           -0.848091         0.000316446
                  67           -0.849568           -0.848113         0.000312466
                  68           -0.848768           -0.848122         0.000307987
                  69            -0.85344           -0.848199         0.000313123
                  70           -0.845264           -0.848157         0.000311453
                  71           -0.846272           -0.848131         0.000308182
                  72           -0.848784            -0.84814         0.000304007
                  73           -0.847824           -0.848136         0.000299844
                  74           -0.847104           -0.848122         0.000296093
                  75           -0.850568           -0.848154         0.000293934
                  76            -0.84924           -0.848169         0.000290392
                  77            -0.84932           -0.848184         0.000286986
                  78            -0.85172           -0.848229         0.000286888
                  79           -0.848944           -0.848238         0.000283378
                  80           -0.849448           -0.848253         0.000280221
                  81           -0.852608           -0.848307         0.000281915
                  82              -0.853           -0.848364         0.000284276
                  83           -0.848584           -0.848367         0.000280843
                  84           -0.845624           -0.848334         0.000279394
                  85           -0.846656           -0.848314         0.000276792
                  86           -0.843272           -0.848256         0.000279768
                  87            -0.84972           -0.848273         0.000277045
                  88            -0.84428           -0.848227         0.000277611
                  89           -0.847568            -0.84822         0.000274574
                  90           -0.847136           -0.848208         0.000271773
                  91           -0.845448           -0.848177         0.000270476
                  92            -0.85304            -0.84823         0.000272691
                  93            -0.84764           -0.848224         0.000269817
                  94           -0.847568           -0.848217         0.000267023
                  95            -0.84776           -0.848212         0.000264241
                  96           -0.845248           -0.848181          0.00026329
                  97           -0.847296           -0.848172         0.000260722
                  98           -0.845096           -0.848141          0.00025995
                  99            -0.84752           -0.848134         0.000257387
                 100           -0.846264           -0.848116         0.000255486
                   1           -0.784352           -0.784352                   0
                   2           -0.785016           -0.784684            0.000332
                   3           -0.777264           -0.782211          0.00248075
                   4           -0.781808            -0.78211          0.00175704
                   5           -0.788848           -0.783458          0.00191529
                   6           -0.783976           -0.783544          0.00156621
                   7           -0.786096           -0.783909          0.00137298
                   8           -0.783128           -0.783811          0.00119303
                   9           -0.782288           -0.783642          0.00106568
                  10           -0.779952           -0.783273           0.0010221
                  11           -0.784144           -0.783352         0.000927906
                  12           -0.780904           -0.783148         0.000871277
                  13           -0.784576           -0.783258         0.000808951
                  14            -0.78456           -0.783351         0.000754697
                  15           -0.782056           -0.783265         0.000707868
                  16           -0.780384           -0.783084         0.000686188
                  17           -0.784272           -0.783154         0.000648335
                  18           -0.779752           -0.782965         0.000639815
                  19           -0.782344           -0.782933         0.000606087
                  20           -0.784224           -0.782997         0.000578599
                  21           -0.777456           -0.782733         0.000610343
                  22           -0.782752           -0.782734          0.00058194
                  23            -0.78384           -0.782782         0.000558137
                  24           -0.785808           -0.782908         0.000549046
                  25           -0.779128           -0.782757         0.000547906
                  26           -0.784776           -0.782835         0.000532107
                  27           -0.783944           -0.782876         0.000513666
                  28           -0.780448           -0.782789         0.000502518
                  29            -0.77816            -0.78263          0.00051048
                  30             -0.7848           -0.782702         0.000498449
                  31            -0.78332           -0.782722         0.000482514
                  32           -0.781656           -0.782688         0.000468378
                  33           -0.783088           -0.782701         0.000454124
                  34           -0.781144           -0.782655         0.000442938
                  35           -0.779768           -0.782572         0.000437933
                  36           -0.785616           -0.782657         0.000433911
                  37           -0.782656           -0.782657         0.000422021
                  38            -0.78852           -0.782811         0.000438787
                  39           -0.784456           -0.782853         0.000429464
                  40           -0.777656           -0.782723         0.000438292
                  41           -0.783944           -0.782753         0.000428504
                  42            -0.78136            -0.78272         0.000419491
                  43           -0.781024           -0.782681         0.000411513
                  44           -0.781496           -0.782654         0.000402952
                  45           -0.781848           -0.782636         0.000394303
                  46           -0.780304           -0.782585         0.000388953
                  47           -0.781144           -0.782554          0.00038182
                  48           -0.778648           -0.782473         0.000382538
                  49           -0.781696           -0.782457         0.000374986
                  50           -0.784952           -0.782507         0.000370782
                  51            -0.77732           -0.782405         0.000377402
                  52            -0.78432           -0.782442           0.0003719
                  53           -0.784584           -0.782483         0.000367047
                  54           -0.785208           -0.782533         0.000363705
                  55           -0.783672           -0.782554         0.000357631
                  56           -0.782456           -0.782552         0.000351191
                  57           -0.778976           -0.782489         0.000350633
                  58           -0.785776           -0.782546         0.000349164
                  59           -0.782296           -0.782542         0.000343221
                  60           -0.780608           -0.782509         0.000338987
                  61           -0.781848           -0.782499          0.00033356
                  62            -0.78208           -0.782492         0.000328206
                  63           -0.784912            -0.78253         0.000325231
                  64            -0.78288           -0.782536         0.000320155
                  65           -0.780976           -0.782512         0.000316103
                  66            -0.78192           -0.782503         0.000311406
                  67            -0.77964            -0.78246         0.000309685
                  68            -0.78348           -0.782475         0.000305465
                  69           -0.781824           -0.782466         0.000301153
                  70            -0.77968           -0.782426         0.000299476
                  71           -0.782792           -0.782431         0.000295273
                  72            -0.78452            -0.78246         0.000292585
                  73           -0.784544           -0.782489         0.000289958
                  74           -0.780296           -0.782459         0.000287543
                  75           -0.783664           -0.782475         0.000284138
                  76           -0.780136           -0.782444         0.000282059
                  77           -0.781048           -0.782426         0.000278961
                  78           -0.782568           -0.782428         0.000275368
                  79           -0.783032           -0.782436         0.000271967
                  80           -0.782952           -0.782442         0.000268624
                  81            -0.77908             -0.7824         0.000268514
                  82            -0.78416           -0.782422         0.000266086
                  83           -0.781776           -0.782414         0.000262976
                  84           -0.784056           -0.782434          0.00026056
                  85           -0.779336           -0.782397         0.000260043
                  86           -0.781792            -0.78239         0.000257098
                  87            -0.78084           -0.782372         0.000254749
                  88           -0.785688            -0.78241         0.000254641
                  89            -0.78172           -0.782402         0.000251883
                  90           -0.781872           -0.782396         0.000249138
                  91           -0.780528           -0.782376         0.000247239
                  92           -0.784176           -0.782395         0.000245318
                  93           -0.782168           -0.782393         0.000242679
                  94           -0.780024           -0.782368         0.000241402
                  95             -0.7796           -0.782339         0.000240618
                  96           -0.782248           -0.782338           0.0002381
                  97             -0.7778           -0.782291         0.000240232
                  98           -0.785536           -0.782324         0.000240062
                  99           -0.782152           -0.782322         0.000237631
                 100           -0.789024           -0.782389         0.000244603
                   1           -0.721296           -0.721296                   0
                   2           -0.720976           -0.721136             0.00016
                   3            -0.71804           -0.720104          0.00103613
                   4           -0.715888            -0.71905          0.00128363
                   5           -0.718768           -0.718994          0.00099589
                   6           -0.718176           -0.718857          0.00082448
                   7           -0.724496           -0.719663          0.00106509
                   8           -0.717728           -0.719421         0.000953576
                   9           -0.726456           -0.720203          0.00114815
                  10           -0.719256           -0.720108          0.00103129
                  11           -0.722584           -0.720333         0.000959608
                  12           -0.717856           -0.720127         0.000899991
                  13           -0.722176           -0.720284         0.000842746
                  14           -0.722056           -0.720411         0.000790428
                  15           -0.718288           -0.720269         0.000749334
                  16            -0.71768           -0.720108         0.000719377
                  17             -0.7238           -0.720325         0.000709788
                  18           -0.720792           -0.720351         0.000669698
                  19           -0.722416           -0.720459          0.00064273
                  20           -0.716568           -0.720265         0.000640038
                  21           -0.723544           -0.720421         0.000628504
                  22            -0.71608           -0.720224         0.000630905
                  23           -0.717616            -0.72011         0.000613419
                  24           -0.723448           -0.720249         0.000603545
                  25            -0.72228           -0.720331         0.000584571
                  26            -0.71976           -0.720309         0.000562066
                  27            -0.72324           -0.720417         0.000551638
                  28           -0.719368            -0.72038         0.000532891
                  29           -0.720256           -0.720375         0.000514205
                  30            -0.72048           -0.720379         0.000496781
                  31            -0.72248           -0.720447         0.000485245
                  32            -0.72316           -0.720531         0.000477426
                  33           -0.722248           -0.720584         0.000465647
                  34           -0.717448           -0.720491         0.000461061
                  35           -0.722136           -0.720538         0.000450154
                  36           -0.716728           -0.720432         0.000450092
                  37           -0.724496           -0.720542         0.000451325
                  38           -0.717456           -0.720461         0.000446732
                  39           -0.718304           -0.720406         0.000438628
                  40           -0.723512           -0.720483         0.000434517
                  41           -0.720632           -0.720487         0.000423802
                  42           -0.722176           -0.720527         0.000415539
                  43            -0.72012           -0.720518         0.000405871
                  44           -0.720912           -0.720527         0.000396641
                  45           -0.719552           -0.720505         0.000388331
                  46           -0.716032           -0.720408         0.000392046
                  47           -0.721152           -0.720424          0.00038394
                  48           -0.717232           -0.720357         0.000381693
                  49           -0.721824           -0.720387         0.000375019
                  50           -0.719512            -0.72037         0.000367858
                  51           -0.723128           -0.720424         0.000364607
                  52           -0.723912           -0.720491         0.000363766
                  53           -0.717016           -0.720425         0.000362809
                  54           -0.718224           -0.720384         0.000358353
                  55            -0.72176           -0.720409         0.000352665
                  56           -0.720672           -0.720414         0.000346342
                  57           -0.715272           -0.720324         0.000351969
                  58            -0.72516           -0.720407         0.000355757
                  59           -0.720232           -0.720404         0.000349688
                  60            -0.72016             -0.7204         0.000343834
                  61           -0.724256           -0.720463         0.000344008
                  62           -0.719184           -0.720443         0.000339042
                  63           -0.720984           -0.720451         0.000333728
                  64           -0.722584           -0.720485         0.000330158
                  65           -0.723008           -0.720524         0.000327348
                  66           -0.719056           -0.720501         0.000323116
                  67            -0.72296           -0.720538         0.000320366
                  68           -0.720952           -0.720544         0.000315678
                  69           -0.716688           -0.720488          0.00031605
                  70           -0.719584           -0.720475          0.00031177
                  71           -0.717704           -0.720436         0.000309816
                  72           -0.722464           -0.720464         0.000306778
                  73           -0.717504           -0.720424         0.000305252
                  74           -0.722296           -0.720449          0.00030216
                  75           -0.718088           -0.720418         0.000299762
                  76           -0.722112            -0.72044          0.00029663
                  77           -0.721248            -0.72045         0.000292941
                  78           -0.725376           -0.720514         0.000295975
                  79            -0.72264           -0.720541         0.000293442
                  80           -0.721136           -0.720548         0.000289846
                  81           -0.724952           -0.720602         0.000291363
                  82           -0.720488           -0.720601         0.000287792
                  83            -0.71968            -0.72059          0.00028452
                  84           -0.724776            -0.72064         0.000285495
                  85           -0.719144           -0.720622         0.000282665
                  86           -0.717832            -0.72059         0.000281236
                  87           -0.717088           -0.720549         0.000280883
                  88            -0.72108           -0.720555         0.000277739
                  89           -0.718952           -0.720537         0.000275191
                  90           -0.722688           -0.720561         0.000273163
                  91            -0.71884           -0.720542         0.000270806
                  92            -0.71936            -0.72053         0.000268154
                  93           -0.718888           -0.720512         0.000265842
                  94            -0.72064           -0.720513         0.000263002
                  95           -0.723632           -0.720546         0.000262282
                  96           -0.718352           -0.720523         0.000260539
                  97           -0.720472           -0.720523          0.00025784
                  98           -0.720456           -0.720522         0.000255196
                  99           -0.725264            -0.72057         0.000257107
                 100           -0.719616            -0.72056         0.000254701
                   1           -0.663408           -0.663408                   0
                   2            -0.66596           -0.664684            0.001276
                   3           -0.664512           -0.664627         0.000738927
                   4           -0.665184           -0.664766         0.000540759
                   5           -0.663408           -0.664494         0.000499218
                   6           -0.662296           -0.664128         0.000548083
                   7             -0.6624           -0.663881         0.000524887
                   8           -0.665456           -0.664078         0.000495361
                   9           -0.660824           -0.663716         0.000567076
                  10           -0.665024           -0.663847         0.000523791
                  11           -0.666408            -0.66408         0.000527892
                  12            -0.66536           -0.664187         0.000493561
                  13           -0.665504           -0.664288         0.000465182
                  14            -0.66272           -0.664176         0.000444999
                  15           -0.668848           -0.664487         0.000518298
                  16            -0.66292            -0.66439         0.000494622
                  17           -0.661312           -0.664208         0.000498638
                  18           -0.665096           -0.664258         0.000472699
                  19           -0.664744           -0.664283         0.000447861
                  20            -0.66536           -0.664337         0.000428274
                  21           -0.663352            -0.66429         0.000410063
                  22           -0.665352           -0.664339         0.000393947
                  23           -0.663768           -0.664314         0.000377246
                  24           -0.666088           -0.664388         0.000368673
                  25           -0.666144           -0.664458          0.00036053
                  26            -0.66408           -0.664443         0.000346691
                  27            -0.66188           -0.664348          0.00034685
                  28             -0.6638           -0.664329         0.000334806
                  29           -0.666704           -0.664411         0.000333275
                  30           -0.666312           -0.664474         0.000328152
                  31            -0.66396           -0.664458         0.000317823
                  32            -0.66584           -0.664501         0.000310749
                  33           -0.661368           -0.664406         0.000315792
                  34           -0.663136           -0.664368         0.000308631
                  35           -0.664656           -0.664377         0.000299796
                  36           -0.664968           -0.664393         0.000291812
                  37            -0.66428            -0.66439         0.000283832
                  38           -0.665328           -0.664415         0.000277362
                  39           -0.667192           -0.664486         0.000279385
                  40           -0.662424           -0.664434         0.000277147
                  41           -0.664296           -0.664431         0.000270324
                  42            -0.66492           -0.664443         0.000264066
                  43           -0.660464            -0.66435          0.00027395
                  44            -0.66616           -0.664391         0.000270794
                  45           -0.663552           -0.664373         0.000265364
                  46           -0.665192            -0.66439         0.000260142
                  47             -0.6604           -0.664306         0.000268333
                  48           -0.663856           -0.664296          0.00026285
                  49           -0.663608           -0.664282         0.000257813
                  50             -0.6656           -0.664308         0.000253975
                  51           -0.665864           -0.664339         0.000250807
                  52            -0.66556           -0.664362         0.000247055
                  53           -0.660432           -0.664288         0.000253441
                  54           -0.670256           -0.664399         0.000272152
                  55           -0.664016           -0.664392         0.000267248
                  56           -0.665672           -0.664415         0.000263426
                  57           -0.661384           -0.664362          0.00026417
                  58            -0.66384           -0.664353         0.000259731
                  59            -0.66552           -0.664372         0.000256056
                  60           -0.666424           -0.664407         0.000254064
                  61           -0.665832            -0.66443         0.000250955
                  62           -0.661016           -0.664375          0.00025294
                  63           -0.660848           -0.664319         0.000255111
                  64           -0.665832           -0.664343         0.000252204
                  65           -0.664168            -0.66434         0.000248308
                  66            -0.66216           -0.664307         0.000246737
                  67           -0.665456           -0.664324         0.000243631
                  68           -0.666304           -0.664353         0.000241782
                  69           -0.664368           -0.664353         0.000238252
                  70           -0.659488           -0.664284         0.000244894
                  71           -0.664032            -0.66428         0.000241446
                  72           -0.663736           -0.664273         0.000238189
                  73           -0.663512           -0.664262         0.000235134
                  74            -0.66548           -0.664279         0.000232518
                  75           -0.663696           -0.664271         0.000229528
                  76           -0.665264           -0.664284         0.000226865
                  77             -0.6628           -0.664265         0.000224727
                  78           -0.664008           -0.664261         0.000221852
                  79           -0.666736           -0.664293         0.000221254
                  80            -0.66488             -0.6643         0.000218594
                  81           -0.662872           -0.664282         0.000216597
                  82           -0.662928           -0.664266         0.000214576
                  83           -0.665992           -0.664287         0.000212993
                  84           -0.664872           -0.664294         0.000210557
                  85           -0.664976           -0.664302          0.00020822
                  86           -0.660928           -0.664263         0.000209491
                  87            -0.66428           -0.664263         0.000207069
                  88            -0.66292           -0.664247          0.00020527
                  89           -0.662416           -0.664227         0.000203991
                  90           -0.663968           -0.664224         0.000201732
                  91           -0.664744            -0.66423         0.000199585
                  92           -0.664968           -0.664238         0.000197567
                  93           -0.662488           -0.664219         0.000196334
                  94           -0.665704           -0.664235         0.000194876
                  95           -0.665256           -0.664245         0.000193113
                  96           -0.665456           -0.664258         0.000191507
                  97           -0.664728           -0.664263         0.000189584
                  98           -0.665624           -0.664277         0.000188153
                  99           -0.665432           -0.664288         0.000186608
                 100           -0.660624           -0.664252         0.000188332
                   1           -0.613336           -0.613336                   0
                   2           -0.610576           -0.611956             0.00138
                   3           -0.614136           -0.612683          0.00107835
                   4           -0.610864           -0.612228         0.000887775
                   5            -0.61212           -0.612206         0.000688007
                   6           -0.608632           -0.611611          0.00081882
                   7           -0.613888           -0.611936         0.000764687
                   8           -0.615856           -0.612426         0.000823808
                   9           -0.613944           -0.612595         0.000745852
                  10             -0.6136           -0.612695         0.000674643
                  11           -0.612768           -0.612702         0.000610273
                  12           -0.613368           -0.612757          0.00055986
                  13           -0.616024           -0.613009          0.00057303
                  14             -0.6114           -0.612894         0.000542823
                  15            -0.61136           -0.612791         0.000515581
                  16           -0.612616            -0.61278         0.000482407
                  17           -0.617168           -0.613039         0.000521486
                  18           -0.615624           -0.613182         0.000512213
                  19           -0.615896           -0.613325         0.000505119
                  20            -0.61404           -0.613361         0.000480529
                  21           -0.613008           -0.613344         0.000457383
                  22           -0.611784           -0.613273         0.000441825
                  23           -0.611704           -0.613205         0.000427655
                  24           -0.614312           -0.613251         0.000412039
                  25            -0.61544           -0.613339         0.000404797
                  26           -0.615848           -0.613435         0.000400714
                  27           -0.613152           -0.613425          0.00038573
                  28           -0.613864            -0.61344          0.00037203
                  29           -0.613696           -0.613449          0.00035908
                  30           -0.615848           -0.613529         0.000356001
                  31           -0.615056           -0.613578         0.000347831
                  32           -0.611288           -0.613507         0.000344307
                  33           -0.611608           -0.613449         0.000338634
                  34             -0.6152           -0.613501         0.000332535
                  35           -0.613864           -0.613511         0.000323061
                  36           -0.616528           -0.613595         0.000324951
                  37           -0.610984           -0.613524         0.000323828
                  38            -0.61324           -0.613517          0.00031528
                  39           -0.614888           -0.613552         0.000309095
                  40             -0.6112           -0.613493         0.000306953
                  41            -0.61156           -0.613446         0.000303064
                  42           -0.614264           -0.613466           0.0002964
                  43             -0.6102            -0.61339         0.000299223
                  44           -0.614672           -0.613419         0.000293792
                  45            -0.61552           -0.613465         0.000290961
                  46           -0.612832           -0.613452         0.000284898
                  47           -0.613248           -0.613447         0.000278804
                  48           -0.614352           -0.613466         0.000273584
                  49           -0.615752           -0.613513         0.000271973
                  50           -0.613504           -0.613513         0.000266478
                  51           -0.612568           -0.613494         0.000261857
                  52           -0.617088           -0.613563          0.00026591
                  53           -0.612632           -0.613546         0.000261436
                  54           -0.611624            -0.61351         0.000259005
                  55           -0.610584           -0.613457         0.000259759
                  56           -0.613448           -0.613457         0.000255078
                  57            -0.61524           -0.613488         0.000252509
                  58           -0.617632           -0.613559           0.0002582
                  59            -0.61208           -0.613534         0.000255021
                  60            -0.60944           -0.613466         0.000259855
                  61            -0.61428           -0.613479         0.000255908
                  62           -0.618744           -0.613564         0.000265681
                  63           -0.616144           -0.613605         0.000264617
                  64            -0.61512           -0.613629         0.000261522
                  65            -0.61408           -0.613636         0.000257561
                  66           -0.616696           -0.613682         0.000257831
                  67           -0.613088           -0.613673         0.000254109
                  68           -0.614864           -0.613691         0.000250956
                  69             -0.6124           -0.613672         0.000247999
                  70           -0.613296           -0.613667         0.000244489
                  71           -0.616512           -0.613707          0.00024433
                  72            -0.61448           -0.613718         0.000241151
                  73            -0.61112           -0.613682         0.000240472
                  74           -0.611864           -0.613658         0.000238469
                  75             -0.6152           -0.613678         0.000236166
                  76            -0.61148           -0.613649         0.000234825
                  77           -0.616456           -0.613686         0.000234605
                  78           -0.610784           -0.613648         0.000234546
                  79           -0.613088           -0.613641         0.000231667
                  80           -0.614536           -0.613652         0.000229026
                  81           -0.611792            -0.61363         0.000227344
                  82           -0.613528           -0.613628         0.000224558
                  83            -0.61256           -0.613615         0.000222209
                  84           -0.612752           -0.613605         0.000219788
                  85           -0.615496           -0.613627         0.000218323
                  86           -0.614624           -0.613639         0.000216081
                  87           -0.615232           -0.613657         0.000214366
                  88           -0.612432           -0.613643         0.000212373
                  89           -0.611256           -0.613617          0.00021168
                  90           -0.613296           -0.613613         0.000209345
                  91           -0.610968           -0.613584         0.000209062
                  92           -0.615352           -0.613603         0.000207668
                  93           -0.613584           -0.613603         0.000205423
                  94           -0.616432           -0.613633         0.000205443
                  95           -0.611936           -0.613615         0.000204052
                  96            -0.61136           -0.613592         0.000203277
                  97           -0.617888           -0.613636         0.000205989
                  98           -0.612096            -0.61362         0.000204481
                  99           -0.613776           -0.613622         0.000202411
                 100           -0.613968           -0.613625         0.000200406
                   1           -0.566832           -0.566832                   0
                   2           -0.570728            -0.56878            0.001948
                   3           -0.568784           -0.568781          0.00112468
                   4           -0.568008           -0.568588         0.000818431
                   5           -0.567696            -0.56841         0.000658577
                   6           -0.568704           -0.568459          0.00053996
                   7           -0.568376           -0.568447         0.000456502
                   8           -0.564488           -0.567952         0.000633387
                   9            -0.56812           -0.567971         0.000558907
                  10           -0.566528           -0.567826         0.000520302
                  11            -0.56712           -0.567762         0.000474992
                  12           -0.567376            -0.56773         0.000434799
                  13           -0.568088           -0.567758         0.000400904
                  14           -0.564824           -0.567548         0.000426227
                  15           -0.568968           -0.567643         0.000407933
                  16           -0.567536           -0.567636         0.000381644
                  17           -0.568368           -0.567679         0.000361069
                  18           -0.568328           -0.567715         0.000342323
                  19           -0.568496           -0.567756         0.000326403
                  20           -0.567392           -0.567738         0.000310188
                  21            -0.56852           -0.567775         0.000297388
                  22           -0.568392           -0.567803         0.000284931
                  23           -0.566704           -0.567755         0.000276424
                  24           -0.570032            -0.56785         0.000281141
                  25           -0.567896           -0.567852         0.000269667
                  26           -0.568856           -0.567891         0.000261949
                  27           -0.566232           -0.567829          0.00025944
                  28           -0.567832           -0.567829         0.000250002
                  29           -0.567872           -0.567831         0.000241232
                  30           -0.568768           -0.567862         0.000235136
                  31            -0.56664           -0.567823         0.000230816
                  32            -0.57068           -0.567912         0.000240664
                  33           -0.568024           -0.567915         0.000233282
                  34           -0.565328           -0.567839         0.000238769
                  35            -0.56788            -0.56784         0.000231849
                  36           -0.571448           -0.567941         0.000246596
                  37           -0.567128           -0.567919         0.000240842
                  38           -0.572848           -0.568048         0.000267916
                  39           -0.566784           -0.568016         0.000262962
                  40           -0.568832           -0.568036         0.000257115
                  41           -0.568936           -0.568058         0.000251723
                  42           -0.568344           -0.568065         0.000245751
                  43           -0.572176           -0.568161          0.00025831
                  44           -0.570056           -0.568204         0.000256021
                  45           -0.568392           -0.568208         0.000250301
                  46           -0.569808           -0.568243         0.000247258
                  47           -0.567528           -0.568228         0.000242418
                  48            -0.56652           -0.568192         0.000239965
                  49           -0.566664           -0.568161         0.000237077
                  50           -0.566192           -0.568121         0.000235601
                  51             -0.5682           -0.568123          0.00023094
                  52           -0.569032            -0.56814         0.000227129
                  53           -0.569328           -0.568163         0.000223926
                  54           -0.570488           -0.568206         0.000223919
                  55            -0.56536           -0.568154         0.000225819
                  56           -0.570376           -0.568194         0.000225271
                  57           -0.567864           -0.568188         0.000221359
                  58           -0.569552           -0.568212         0.000218777
                  59           -0.569432           -0.568232         0.000216029
                  60           -0.570208           -0.568265         0.000214935
                  61           -0.566864           -0.568242         0.000212627
                  62           -0.568352           -0.568244         0.000209177
                  63           -0.565896           -0.568207         0.000209177
                  64            -0.56852           -0.568212         0.000205941
                  65           -0.568872           -0.568222         0.000203002
                  66           -0.572032            -0.56828         0.000208072
                  67           -0.571096           -0.568322          0.00020921
                  68            -0.56984           -0.568344         0.000207316
                  69           -0.568936           -0.568352          0.00020447
                  70           -0.567776           -0.568344         0.000201696
                  71            -0.56632           -0.568316         0.000200868
                  72           -0.568792           -0.568322         0.000198169
                  73             -0.5708           -0.568356         0.000198361
                  74           -0.568992           -0.568365          0.00019585
                  75           -0.568056           -0.568361         0.000193265
                  76           -0.572416           -0.568414          0.00019803
                  77           -0.568272           -0.568412          0.00019545
                  78            -0.56692           -0.568393         0.000193874
                  79           -0.569312           -0.568405         0.000191757
                  80           -0.571376           -0.568442         0.000192953
                  81           -0.567024           -0.568424         0.000191358
                  82           -0.570136           -0.568445         0.000190159
                  83           -0.568232           -0.568443         0.000187872
                  84           -0.569424           -0.568454         0.000185989
                  85            -0.56944           -0.568466         0.000184153
                  86           -0.569528           -0.568478         0.000182418
                  87           -0.571344           -0.568511         0.000183293
                  88           -0.568616           -0.568512         0.000181202
                  89            -0.56884           -0.568516         0.000179192
                  90           -0.567816           -0.568508         0.000177361
                  91           -0.568792           -0.568511         0.000175429
                  92           -0.569584           -0.568523         0.000173902
                  93           -0.566904           -0.568506         0.000172901
                  94           -0.567616           -0.568496         0.000171314
                  95           -0.563584           -0.568445         0.000177212
                  96           -0.568584           -0.568446         0.000175363
                  97           -0.566664           -0.568428         0.000174515
                  98           -0.568104           -0.568424         0.000172757
                  99           -0.566904           -0.568409         0.000171691
                 100           -0.569048           -0.568415         0.000170085
                   1           -0.527904           -0.527904                   0
                   2           -0.528584           -0.528244             0.00034
                   3           -0.527936           -0.528141         0.000221526
                   4           -0.527024           -0.527862         0.000320256
                   5           -0.527984           -0.527886         0.000249266
                   6           -0.529232           -0.528111          0.00030285
                   7           -0.529856            -0.52836         0.000357323
                   8            -0.53056           -0.528635         0.000413987
                   9           -0.529704           -0.528754         0.000383937
                  10           -0.529016            -0.52878         0.000344403
                  11           -0.528496           -0.528754         0.000312593
                  12             -0.5282           -0.528708          0.00028907
                  13           -0.527312           -0.528601          0.00028677
                  14           -0.528864           -0.528619         0.000266163
                  15           -0.528272           -0.528596         0.000248865
                  16           -0.525584           -0.528408         0.000299393
                  17           -0.529424           -0.528468         0.000287511
                  18           -0.527176           -0.528396         0.000280407
                  19           -0.529888           -0.528475         0.000276619
                  20           -0.528872           -0.528494         0.000263175
                  21           -0.530592           -0.528594         0.000269522
                  22           -0.530816           -0.528695         0.000276109
                  23           -0.526264            -0.52859          0.00028422
                  24           -0.530048            -0.52865         0.000278823
                  25            -0.52592           -0.528541         0.000288878
                  26           -0.525696           -0.528432         0.000298338
                  27           -0.530376           -0.528504          0.00029597
                  28           -0.528984           -0.528521         0.000285719
                  29           -0.530352           -0.528584         0.000282829
                  30            -0.52772           -0.528555         0.000274753
                  31           -0.527896           -0.528534         0.000266591
                  32           -0.525536            -0.52844         0.000274602
                  33           -0.528392           -0.528439         0.000266154
                  34           -0.528816            -0.52845         0.000258446
                  35           -0.528648           -0.528456         0.000251017
                  36           -0.524832           -0.528355         0.000263894
                  37           -0.527784           -0.528339         0.000257126
                  38            -0.52896           -0.528356           0.0002508
                  39           -0.530272           -0.528405         0.000249177
                  40           -0.531304           -0.528477         0.000253452
                  41           -0.528136           -0.528469         0.000247333
                  42            -0.52988           -0.528503         0.000243699
                  43            -0.52696           -0.528467         0.000240653
                  44           -0.528672           -0.528471         0.000235166
                  45           -0.528616           -0.528475         0.000229903
                  46           -0.528056           -0.528466         0.000225034
                  47           -0.528992           -0.528477         0.000220479
                  48           -0.528504           -0.528477         0.000215837
                  49           -0.527032           -0.528448         0.000213435
                  50             -0.5282           -0.528443         0.000209181
                  51           -0.527792            -0.52843         0.000205435
                  52           -0.530304           -0.528466         0.000204644
                  53            -0.53048           -0.528504          0.00020431
                  54           -0.531248           -0.528555         0.000206829
                  55            -0.52928           -0.528568         0.000203461
                  56             -0.5264           -0.528529         0.000203512
                  57           -0.530112           -0.528557         0.000201828
                  58           -0.528048           -0.528548         0.000198512
                  59           -0.527848           -0.528537         0.000195479
                  60           -0.524472           -0.528469         0.000203783
                  61           -0.528936           -0.528476         0.000200561
                  62            -0.52916           -0.528487         0.000197607
                  63            -0.53028           -0.528516         0.000196516
                  64           -0.528128            -0.52851         0.000193516
                  65           -0.529808            -0.52853         0.000191559
                  66           -0.530256           -0.528556         0.000190439
                  67           -0.528096           -0.528549         0.000187701
                  68           -0.526944           -0.528526          0.00018642
                  69           -0.530208            -0.52855          0.00018531
                  70           -0.534152            -0.52863         0.000199408
                  71           -0.528776           -0.528632          0.00019659
                  72           -0.533624           -0.528701         0.000205867
                  73           -0.527256           -0.528682          0.00020399
                  74           -0.528464           -0.528679         0.000201236
                  75           -0.528696           -0.528679         0.000198535
                  76           -0.529448           -0.528689         0.000196167
                  77           -0.529976           -0.528706         0.000194322
                  78           -0.530968           -0.528735         0.000193995
                  79           -0.528624           -0.528733         0.000191529
                  80           -0.528368           -0.528729         0.000189175
                  81           -0.524256           -0.528673         0.000194814
                  82            -0.52856           -0.528672         0.000192429
                  83           -0.529896           -0.528687         0.000190667
                  84           -0.526504           -0.528661         0.000190168
                  85           -0.528032           -0.528653         0.000188063
                  86           -0.529536           -0.528664         0.000186146
                  87           -0.531336           -0.528694          0.00018654
                  88           -0.530576           -0.528716         0.000185644
                  89             -0.5286           -0.528715         0.000183551
                  90            -0.53232           -0.528755         0.000185868
                  91            -0.53064           -0.528775         0.000184978
                  92           -0.529504           -0.528783         0.000183128
                  93            -0.52864           -0.528782         0.000181155
                  94           -0.528448           -0.528778         0.000179252
                  95           -0.530464           -0.528796         0.000178241
                  96           -0.527664           -0.528784         0.000176768
                  97             -0.5294            -0.52879         0.000175052
                  98            -0.52816           -0.528784         0.000173376
                  99            -0.53152           -0.528812         0.000173826
                 100            -0.52844           -0.528808          0.00017212
                   1           -0.495288           -0.495288                   0
                   2           -0.493984           -0.494636            0.000652
                   3           -0.494216           -0.494496         0.000401623
                   4           -0.495904           -0.494848         0.000452277
                   5           -0.487928           -0.493464          0.00142765
                   6           -0.498336           -0.494276          0.00142061
                   7           -0.494472           -0.494304          0.00120096
                   8           -0.491056           -0.493898           0.0011165
                   9           -0.495376           -0.494062          0.00099826
                  10           -0.493112           -0.493967         0.000897913
                  11           -0.496256           -0.494175         0.000838422
                  12           -0.492584           -0.494043         0.000776773
                  13           -0.497752           -0.494328         0.000769392
                  14           -0.494416           -0.494334         0.000712347
                  15           -0.495632           -0.494421         0.000668778
                  16           -0.491024           -0.494208         0.000660627
                  17           -0.490736           -0.494004         0.000653305
                  18           -0.491392           -0.493859         0.000632807
                  19           -0.495408           -0.493941         0.000604101
                  20             -0.4962           -0.494054         0.000584129
                  21           -0.494336           -0.494067          0.00055578
                  22           -0.494728           -0.494097         0.000530767
                  23            -0.49464           -0.494121         0.000507714
                  24           -0.491088           -0.493994         0.000502255
                  25           -0.494072           -0.493997         0.000481756
                  26           -0.493032            -0.49396         0.000464343
                  27           -0.492632           -0.493911         0.000449515
                  28           -0.495584           -0.493971         0.000437264
                  29           -0.492304           -0.493913         0.000425814
                  30           -0.490128           -0.493787         0.000430291
                  31            -0.49284           -0.493757           0.0004173
                  32           -0.490272           -0.493648         0.000418466
                  33            -0.49372            -0.49365         0.000405593
                  34           -0.495536           -0.493705         0.000397374
                  35           -0.489808           -0.493594           0.0004016
                  36            -0.49296           -0.493576         0.000390682
                  37           -0.492848           -0.493557         0.000380486
                  38           -0.490928           -0.493488         0.000376744
                  39           -0.492448           -0.493461         0.000367923
                  40            -0.49352           -0.493462          0.00035861
                  41           -0.491088           -0.493404         0.000354517
                  42           -0.488976           -0.493299         0.000361683
                  43             -0.4948           -0.493334         0.000354893
                  44           -0.493144            -0.49333          0.00034676
                  45           -0.492648           -0.493314         0.000339305
                  46           -0.493984           -0.493329         0.000332166
                  47           -0.493304           -0.493329         0.000325022
                  48           -0.493728           -0.493337         0.000318288
                  49           -0.493336           -0.493337         0.000311724
                  50            -0.49044           -0.493279         0.000310873
                  51           -0.493864            -0.49329         0.000304932
                  52           -0.493448           -0.493293         0.000299026
                  53           -0.494088           -0.493308         0.000293712
                  54           -0.492352           -0.493291         0.000288766
                  55           -0.490376           -0.493238         0.000288378
                  56           -0.493192           -0.493237         0.000283182
                  57           -0.495424           -0.493275         0.000280804
                  58           -0.494816           -0.493302         0.000277196
                  59            -0.49112           -0.493265         0.000274955
                  60            -0.49116            -0.49323           0.0002726
                  61           -0.494048           -0.493243          0.00026843
                  62           -0.494504           -0.493263         0.000264847
                  63           -0.495488           -0.493299          0.00026299
                  64           -0.491976           -0.493278         0.000259672
                  65           -0.492216           -0.493262         0.000256168
                  66           -0.495536           -0.493296         0.000254599
                  67           -0.492248           -0.493281         0.000251258
                  68           -0.495344           -0.493311         0.000249388
                  69            -0.49412           -0.493323         0.000246027
                  70           -0.492808           -0.493315         0.000242598
                  71            -0.49392           -0.493324         0.000239308
                  72           -0.493592           -0.493328         0.000235991
                  73            -0.49388           -0.493335         0.000232859
                  74            -0.49416           -0.493346         0.000229961
                  75           -0.493184           -0.493344         0.000226884
                  76           -0.491472           -0.493319          0.00022523
                  77             -0.4924           -0.493308         0.000222606
                  78           -0.492584           -0.493298         0.000219929
                  79           -0.493928           -0.493306         0.000217274
                  80           -0.495472           -0.493333         0.000216242
                  81            -0.49608           -0.493367         0.000216231
                  82           -0.494024           -0.493375         0.000213728
                  83           -0.493328           -0.493375         0.000211138
                  84           -0.490368           -0.493339         0.000211658
                  85           -0.493592           -0.493342         0.000209174
                  86           -0.492552           -0.493333         0.000206932
                  87           -0.492568           -0.493324         0.000204728
                  88           -0.492048           -0.493309         0.000202907
                  89           -0.490624           -0.493279          0.00020287
                  90           -0.490008           -0.493243          0.00020387
                  91           -0.494448           -0.493256         0.000202051
                  92           -0.492168           -0.493244         0.000200193
                  93           -0.492376           -0.493235         0.000198248
                  94           -0.492096           -0.493223         0.000196502
                  95           -0.495032           -0.493242         0.000195353
                  96            -0.49476           -0.493258         0.000193953
                  97           -0.493504            -0.49326          0.00019196
                  98           -0.495712           -0.493285         0.000191631
                  99           -0.495416           -0.493307         0.000190903
                 100            -0.49104           -0.493284         0.000190339
                   1           -0.456184           -0.456184                   0
                   2           -0.460232           -0.458208            0.002024
                   3           -0.463328           -0.459915          0.00206839
                   4           -0.463624           -0.460842          0.00173178
                   5           -0.463504           -0.461374          0.00144322
                   6           -0.464144           -0.461836          0.00126557
                   7           -0.460128           -0.461592          0.00109708
                   8           -0.462616            -0.46172         0.000958682
                   9           -0.464792           -0.462061          0.00091178
                  10           -0.462376           -0.462093         0.000816127
                  11            -0.46156           -0.462044         0.000739802
                  12           -0.458432           -0.461743         0.000739398
                  13           -0.459552           -0.461575         0.000700724
                  14           -0.462248           -0.461623         0.000650524
                  15           -0.460728           -0.461563         0.000608536
                  16           -0.460568           -0.461501         0.000572622
                  17           -0.459904           -0.461407         0.000546026
                  18           -0.462344           -0.461459         0.000517423
                  19           -0.462352           -0.461506         0.000491684
                  20           -0.464352           -0.461648         0.000487674
                  21           -0.462336           -0.461681         0.000465025
                  22           -0.463792           -0.461777         0.000453646
                  23           -0.461768           -0.461777         0.000433474
                  24           -0.460648            -0.46173         0.000417676
                  25           -0.464944           -0.461858         0.000420747
                  26           -0.462328           -0.461876         0.000404644
                  27           -0.463576           -0.461939         0.000394425
                  28           -0.461456           -0.461922         0.000380469
                  29           -0.459352           -0.461833          0.00037766
                  30           -0.463232            -0.46188         0.000367821
                  31             -0.4616           -0.461871         0.000355873
                  32            -0.46376            -0.46193         0.000349592
                  33           -0.463496           -0.461977          0.00034214
                  34           -0.460456           -0.461933         0.000334927
                  35            -0.46208           -0.461937         0.000325245
                  36           -0.459416           -0.461867         0.000323745
                  37           -0.463848            -0.46192         0.000319393
                  38           -0.463104           -0.461952         0.000312431
                  39            -0.46196           -0.461952         0.000304315
                  40           -0.465864            -0.46205         0.000312319
                  41           -0.460744           -0.462018         0.000306266
                  42           -0.464528           -0.462078         0.000304802
                  43           -0.464992           -0.462145         0.000305249
                  44           -0.460808           -0.462115         0.000299776
                  45            -0.46172           -0.462106          0.00029317
                  46           -0.461256           -0.462088         0.000287321
                  47           -0.463904           -0.462126         0.000283785
                  48           -0.465352           -0.462193         0.000285822
                  49           -0.461896           -0.462187         0.000279994
                  50           -0.464944           -0.462243         0.000279822
                  51           -0.458152           -0.462162         0.000285767
                  52           -0.463032           -0.462179         0.000280716
                  53           -0.461688            -0.46217         0.000275525
                  54           -0.462136           -0.462169         0.000270375
                  55           -0.463528           -0.462194         0.000266561
                  56            -0.45908           -0.462138         0.000267599
                  57           -0.457864           -0.462063         0.000273349
                  58           -0.461152           -0.462048         0.000269054
                  59           -0.461856           -0.462044         0.000264474
                  60           -0.460824           -0.462024         0.000260823
                  61           -0.463088           -0.462041         0.000257104
                  62           -0.463288           -0.462062         0.000253721
                  63           -0.462368           -0.462066         0.000249709
                  64             -0.4606           -0.462043         0.000246842
                  65           -0.462744           -0.462054         0.000243253
                  66           -0.461368           -0.462044         0.000239765
                  67           -0.463272           -0.462062         0.000236869
                  68           -0.463008           -0.462076         0.000233774
                  69           -0.465496           -0.462126         0.000235633
                  70             -0.4652            -0.46217         0.000236359
                  71           -0.458968           -0.462125         0.000237329
                  72           -0.461048            -0.46211         0.000234487
                  73           -0.462496           -0.462115         0.000231313
                  74           -0.460984             -0.4621         0.000228677
                  75           -0.461072           -0.462086         0.000226023
                  76           -0.457248           -0.462022         0.000231935
                  77            -0.46472           -0.462057         0.000231569
                  78           -0.461848           -0.462055         0.000228597
                  79           -0.460456           -0.462034          0.00022659
                  80             -0.4586           -0.461991         0.000227821
                  81           -0.462704              -0.462         0.000225163
                  82           -0.461744           -0.461997         0.000222422
                  83           -0.460488           -0.461979         0.000220477
                  84           -0.463584           -0.461998         0.000218673
                  85           -0.463232           -0.462013         0.000216572
                  86            -0.46116           -0.462003         0.000214268
                  87           -0.461552           -0.461997         0.000211854
                  88           -0.462168           -0.461999         0.000209442
                  89           -0.459648           -0.461973         0.000208754
                  90           -0.463352           -0.461988         0.000206989
                  91           -0.461656           -0.461985         0.000204735
                  92           -0.464064           -0.462007         0.000203754
                  93           -0.464744           -0.462037         0.000203689
                  94            -0.46244           -0.462041         0.000201556
                  95           -0.462848           -0.462049         0.000199604
                  96           -0.459544           -0.462023          0.00019923
                  97            -0.46092           -0.462012         0.000197494
                  98           -0.462104           -0.462013          0.00019547
                  99           -0.462072           -0.462013         0.000193487
                 100           -0.461968           -0.462013         0.000191543
