                   1             3904.19             78.0839                   0
                   2             3854.33             77.5852            0.498624
                   3              3783.4             76.9462             0.70092
                   4             3905.72             77.2382            0.575266
                   5             4152.66             78.4012             1.24542
                   6             4161.74             79.2068             1.29733
                   7             3819.92             78.8056             1.16754
                   8             4275.22             79.6429             1.31282
                   9             4032.94             79.7558             1.16329
                  10             4002.44             79.7851             1.04089
                  11             3798.74             79.4387             1.00322
                  12             3734.82             79.0435            0.997439
                  13             3730.35             78.7022            0.978922
                  14             4382.18             79.3409             1.10873
                  15              4266.3             79.7399             1.10661
                  16              4089.5             79.8681             1.04304
                  17             3922.99             79.7852            0.983263
                  18             4066.26             79.8708            0.930969
                  19             3914.23             79.7873            0.884557
                  20             4148.25             79.9462            0.854073
                  21             4191.87             80.1315             0.83325
                  22             4158.16             80.2693            0.806336
                  23             3950.23             80.2143             0.77244
                  24             4120.55             80.3058            0.745198
                  25             3767.77             80.1078             0.74169
                  26             3957.86             80.0712             0.71353
                  27             4201.64              80.218            0.702098
                  28              3951.8             80.1757            0.677874
                  29             4063.66             80.2136            0.655175
                  30             3770.89             80.0537            0.652835
                  31             4057.86             80.0893            0.632427
                  32             3402.86             79.7133            0.718573
                  33              4174.1             79.8275            0.705759
                  34             3950.85             79.8037            0.685102
                  35             4171.44             79.9073            0.673254
                  36             4506.42             80.1912            0.713233
                  37             4049.95              80.213            0.694032
                  38             4165.74             80.2946            0.680435
                  39             3667.84             80.1167            0.686218
                  40             4010.15             80.1189            0.668846
                  41             3581.35             79.9118             0.68442
                  42             4379.75             80.0947            0.692523
                  43             4067.31             80.1238            0.676852
                  44             3887.02             80.0697            0.663505
                  45             3999.65             80.0679            0.648595
                  46             4086.58             80.1041            0.635369
                  47             4056.51             80.1259            0.622087
                  48             4110.37             80.1693             0.61053
                  49             3869.54             80.1126            0.600623
                  50             3940.49             80.0865            0.589065
                  51             3916.46             80.0521            0.578426
                  52             4246.34             80.1458            0.574889
                  53             3714.42             80.0353            0.574665
                  54             4146.26             80.0888            0.566456
                  55             3802.96             80.0156            0.560868
                  56             3947.24             79.9964            0.551093
                  57             4026.81             80.0059            0.541421
                  58             4211.22             80.0786            0.536954
                  59             3482.33             79.9018            0.556604
                  60             3565.92             79.7588            0.565638
                  61             3514.32             79.6035            0.577555
                  62              4019.8             79.6163            0.568307
                  63             4032.66             79.6327            0.559455
                  64             4250.36             79.7167            0.557011
                  65             3517.18             79.5725            0.567017
                  66             3763.68             79.5074            0.562146
                  67             4030.71             79.5239            0.553939
                  68             3854.18              79.488            0.546911
                  69             3936.98             79.4772            0.539035
                  70             3340.55             79.2962            0.561247
                  71             4123.64             79.3409            0.555092
                  72             3867.71             79.3134            0.548023
                  73             3639.46              79.224            0.547803
                  74             3641.59             79.1376            0.547211
                  75              3828.3             79.1033            0.540953
                  76              3789.5             79.0597            0.535565
                  77             3838.68               79.03            0.529397
                  78             4225.46             79.1003            0.527266
                  79             3776.81             79.0552              0.5225
                  80             3983.38             79.0628            0.515985
                  81             3867.49             79.0417            0.510013
                  82              3677.3             78.9746            0.508194
                  83             4184.18             79.0314            0.505229
                  84              4342.6             79.1245            0.507786
                  85             4313.19             79.2085            0.508758
                  86             3990.19             79.2154            0.502855
                  87             4011.08              79.227            0.497176
                  88             4220.39             79.2858            0.495007
                  89              3515.1             79.1849            0.499715
                  90             4009.71             79.1961            0.494259
                  91             3950.88             79.1941            0.488801
                  92             3802.21             79.1599             0.48467
                  93             4072.96             79.1846            0.480067
                  94             4152.25             79.2257            0.476705
                  95             4263.74             79.2894            0.475939
                  96             4155.71             79.3292            0.472637
                  97             3708.46              79.276            0.470755
                  98             3814.68             79.2456            0.466919
                  99             3884.51             79.2299            0.462446
                 100             3565.87             79.1508            0.464585
                   1             1709.55             34.1909                   0
                   2             1586.87             32.9641             1.22678
                   3             1614.26             32.7378            0.743565
                   4              1329.8             31.2023             1.62297
                   5             1439.27              30.719             1.34688
                   6             1606.07             30.9527             1.12429
                   7             1594.01             31.0852             0.95939
                   8              1785.9             31.6643             1.01276
                   9             1673.48             31.8649            0.915413
                  10             1491.47             31.6613            0.843695
                  11             1618.36             31.7255            0.765844
                  12             1819.34              32.114            0.799784
                  13             1777.03             32.3776             0.78149
                  14             1607.92             32.3619            0.723688
                  15             1624.65             32.3706            0.673774
                  16             1723.85             32.5023             0.64386
                  17             1529.76             32.3901            0.615117
                  18             1771.92             32.5595            0.604159
                  19             1740.16             32.6776            0.583551
                  20             1702.55             32.7462            0.557848
                  21             1766.74             32.8695            0.544747
                  22              1421.2             32.6674            0.557318
                  23             1677.89             32.7061             0.53394
                  24             1906.75             32.9323             0.55902
                  25             1346.58             32.6923            0.587465
                  26             1679.54             32.7269            0.565476
                  27             1413.69             32.5619            0.568575
                  28              1594.6              32.538            0.548414
                  29             1581.12             32.5064            0.530107
                  30             1470.41             32.4032            0.522442
                  31             1743.89              32.483            0.511574
                  32             1675.19             32.5149            0.496355
                  33             1579.52             32.4869            0.481894
                  34             1547.33             32.4416            0.469696
                  35             1682.81             32.4763            0.457397
                  36             1676.91             32.5058            0.445488
                  37             1708.57             32.5508            0.435613
                  38             1532.11             32.5006            0.426959
                  39             1682.44               32.53            0.416908
                  40             1551.38             32.4924            0.408084
                  41             1790.14             32.5732            0.406113
                  42              1764.6             32.6379            0.401577
                  43             1762.38             32.6986            0.396796
                  44             1325.88             32.5581            0.412339
                  45             1486.93             32.4955            0.407913
                  46             1571.84             32.4724             0.39961
                  47             1473.93             32.4087             0.39617
                  48             1868.95             32.5123            0.401414
                  49             1694.92             32.5406            0.394153
                  50              1621.4             32.5383            0.386196
                  51             1576.61             32.5186            0.379061
                  52             1800.56             32.5858             0.37772
                  53             1827.98             32.6607            0.378034
                  54             1340.73             32.5525            0.386443
                  55             1651.41             32.5611             0.37945
                  56             1529.04             32.5258            0.374287
                  57             1448.72             32.4635            0.372903
                  58             1801.52              32.525            0.371543
                  59             1806.53             32.5861            0.370269
                  60              1537.6             32.5555            0.365327
                  61             1706.99             32.5815            0.360225
                  62             1868.33             32.6587            0.362675
                  63             1617.97             32.6539            0.356903
                  64                1587             32.6396            0.351572
                  65             1524.22             32.6065            0.347706
                  66             1484.66             32.5623            0.345231
                  67             1605.97             32.5557            0.340103
                  68             1823.07             32.6132            0.339952
                  69             1673.92             32.6257            0.335223
                  70             1682.52             32.6403            0.330724
                  71             1590.38             32.6286            0.326243
                  72             1545.54             32.6048            0.322564
                  73             1565.16             32.5869            0.318614
                  74             1589.87             32.5763             0.31446
                  75             1442.55             32.5266             0.31419
                  76             1532.52             32.5019            0.311009
                  77             1606.47             32.4971            0.306982
                  78             1623.17             32.4966            0.303021
                  79             1824.51             32.5472            0.303402
                  80             1419.94             32.4953             0.30404
                  81             1557.24             32.4787            0.300725
                  82                1590             32.4704             0.29715
                  83             1628.45             32.4716            0.293551
                  84             1590.58             32.4637            0.290142
                  85             1595.86             32.4573             0.28678
                  86             1652.96             32.4643            0.283512
                  87             1546.49             32.4466            0.280789
                  88              1737.1             32.4727            0.278802
                  89             1680.75             32.4856            0.275951
                  90             1692.89             32.5008            0.273293
                  91             1576.21             32.4901            0.270486
                  92             1912.39             32.5527            0.274752
                  93             1787.08             32.5869            0.273937
                  94             1937.24             32.6525            0.278812
                  95             1666.08             32.6595            0.275951
                  96             1463.23             32.6241            0.275342
                  97             1799.87             32.6589            0.274699
                  98             1587.99             32.6497            0.272036
                  99             1739.83             32.6714            0.270146
                 100             1464.97             32.6377            0.269548
                   1             816.209             16.3242                   0
                   2             772.695              15.889             0.43513
                   3             776.273             15.7678            0.278929
                   4             794.463             15.7982            0.199554
                   5             727.554             15.5488            0.293435
                   6             741.777             15.4299            0.267457
                   7             785.587             15.4702              0.2296
                   8             810.966             15.5638            0.219788
                   9             853.414              15.731            0.255961
                  10             751.988             15.6619            0.239145
                  11             683.977             15.4816            0.281545
                  12             721.995             15.3948             0.27128
                  13             797.001             15.4368            0.253041
                  14             637.647             15.2451            0.302709
                  15             776.047             15.2635            0.282406
                  16             758.428             15.2575            0.264233
                  17             711.517             15.1971            0.255453
                  18             831.259             15.2764            0.253574
                  19             670.455             15.1782            0.259212
                  20             751.977             15.1712            0.246008
                  21             852.557             15.2607            0.250539
                  22              769.27             15.2664            0.238946
                  23             831.885              15.326            0.235977
                  24             773.057             15.3317            0.226001
                  25             751.947               15.32            0.217089
                  26             698.949             15.2684            0.214854
                  27             822.093             15.3118            0.211263
                  28             806.948             15.3414             0.20571
                  29             775.988             15.3475            0.198585
                  30             801.108               15.37            0.193165
                  31             827.851             15.4083            0.190713
                  32             878.763              15.476            0.196682
                  33             693.238             15.4272            0.196783
                  34             673.713             15.3698            0.199361
                  35             729.425             15.3474            0.194864
                  36             776.694             15.3526            0.189445
                  37             733.168              15.334            0.185193
                  38             808.738             15.3561            0.181606
                  39             759.291             15.3517            0.176942
                  40             798.026              15.367            0.173132
                  41             707.975             15.3375            0.171406
                  42             795.933             15.3514            0.167846
                  43             701.638             15.3207             0.16674
                  44             704.581             15.2928            0.165284
                  45             818.795             15.3168            0.163353
                  46             752.899             15.3112            0.159861
                  47             777.329             15.3162            0.156503
                  48             663.059             15.2734            0.159077
                  49             785.891             15.2825            0.156061
                  50             767.563             15.2838            0.152914
                  51             785.658             15.2923            0.150122
                  52             705.853             15.2697            0.148931
                  53             814.896             15.2891            0.147377
                  54             859.866             15.3244            0.148877
                  55             773.597             15.3271            0.146169
                  56             775.727             15.3304            0.143575
                  57             711.542             15.3111            0.142346
                  58             741.465             15.3028            0.140117
                  59             766.034             15.3031            0.137722
                  60             763.872             15.3027            0.135408
                  61               732.8             15.2921            0.133591
                  62             741.952             15.2848            0.131622
                  63             758.488              15.283            0.129528
                  64             758.271             15.2811            0.127502
                  65             728.357             15.2701            0.126005
                  66             811.431             15.2847            0.124928
                  67             801.381             15.2958            0.123548
                  68             690.148             15.2738            0.123681
                  69             852.106             15.2994            0.124541
                  70             701.955             15.2814            0.124062
                  71             679.403             15.2576            0.124606
                  72              754.29             15.2552            0.122886
                  73             737.188             15.2482            0.121394
                  74             752.378             15.2455            0.119773
                  75             741.209             15.2399            0.118298
                  76             791.213             15.2475            0.116984
                  77              846.31             15.2693            0.117495
                  78             723.876             15.2592            0.116423
                  79             743.444             15.2543            0.115046
                  80             831.155             15.2714             0.11488
                  81              790.13             15.2779            0.113642
                  82             838.486             15.2961            0.113712
                  83             798.097             15.3041             0.11262
                  84             718.908             15.2931            0.111816
                  85             749.136             15.2895            0.110553
                  86             637.182             15.2599            0.113199
                  87             779.586             15.2637            0.111956
                  88             727.921             15.2557            0.110966
                  89             696.729             15.2408            0.110711
                  90             691.075              15.225            0.110604
                  91             716.124             15.2151            0.109831
                  92             796.864              15.223            0.108914
                  93             729.251             15.2161            0.107955
                  94             792.648             15.2229            0.107015
                  95             733.226              15.217            0.106045
                  96             717.019             15.2079            0.105331
                  97              710.91             15.1977            0.104738
                  98             765.376             15.1988             0.10367
                  99             771.616             15.2012            0.102644
                 100             730.662             15.1953            0.101783
                   1             444.408             8.88817                   0
                   2             436.108             8.80517           0.0830021
                   3             388.071             8.45725            0.351202
                   4             404.854             8.36721            0.264157
                   5             438.549             8.44796            0.219974
                   6             433.201             8.48397            0.183183
                   7             447.843             8.55153            0.168915
                   8             445.386             8.59605            0.152911
                   9             431.868             8.60064            0.134933
                  10             377.979             8.49654            0.159385
                  11             472.985              8.5841            0.168676
                  12             411.517             8.55462            0.156776
                  13             437.151             8.56911            0.144939
                  14             454.779             8.60671            0.139357
                  15              467.19             8.65585            0.138729
                  16             415.325             8.63402            0.131593
                  17             431.715             8.63403             0.12361
                  18             455.408             8.66038             0.11948
                  19             428.757             8.65589            0.113106
                  20             414.583             8.63768            0.108836
                  21             417.637             8.62411            0.104409
                  22             427.565              8.6208           0.0996055
                  23             428.739              8.6188           0.0951974
                  24             479.645             8.65939           0.0997732
                  25             375.415             8.61334            0.106199
                  26              424.47             8.60858            0.102144
                  27             452.824             8.62517           0.0996785
                  28             423.109             8.61934           0.0962288
                  29             435.209             8.62227           0.0928974
                  30             446.426             8.63248           0.0903261
                  31             422.943             8.62688           0.0875431
                  32             426.783             8.62403           0.0848112
                  33             431.414             8.62416           0.0822011
                  34             432.926             8.62517           0.0797532
                  35             404.762             8.61003           0.0789072
                  36             456.052             8.62422           0.0779868
                  37             432.541             8.62494           0.0758531
                  38             470.413             8.64555           0.0766538
                  39             453.681             8.65653           0.0754649
                  40             417.412             8.64882           0.0739568
                  41              443.97             8.65445           0.0723494
                  42             412.731             8.64493           0.0712446
                  43             463.786              8.6596           0.0710979
                  44             435.436             8.66071           0.0694722
                  45             407.856             8.64952           0.0688267
                  46             388.841             8.63055           0.0699363
                  47             424.753             8.62767           0.0684928
                  48             398.655             8.61403           0.0684234
                  49             426.821             8.61245           0.0670311
                  50             407.617             8.60325           0.0663184
                  51              407.49             8.59435           0.0656102
                  52             429.569              8.5943           0.0643361
                  53             441.246             8.59865           0.0632604
                  54             432.712             8.59968           0.0620864
                  55             440.085             8.60335           0.0610577
                  56             403.083             8.59368           0.0607327
                  57             416.702             8.58912           0.0598314
                  58              404.18             8.58041           0.0594333
                  59             421.967             8.57802           0.0584662
                  60             436.485             8.58054           0.0575391
                  61             403.051             8.57203           0.0572253
                  62             436.061             8.57443           0.0563461
                  63             436.829             8.57701           0.0555042
                  64             433.485             8.57846           0.0546493
                  65             457.822             8.58735           0.0545318
                  66             423.685             8.58563           0.0537268
                  67             403.734               8.578           0.0534655
                  68              444.01             8.58244           0.0528605
                  69             430.489             8.58284           0.0520903
                  70             411.459             8.57779           0.0515888
                  71             435.139             8.57955           0.0508874
                  72             435.792             8.58144           0.0502114
                  73             448.739             8.58683            0.049811
                  74             385.807             8.57506           0.0505225
                  75             418.704             8.57238           0.0499163
                  76             418.195             8.56964           0.0493315
                  77             424.103              8.5685           0.0486999
                  78             412.808              8.5645            0.048238
                  79             425.091              8.5637             0.04763
                  80             420.398             8.56176           0.0470712
                  81              409.42             8.55715           0.0467144
                  82              452.87             8.56325           0.0465427
                  83             398.824             8.55618           0.0465189
                  84               432.9             8.55739           0.0459777
                  85             447.574             8.56203           0.0456696
                  86             450.742             8.56729           0.0454415
                  87             399.264              8.5606           0.0454116
                  88             441.728             8.56372           0.0450004
                  89             445.208             8.56754            0.044656
                  90             415.827             8.56475           0.0442451
                  91             407.074              8.5601           0.0440027
                  92             421.547              8.5587           0.0435444
                  93              434.55             8.56012           0.0430971
                  94             416.776             8.55773           0.0427031
                  95             435.922             8.55942            0.042285
                  96             416.267             8.55698           0.0419132
                  97             385.765             8.54831           0.0423768
                  98             425.752             8.54797           0.0419435
                  99             480.216             8.55864           0.0428669
                 100             459.638             8.56498           0.0429073
                   1             295.516             5.91033                   0
                   2             268.317             5.63834            0.271989
                   3             276.337             5.60114            0.161378
                   4             264.569              5.5237            0.137908
                   5             268.825             5.49426            0.110806
                   6             263.927             5.45831           0.0973545
                   7             291.276             5.51077           0.0975807
                   8             270.473              5.4981           0.0854508
                   9             302.647             5.55975           0.0973634
                  10             300.107             5.60399           0.0976768
                  11             282.808             5.60873           0.0884792
                  12             281.445             5.61041           0.0807876
                  13             285.162             5.61755            0.074656
                  14             281.363             5.61825           0.0691215
                  15             264.839             5.59682           0.0678238
                  16             268.647             5.58282           0.0649682
                  17             283.089             5.58747           0.0612034
                  18             281.064             5.58935           0.0577337
                  19             295.189              5.6059           0.0570632
                  20             280.338             5.60594           0.0541349
                  21             281.655             5.60723           0.0515088
                  22             260.392             5.58908           0.0523598
                  23             286.905             5.59556           0.0504493
                  24             290.627              5.6046           0.0491403
                  25             260.112              5.5885           0.0498057
                  26             271.161             5.58215           0.0482721
                  27             273.455             5.57796           0.0466382
                  28             276.736             5.57642           0.0449682
                  29              287.85             5.58264           0.0438345
                  30             253.032             5.56524           0.0457835
                  31             279.232             5.56587           0.0442864
                  32             279.454             5.56659           0.0428862
                  33             281.119             5.56828           0.0416007
                  34             256.387             5.55533           0.0423875
                  35             295.204             5.56529           0.0423476
                  36             270.147             5.56078           0.0414008
                  37               282.3             5.56308           0.0403321
                  38             282.896             5.56558           0.0393357
                  39             275.985              5.5644           0.0383318
                  40             296.385             5.57349           0.0384494
                  41             301.543             5.58464            0.039124
                  42             271.113             5.58078           0.0383764
                  43               284.7             5.58341           0.0375657
                  44             277.797             5.58278           0.0367073
                  45             253.855             5.57155           0.0376008
                  46             286.649             5.57506           0.0369414
                  47             297.543             5.58305           0.0370206
                  48             265.188             5.57723           0.0367053
                  49             268.535             5.57302           0.0361947
                  50             300.215             5.58164           0.0364973
                  51             277.457             5.58101           0.0357801
                  52             290.917             5.58557           0.0353809
                  53             282.189             5.58667           0.0347243
                  54             250.957             5.57616           0.0356591
                  55             283.741             5.57795           0.0350507
                  56             257.211             5.57021           0.0352798
                  57               270.6             5.56743           0.0347663
                  58             292.895             5.57244           0.0345268
                  59             279.879             5.57287           0.0339392
                  60             292.037             5.57733           0.0336661
                  61             267.487              5.5736           0.0333192
                  62             275.061             5.57243           0.0327981
                  63             288.241             5.57549           0.0324175
                  64             279.657             5.57576           0.0319081
                  65             287.003             5.57829           0.0315149
                  66             279.335             5.57842            0.031034
                  67             283.825             5.57988           0.0306024
                  68             280.712             5.58039           0.0301532
                  69             300.065             5.58649           0.0303327
                  70             277.136             5.58586           0.0299028
                  71             255.704             5.57922           0.0302182
                  72             301.625             5.58551           0.0304534
                  73             267.575             5.58231            0.030204
                  74             313.879              5.5917           0.0312394
                  75             278.902             5.59152           0.0308206
                  76             297.856             5.59633           0.0307905
                  77             277.706             5.59578           0.0303929
                  78             289.586             5.59829           0.0301057
                  79             281.965             5.59881           0.0297267
                  80             289.468              5.6012           0.0294492
                  81             272.223             5.59926           0.0291477
                  82             293.936             5.60267           0.0289911
                  83             259.636             5.59773           0.0290624
                  84             289.592             5.60004           0.0288072
                  85             261.908             5.59578           0.0287829
                  86             274.629             5.59458           0.0284715
                  87             260.395             5.59014           0.0284912
                  88             297.546             5.59424           0.0284624
                  89             259.775             5.58976           0.0284952
                  90             290.652             5.59224           0.0282858
                  91             281.072             5.59256           0.0279751
                  92             264.565             5.58929           0.0278624
                  93             269.438             5.58713           0.0276454
                  94             279.417             5.58714           0.0273497
                  95             293.224             5.59006           0.0272173
                  96              263.97             5.58683            0.027126
                  97             297.882             5.59065           0.0271158
                  98             269.813             5.58866           0.0269109
                  99             310.085             5.59486           0.0273479
                 100             272.828             5.59347           0.0271084
                   1             205.688             4.11375                   0
                   2             196.169             4.01857            0.095184
                   3             201.415             4.02182           0.0550503
                   4             200.782             4.02027            0.038957
                   5             189.215             3.97308           0.0560168
                   6             188.271             3.93847           0.0573556
                   7             194.188             3.93065           0.0491003
                   8              208.54             3.96067           0.0520509
                   9             196.609             3.95751           0.0460136
                  10             207.277             3.97631           0.0452482
                  11             189.055             3.95857           0.0446103
                  12             194.479             3.95282           0.0411273
                  13             196.613             3.95123           0.0378646
                  14             195.904             3.94887           0.0351357
                  15             207.636             3.96246           0.0354204
                  16             189.748             3.95199           0.0347471
                  17              196.43             3.95061           0.0326682
                  18             207.695             3.96191           0.0328051
                  19             202.609             3.96666           0.0313922
                  20             200.412             3.96874           0.0298538
                  21             196.056             3.96647            0.028487
                  22             197.428             3.96566           0.0271735
                  23             214.076             3.97939           0.0293731
                  24             197.423              3.9781           0.0281521
                  25             206.623             3.98428           0.0276995
                  26             188.527             3.97605           0.0278536
                  27             190.244             3.96971           0.0275417
                  28             207.058             3.97584            0.027237
                  29             193.282             3.97204           0.0265543
                  30             203.586             3.97536           0.0258681
                  31             194.707             3.97274           0.0251566
                  32             197.295              3.9719           0.0243722
                  33             182.578             3.96219           0.0255388
                  34             208.543             3.96833           0.0255251
                  35             207.978             3.97379           0.0253802
                  36             199.778              3.9744           0.0246725
                  37             192.356             3.97096           0.0242417
                  38             208.709             3.97631           0.0241937
                  39             207.808             3.98092           0.0240121
                  40             193.166             3.97798           0.0235881
                  41             185.007              3.9712           0.0239828
                  42             196.625             3.97028            0.023423
                  43             201.525             3.97168           0.0229146
                  44             194.458             3.96981           0.0224662
                  45              193.39             3.96754           0.0220779
                  46              195.23             3.96617           0.0216359
                  47             180.699             3.95868           0.0224577
                  48             190.391             3.95553           0.0222084
                  49             197.293             3.95534           0.0217513
                  50             207.396             3.95919           0.0216571
                  51             194.358             3.95778           0.0212751
                  52             197.566             3.95765           0.0208623
                  53             199.549             3.95828           0.0204746
                  54             216.704             3.96524           0.0212629
                  55             198.807             3.96544           0.0208737
                  56             199.608             3.96592           0.0205031
                  57              203.71             3.96782           0.0202296
                  58             201.758             3.96898           0.0199116
                  59             194.261             3.96756           0.0196227
                  60             201.152             3.96848            0.019315
                  61             201.236              3.9694           0.0190181
                  62             201.853             3.97049           0.0187406
                  63             192.332             3.96853           0.0185453
                  64             191.421             3.96634            0.018384
                  65             204.388             3.96821           0.0181951
                  66             190.553             3.96583           0.0180748
                  67             201.437             3.96677           0.0178278
                  68             204.271             3.96851           0.0176501
                  69             188.122             3.96552            0.017647
                  70             195.409              3.9647           0.0174124
                  71             187.491             3.96168           0.0174301
                  72             206.157             3.96392            0.017332
                  73             192.883             3.96247           0.0171549
                  74              199.49             3.96283           0.0169255
                  75             187.673             3.96004             0.01693
                  76             196.588             3.95967           0.0167099
                  77              189.83             3.95755           0.0166269
                  78             191.931             3.95603            0.016483
                  79             213.677             3.96005           0.0167621
                  80             209.132             3.96283           0.0167834
                  81             190.481             3.96094           0.0166825
                  82             196.738             3.96062           0.0164809
                  83             203.505             3.96194           0.0163345
                  84             191.635              3.9604            0.016212
                  85             188.676              3.9582           0.0161703
                  86             188.531             3.95602           0.0161294
                  87             199.947             3.95651           0.0159505
                  88             195.244             3.95593           0.0157791
                  89             194.207             3.95512           0.0156217
                  90             217.304             3.95946           0.0160463
                  91              209.18             3.96193            0.016059
                  92             205.711             3.96358           0.0159695
                  93             202.232             3.96445           0.0158209
                  94             198.883             3.96459           0.0156523
                  95             188.847             3.96262           0.0156121
                  96             197.577              3.9625           0.0154491
                  97             197.951             3.96247            0.015289
                  98             192.241             3.96127           0.0151797
                  99             199.253             3.96151           0.0150275
                 100             198.896             3.96167           0.0148774
                   1             153.555             3.07109                   0
                   2             136.229             2.89784            0.173251
                   3             147.725             2.91673            0.101795
                   4             150.535             2.94022           0.0757172
                   5             146.695             2.93896           0.0586639
                   6             144.734             2.93158            0.048464
                   7             150.554             2.94294            0.042505
                   8              141.99             2.93004           0.0390029
                   9             152.315             2.94296           0.0367432
                  10             156.083             2.96083           0.0374082
                  11             144.798             2.95493            0.034347
                  12             151.077             2.96048           0.0318419
                  13             150.671             2.96456           0.0295719
                  14             144.406              2.9591           0.0279173
                  15             144.888             2.95501           0.0263093
                  16             144.779             2.95129           0.0248888
                  17             151.481              2.9559           0.0238287
                  18             163.661             2.97353           0.0285566
                  19             151.328             2.97632           0.0271556
                  20             149.344             2.97685           0.0257675
                  21             148.894              2.9769           0.0245098
                  22             147.008             2.97523           0.0234288
                  23             146.524             2.97328           0.0224713
                  24             151.608             2.97574           0.0216541
                  25             149.377             2.97621           0.0207752
                  26             151.802             2.97851           0.0200924
                  27             149.191             2.97871           0.0193349
                  28             147.019             2.97734           0.0186818
                  29             140.174             2.97134           0.0189969
                  30             150.059             2.97234           0.0183796
                  31             143.725             2.96918           0.0180548
                  32             145.199             2.96714           0.0175999
                  33             147.655             2.96672           0.0170635
                  34             147.992             2.96651           0.0165553
                  35             149.839             2.96738           0.0160986
                  36               152.6             2.96973           0.0158206
                  37             152.481             2.97189           0.0155378
                  38             142.967             2.96893           0.0154108
                  39             151.924             2.97071            0.015116
                  40             142.397             2.96764           0.0150495
                  41             147.645             2.96728           0.0146822
                  42             147.734             2.96698           0.0143315
                  43             149.864             2.96769            0.014012
                  44             154.563             2.97049            0.013975
                  45             156.062             2.97384           0.0140656
                  46             147.461             2.97331           0.0137669
                  47             155.963             2.97641           0.0138241
                  48              149.44             2.97667           0.0135354
                  49             148.884             2.97669           0.0132563
                  50             140.963             2.97354           0.0133647
                  51             147.772             2.97319           0.0131048
                  52             150.499              2.9739           0.0128698
                  53             148.339             2.97376           0.0126254
                  54             150.405              2.9744           0.0124057
                  55             143.261             2.97241           0.0123387
                  56             147.073             2.97186            0.012129
                  57             144.524             2.97043           0.0119996
                  58             155.647             2.97289           0.0120442
                  59             149.502             2.97318           0.0118418
                  60             141.303             2.97073           0.0118982
                  61             147.847              2.9705           0.0117037
                  62             145.471             2.96952           0.0115555
                  63             156.383             2.97203           0.0116443
                  64              152.67              2.9733           0.0115312
                  65             150.762             2.97394           0.0113708
                  66             163.459             2.97842           0.0120576
                  67             144.661             2.97715           0.0119441
                  68             152.092              2.9781           0.0118056
                  69             149.034             2.97813           0.0116333
                  70              152.55             2.97918           0.0115131
                  71             157.849             2.98168           0.0116228
                  72             142.865             2.97995           0.0115896
                  73             151.906             2.98075           0.0114575
                  74             149.651             2.98092           0.0113028
                  75              150.44             2.98129           0.0111573
                  76             145.277             2.98029           0.0110546
                  77             149.612             2.98045           0.0109112
                  78             146.071             2.97969           0.0107969
                  79             150.013             2.97995           0.0106626
                  80             151.868             2.98067           0.0105529
                  81             148.541             2.98055           0.0104225
                  82             146.361              2.9799           0.0103151
                  83             141.341             2.97805           0.0103556
                  84             152.627             2.97894             0.01027
                  85             153.739             2.98007           0.0102109
                  86             147.045             2.97961           0.0101017
                  87             156.025             2.98123           0.0101154
                  88             147.025             2.98077           0.0100105
                  89             148.604             2.98067          0.00989786
                  90             143.285             2.97939          0.00987029
                  91             150.259             2.97967          0.00976534
                  92             149.804             2.97985          0.00966026
                  93             154.466             2.98103          0.00962804
                  94             148.873             2.98099          0.00952514
                  95             143.894             2.97991          0.00948664
                  96             143.071             2.97867          0.00946808
                  97             145.507             2.97797          0.00939656
                  98             143.493             2.97686          0.00936536
                  99             156.966              2.9785           0.0094144
                 100              144.27             2.97757          0.00936617
                   1             115.411             2.30822                   0
                   2             120.983             2.36394           0.0557239
                   3             115.157             2.34367            0.038024
                   4             119.267             2.35409           0.0288341
                   5              118.23             2.35619           0.0224334
                   6             109.569             2.32872           0.0330161
                   7              119.02             2.33611           0.0288641
                   8             116.389             2.33507           0.0250187
                   9             116.008             2.33341           0.0221264
                  10             119.964                2.34           0.0208582
                  11             120.972             2.34722           0.0202019
                  12             114.338             2.34218           0.0191174
                  13             123.373             2.35182           0.0200526
                  14             116.799             2.35069           0.0185995
                  15             117.691             2.35089           0.0173165
                  16             119.346             2.35315           0.0163539
                  17             118.659             2.35432           0.0154069
                  18             114.236             2.35046           0.0150317
                  19             118.593             2.35158           0.0142631
                  20             118.176             2.35218           0.0135444
                  21             122.915             2.35723           0.0138387
                  22             115.959              2.3555           0.0133075
                  23             113.915             2.35215           0.0131514
                  24             112.876             2.34821           0.0131943
                  25             115.045             2.34631           0.0127962
                  26             117.078             2.34613           0.0122955
                  27             113.229             2.34311           0.0122108
                  28             115.354             2.34182           0.0118369
                  29             120.185             2.34396            0.011619
                  30             110.266             2.33934            0.012139
                  31             111.491              2.3358           0.0122609
                  32             115.774             2.33517           0.0118886
                  33             118.644             2.33631           0.0115792
                  34             113.212             2.33419           0.0114318
                  35             123.341             2.33798           0.0117293
                  36             129.193             2.34481           0.0132884
                  37             115.543             2.34389           0.0129568
                  38             126.024             2.34854           0.0134402
                  39             115.278             2.34744           0.0131373
                  40             122.567             2.35004           0.0130655
                  41             117.078             2.34983           0.0127445
                  42             120.826             2.35142           0.0125383
                  43             122.967             2.35393           0.0124978
                  44             121.205             2.35552           0.0123142
                  45             113.504             2.35362           0.0121862
                  46             120.269             2.35475           0.0119714
                  47              122.27             2.35668           0.0118716
                  48             119.515             2.35738           0.0116428
                  49             115.214             2.35629           0.0114541
                  50             111.427             2.35374           0.0115098
                  51             123.385             2.35597           0.0115011
                  52             117.169             2.35573           0.0112803
                  53             118.757              2.3561           0.0110715
                  54             114.405             2.35484           0.0109373
                  55             114.701             2.35373           0.0107934
                  56             121.405             2.35506           0.0106818
                  57             111.669             2.35293           0.0107076
                  58             116.075             2.35238           0.0105353
                  59             113.521             2.35099            0.010448
                  60             124.048             2.35316           0.0104983
                  61             117.417             2.35308            0.010325
                  62             118.575             2.35338           0.0101615
                  63             119.554             2.35398           0.0100168
                  64             121.878             2.35528          0.00994511
                  65             114.276             2.35421          0.00984957
                  66             117.746             2.35422          0.00969919
                  67             119.604             2.35479          0.00957003
                  68             113.896             2.35366          0.00949577
                  69             117.058             2.35347          0.00935889
                  70             123.655             2.35518          0.00938121
                  71              109.58             2.35288          0.00953083
                  72             116.511             2.35256           0.0094028
                  73             123.451             2.35416          0.00940934
                  74             114.741             2.35336          0.00931589
                  75             111.762             2.35178          0.00932478
                  76             122.933             2.35319           0.0093081
                  77             117.284             2.35309          0.00918694
                  78             117.679              2.3531          0.00906839
                  79             120.243             2.35375          0.00897682
                  80             114.892             2.35305          0.00889142
                  81             115.893             2.35262          0.00879171
                  82             116.267             2.35229           0.0086902
                  83             118.275             2.35245          0.00858633
                  84             116.859             2.35226          0.00848545
                  85             116.596             2.35202          0.00838844
                  86             117.413             2.35198          0.00829044
                  87             118.257             2.35213          0.00819599
                  88             114.974             2.35153          0.00812438
                  89             112.655             2.35043          0.00810836
                  90             115.117             2.34989          0.00803555
                  91             116.542             2.34968          0.00794951
                  92             113.444             2.34881          0.00791154
                  93             119.228             2.34919          0.00783544
                  94             121.507             2.35005          0.00779933
                  95             114.254             2.34937          0.00774705
                  96             116.949             2.34926          0.00766669
                  97             121.196             2.35003          0.00762618
                  98             122.137             2.35098          0.00760702
                  99             114.081             2.35027          0.00756232
                 100             114.992             2.34977          0.00750329
                   1               94.36              1.8872                   0
                   2             91.9134             1.86273           0.0244659
                   3             94.6812             1.87303           0.0174798
                   4             92.6544             1.86804           0.0133278
                   5             95.8873             1.87798           0.0143313
                   6             92.3847             1.87294           0.0127441
                   7             93.6259             1.87288           0.0107709
                   8             98.9381             1.88611           0.0161924
                   9             96.0649             1.89002           0.0148058
                  10             92.0671             1.88515           0.0141092
                  11             94.2049             1.88506           0.0127626
                  12             94.6875             1.88578           0.0116731
                  13             98.8555             1.89281           0.0128317
                  14             97.7433             1.89724           0.0126799
                  15             94.4718             1.89672           0.0118158
                  16             92.3727             1.89364           0.0114735
                  17             93.1165              1.8918           0.0109338
                  18             95.8868             1.89324           0.0104087
                  19             95.4944             1.89412          0.00988453
                  20               96.58             1.89599          0.00956275
                  21             95.4694             1.89663          0.00911834
                  22             94.8193             1.89662            0.008694
                  23             91.0551             1.89333           0.0089327
                  24             95.1887             1.89377          0.00856346
                  25             94.1595             1.89335          0.00822468
                  26             94.3271             1.89308          0.00790635
                  27             92.8306             1.89173          0.00772688
                  28             91.8932             1.88981          0.00769035
                  29             95.1908             1.89029          0.00743613
                  30             94.0939             1.89001          0.00718946
                  31             95.2101             1.89047          0.00696873
                  32             98.0515             1.89267           0.0070986
                  33             92.6332             1.89146          0.00698615
                  34             93.2776              1.8907          0.00682026
                  35              98.248             1.89282          0.00695411
                  36             91.5059             1.89108          0.00697902
                  37              91.768             1.88957          0.00695283
                  38             96.7045             1.89075          0.00686803
                  39             96.9019             1.89196          0.00679863
                  40             97.0219             1.89317           0.0067364
                  41             94.4087             1.89305          0.00657118
                  42             96.5664             1.89396          0.00647725
                  43             95.9887             1.89456          0.00635325
                  44             96.1106             1.89519          0.00623891
                  45             92.5146             1.89419          0.00617977
                  46             95.2315             1.89442          0.00604819
                  47             96.7565             1.89528          0.00598116
                  48             100.229             1.89756          0.00628245
                  49             96.1459             1.89808          0.00617463
                  50             92.4278             1.89709          0.00613042
                  51              93.776             1.89667          0.00602387
                  52             91.3256             1.89532          0.00605899
                  53             97.1402             1.89621          0.00601073
                  54             93.9492             1.89589            0.005907
                  55             95.9635             1.89632          0.00581416
                  56             94.6889             1.89627          0.00570957
                  57             97.0132             1.89704          0.00566136
                  58             97.5762             1.89798          0.00564164
                  59             95.4106             1.89816           0.0055479
                  60             96.0026             1.89852          0.00546685
                  61             95.9012             1.89884          0.00538597
                  62             91.0461             1.89759           0.0054454
                  63             93.7442             1.89722          0.00537037
                  64             94.8595             1.89722          0.00528579
                  65             98.5546             1.89836          0.00532648
                  66             98.4711             1.89944          0.00535452
                  67             93.2129             1.89891          0.00530007
                  68             89.5736             1.89733          0.00545535
                  69             93.5407             1.89695          0.00538943
                  70             95.5927             1.89716          0.00531615
                  71             96.2351             1.89755          0.00525507
                  72             93.1673             1.89707           0.0052033
                  73             92.4165             1.89641          0.00517479
                  74             87.7767              1.8945          0.00544781
                  75             89.2591             1.89304          0.00556883
                  76             97.4374             1.89378          0.00554373
                  77             97.3631             1.89447          0.00551518
                  78             101.756             1.89628          0.00573491
                  79             96.4588             1.89669          0.00567714
                  80             95.7614             1.89692          0.00561052
                  81             92.1602             1.89626          0.00558037
                  82             94.2612             1.89613          0.00551354
                  83               101.3             1.89769          0.00566703
                  84             91.2565             1.89683           0.0056654
                  85             95.5976               1.897          0.00560118
                  86             96.8391             1.89747          0.00555495
                  87             92.5459             1.89693          0.00551674
                  88             96.5082             1.89731          0.00546675
                  89              90.948             1.89643           0.0054762
                  90             100.216             1.89763          0.00554609
                  91             97.3482             1.89817          0.00551154
                  92             100.576              1.8994           0.0055888
                  93             95.1525             1.89944          0.00552852
                  94             93.8433              1.8992          0.00547466
                  95             92.5642              1.8987          0.00544015
                  96             98.8755             1.89952          0.00544543
                  97             97.8273             1.90011          0.00542097
                  98             94.1932             1.89994          0.00536793
                  99             99.5132             1.90085          0.00539119
                 100             94.4176             1.90073          0.00533847
                   1             82.1617             1.64323                   0
                   2              82.021             1.64183          0.00140757
                   3             79.8951             1.62719            0.014664
                   4             82.4608             1.63269           0.0117408
                   5             78.0017             1.61816           0.0171429
                   6             79.7174             1.61419           0.0145489
                   7             74.9137             1.59763           0.0206256
                   8             77.3909             1.59141           0.0189165
                   9             78.8644             1.58984           0.0167564
                  10              78.787             1.58843           0.0150535
                  11             81.1764             1.59162           0.0139853
                  12             78.6893             1.59013            0.012853
                  13             82.4679             1.59469           0.0126704
                  14             79.3299             1.59411           0.0117448
                  15             78.8422             1.59296           0.0109942
                  16             81.8281             1.59568           0.0106391
                  17             82.4724             1.59885           0.0104822
                  18               76.88             1.59544            0.010452
                  19             81.0368             1.59678          0.00997583
                  20             77.7896             1.59473          0.00968321
                  21             80.6631             1.59561          0.00925277
                  22             83.1533             1.59868          0.00933983
                  23             80.4506             1.59912          0.00893582
                  24             79.4141             1.59867          0.00856732
                  25             79.3613             1.59822          0.00823023
                  26             78.1122             1.59683          0.00802747
                  27             75.1578             1.59336          0.00846782
                  28              76.701             1.59124          0.00843054
                  29             78.7708              1.5907          0.00815292
                  30             80.5764             1.59139          0.00790702
                  31             77.1894             1.58986          0.00780035
                  32             80.4298             1.59044          0.00757533
                  33             78.7094             1.58995          0.00735868
                  34             81.9384             1.59138          0.00728193
                  35             83.4755             1.59362          0.00741477
                  36             78.4696             1.59294          0.00723722
                  37             78.9139             1.59255          0.00705005
                  38             81.7994             1.59369          0.00695658
                  39             82.0528             1.59491          0.00688383
                  40             81.0283             1.59555          0.00674013
                  41             76.2778             1.59384          0.00679172
                  42             78.8162             1.59342          0.00664114
                  43             80.9978             1.59404          0.00651415
                  44             77.8095             1.59318          0.00642225
                  45             78.7457             1.59277          0.00629102
                  46             77.3289             1.59177          0.00623416
                  47             78.9046             1.59148          0.00610701
                  48             78.6554              1.5911          0.00599067
                  49             75.8787              1.5896          0.00605596
                  50              81.829             1.59053          0.00600755
                  51             77.1568             1.58961          0.00596147
                  52             77.7081             1.58892          0.00588531
                  53             78.2551             1.58847          0.00579066
                  54             79.6869             1.58857          0.00568325
                  55             79.3635             1.58855          0.00557901
                  56             78.1674              1.5881          0.00549694
                  57             80.8923             1.58862           0.0054248
                  58             78.3274             1.58824          0.00534402
                  59             78.1743             1.58782          0.00526939
                  60             80.1831             1.58808          0.00518755
                  61             80.3453             1.58839          0.00511112
                  62             78.1531             1.58798          0.00504458
                  63             81.3946             1.58862          0.00500411
                  64              79.101             1.58851          0.00492638
                  65             78.7766             1.58831          0.00485411
                  66             79.0932             1.58822            0.004781
                  67             76.9691             1.58749          0.00476517
                  68             76.9034             1.58676           0.0047505
                  69             78.2223             1.58644           0.0046923
                  70             79.3635             1.58645           0.0046248
                  71               79.84              1.5866          0.00456153
                  72             81.0037             1.58706           0.0045217
                  73             80.2065             1.58729          0.00446545
                  74             78.2489             1.58699          0.00441501
                  75             77.7734             1.58657          0.00437598
                  76             76.5695             1.58585          0.00437863
                  77             80.3016             1.58611          0.00432934
                  78             78.0326             1.58578          0.00428592
                  79             79.4331             1.58582          0.00423147
                  80             80.6694             1.58616          0.00419243
                  81             80.4992             1.58646          0.00415078
                  82             79.7051             1.58655          0.00410091
                  83             82.2854             1.58726          0.00411342
                  84             78.1981             1.58699          0.00407361
                  85             78.7051             1.58683          0.00402826
                  86             80.1916             1.58703          0.00398604
                  87             77.2242             1.58654           0.0039702
                  88              80.437              1.5868          0.00393292
                  89             78.7879             1.58667          0.00389045
                  90             78.3343             1.58645          0.00385339
                  91             79.7161             1.58654          0.00381179
                  92             80.1896             1.58672          0.00377479
                  93             78.4348             1.58653          0.00373901
                  94             76.6997             1.58597            0.003741
                  95             83.6802             1.58689          0.00381463
                  96             80.0984             1.58705          0.00377795
                  97             84.1434             1.58804          0.00386709
                  98              81.813             1.58853          0.00385893
                  99             81.1773             1.58888          0.00383609
                 100             79.9464             1.58898          0.00379886
                   1              69.035              1.3807                   0
                   2             67.6026             1.36638            0.014324
                   3             67.2368             1.35916           0.0109738
                   4             70.3374             1.37106           0.0142033
                   5             68.2824             1.36998            0.011055
                   6             70.1804             1.37558           0.0106251
                   7              67.696             1.37249          0.00949812
                   8             67.2386             1.36902          0.00892541
                   9              67.581             1.36709           0.0081055
                  10             67.2954             1.36497          0.00755287
                  11             68.8408             1.36605          0.00691617
                  12             64.6696             1.35999          0.00874758
                  13             65.8284             1.35665          0.00871241
                  14             66.7812             1.35515          0.00820479
                  15             67.1954              1.3544          0.00767493
                  16             69.4998             1.35663          0.00751603
                  17             66.0836             1.35457          0.00735339
                  18             66.0106             1.35266           0.0071908
                  19              67.048             1.35205          0.00682964
                  20             67.3084             1.35175          0.00648583
                  21             71.1402             1.35513          0.00703616
                  22             66.4448             1.35394           0.0068139
                  23             67.7774             1.35401          0.00651128
                  24              66.446             1.35297          0.00632114
                  25              69.123             1.35415          0.00617674
                  26             66.2278             1.35301          0.00604256
                  27              71.463             1.35583          0.00646403
                  28             67.6754             1.35575          0.00622945
                  29             67.7166              1.3557            0.006011
                  30             70.9786             1.35783          0.00618516
                  31              67.074              1.3573          0.00600551
                  32             68.3462              1.3576          0.00582258
                  33             68.0592             1.35771          0.00564443
                  34             68.2848             1.35795          0.00548093
                  35             66.7128             1.35727           0.0053649
                  36              66.154             1.35632          0.00529954
                  37             69.8116              1.3574          0.00526598
                  38             66.2082             1.35652          0.00519961
                  39             68.1252             1.35668          0.00506686
                  40             68.3692             1.35694          0.00494581
                  41             66.7796             1.35642          0.00485171
                  42             69.4866             1.35722          0.00480074
                  43             67.9676             1.35727          0.00468802
                  44             65.7272              1.3563          0.00468203
                  45              69.098             1.35687           0.0046122
                  46              69.369             1.35753          0.00455933
                  47             67.9672             1.35757          0.00446144
                  48             67.5678             1.35744          0.00436942
                  49             66.9624             1.35707          0.00429539
                  50              67.787             1.35704          0.00420869
                  51              65.437             1.35609          0.00423266
                  52              66.295             1.35551          0.00419088
                  53             67.0364             1.35523           0.0041205
                  54             67.9812             1.35532          0.00404429
                  55             69.5734             1.35597          0.00402413
                  56             65.4496             1.35513          0.00403969
                  57             65.8816             1.35448          0.00402235
                  58              67.726             1.35448           0.0039524
                  59             68.1964             1.35464          0.00388813
                  60             66.3378             1.35417          0.00385092
                  61             68.1124              1.3543          0.00378957
                  62             69.7732             1.35497           0.0037866
                  63             69.4016             1.35549          0.00376279
                  64             69.2308             1.35595          0.00373138
                  65             68.2102             1.35608          0.00367572
                  66             67.1904             1.35589          0.00362437
                  67             68.4464             1.35608          0.00357516
                  68             65.9592             1.35554          0.00356375
                  69             68.9328             1.35588          0.00352767
                  70             71.4958             1.35693          0.00363423
                  71               66.34             1.35651          0.00360773
                  72             64.3182             1.35554          0.00368827
                  73             68.6432             1.35577          0.00364513
                  74             66.8232             1.35551          0.00360499
                  75              66.565             1.35519          0.00357122
                  76             66.6278             1.35489          0.00353648
                  77             68.2362             1.35502          0.00349258
                  78             66.3222             1.35465          0.00346692
                  79             66.9328             1.35445          0.00342874
                  80             68.0748             1.35454          0.00338676
                  81             68.6218             1.35476          0.00335197
                  82             66.6146             1.35449          0.00332216
                  83              68.869             1.35476          0.00329346
                  84             67.0156             1.35459          0.00325856
                  85             67.0358             1.35443          0.00322413
                  86             68.9378             1.35471          0.00319896
                  87             68.4458             1.35487          0.00316619
                  88              70.319             1.35546          0.00318426
                  89             65.2412             1.35489          0.00319927
                  90             70.2572             1.35545          0.00321242
                  91             67.9142             1.35548          0.00317708
                  92               71.21             1.35622          0.00322992
                  93             68.0306             1.35627          0.00319535
                  94              68.085             1.35633           0.0031617
                  95              67.699             1.35631          0.00312834
                  96              65.571             1.35584          0.00313069
                  97             68.6468             1.35601          0.00310326
                  98             68.0996             1.35607          0.00307204
                  99             69.4528             1.35641          0.00305904
                 100              66.321             1.35611          0.00304311
