                   1           -0.997427           -0.997427                   0
                   2            -1.01074            -1.00408            0.006655
                   3            -1.00331            -1.00382           0.0038509
                   4            -1.00734             -1.0047          0.00286163
                   5            -1.01187            -1.00614          0.00263944
                   6            -1.00721            -1.00632          0.00216246
                   7            -1.00582            -1.00624            0.001829
                   8            -1.00766            -1.00642          0.00159386
                   9            -1.00991            -1.00681          0.00145816
                  10            -1.01079            -1.00721          0.00136347
                  11           -0.993425            -1.00595          0.00175813
                  12             -1.0021            -1.00563          0.00163684
                  13            -1.01232            -1.00615          0.00159122
                  14            -1.01326            -1.00666          0.00155838
                  15           -0.997409            -1.00604          0.00157631
                  16           -0.998698            -1.00558          0.00154424
                  17            -1.00768             -1.0057          0.00145581
                  18           -0.993744            -1.00504          0.00152491
                  19           -0.999535            -1.00475          0.00147124
                  20            -1.00845            -1.00493          0.00140793
                  21            -1.00023            -1.00471          0.00135784
                  22            -1.00527            -1.00474          0.00129489
                  23            -1.01168            -1.00504          0.00127366
                  24            -1.00757            -1.00514          0.00122399
                  25           -0.997013            -1.00482          0.00121823
                  26            -1.00701             -1.0049          0.00117348
                  27            -1.00647            -1.00496          0.00113067
                  28           -0.995806            -1.00463          0.00113754
                  29            -1.00121            -1.00452          0.00110396
                  30           -0.999454            -1.00435           0.0010798
                  31            -1.00745            -1.00445          0.00104916
                  32           -0.995127            -1.00416          0.00105677
                  33           -0.995924            -1.00391          0.00105419
                  34            -1.01234            -1.00415          0.00105238
                  35            -1.00485            -1.00417          0.00102206
                  36           -0.986281            -1.00368          0.00111069
                  37            -1.00431            -1.00369          0.00108039
                  38            -1.00967            -1.00385          0.00106327
                  39            -1.00703            -1.00393          0.00103884
                  40           -0.999661            -1.00383          0.00101815
                  41            -1.00888            -1.00395          0.00100064
                  42            -1.00498            -1.00397         0.000976834
                  43            -1.00461            -1.00399         0.000953961
                  44            -1.00224            -1.00395         0.000932876
                  45             -1.0074            -1.00403          0.00091513
                  46            -1.00105            -1.00396         0.000897349
                  47           -0.996488             -1.0038         0.000892329
                  48           -0.999966            -1.00372         0.000877188
                  49            -1.00217            -1.00369         0.000859683
                  50            -1.00687            -1.00375         0.000844704
                  51            -1.00612             -1.0038         0.000829271
                  52            -1.01244            -1.00397          0.00082997
                  53            -1.00384            -1.00396         0.000814164
                  54            -1.00764            -1.00403         0.000801839
                  55           -0.997894            -1.00392         0.000794997
                  56            -1.00405            -1.00392         0.000780675
                  57            -1.00878            -1.00401         0.000771575
                  58            -1.00416            -1.00401          0.00075816
                  59            -1.00178            -1.00397         0.000746157
                  60            -1.00465            -1.00398         0.000733701
                  61            -1.00382            -1.00398         0.000721578
                  62            -1.00503              -1.004         0.000710046
                  63            -1.00403              -1.004         0.000698684
                  64           -0.995672            -1.00387          0.00069988
                  65            -1.00361            -1.00386          0.00068904
                  66            -1.00157            -1.00383         0.000679409
                  67            -1.00064            -1.00378         0.000670885
                  68            -1.00447            -1.00379         0.000661023
                  69            -1.00626            -1.00383         0.000652355
                  70           -0.997917            -1.00374         0.000648489
                  71            -1.00346            -1.00374         0.000639303
                  72            -1.00594            -1.00377         0.000631102
                  73             -1.0083            -1.00383         0.000625482
                  74            -1.00787            -1.00389         0.000619384
                  75            -1.00346            -1.00388         0.000611096
                  76            -1.00262            -1.00386          0.00060323
                  77            -1.00327            -1.00386         0.000595395
                  78            -1.01048            -1.00394         0.000593807
                  79            -1.00227            -1.00392         0.000586623
                  80            -1.00328            -1.00391         0.000579299
                  81           -0.996198            -1.00382         0.000579976
                  82            -1.00649            -1.00385         0.000573784
                  83           -0.992066            -1.00371          0.00058434
                  84            -1.00729            -1.00375         0.000578914
                  85            -1.00848            -1.00381         0.000574758
                  86            -1.00163            -1.00378         0.000568598
                  87            -1.00374            -1.00378         0.000562025
                  88           -0.999515            -1.00373         0.000557712
                  89            -1.00839            -1.00378         0.000553887
                  90            -1.00977            -1.00385         0.000551719
                  91            -1.00537            -1.00387         0.000545879
                  92            -1.00295            -1.00386         0.000540004
                  93            -1.00661            -1.00389         0.000534988
                  94            -1.00606            -1.00391          0.00052977
                  95            -1.00646            -1.00394         0.000524849
                  96            -1.00691            -1.00397         0.000520274
                  97            -1.00044            -1.00393         0.000516163
                  98           -0.996866            -1.00386         0.000515932
                  99            -1.00366            -1.00386         0.000510698
                 100            -1.00232            -1.00384         0.000505799
                   1           -0.930999           -0.930999                   0
                   2           -0.942819           -0.936909          0.00591012
                   3           -0.929906           -0.934575          0.00413431
                   4            -0.93146           -0.933796          0.00302531
                   5           -0.938673           -0.934771           0.0025383
                   6           -0.932708           -0.934427          0.00210085
                   7           -0.944683           -0.935893          0.00230191
                   8           -0.946579           -0.937228          0.00239971
                   9           -0.932031           -0.936651          0.00219372
                  10           -0.931839            -0.93617          0.00202025
                  11           -0.954241           -0.937813          0.00245728
                  12           -0.945878           -0.938485          0.00234171
                  13           -0.947991           -0.939216           0.0022748
                  14            -0.93825           -0.939147          0.00210718
                  15           -0.933752           -0.938787          0.00199438
                  16           -0.932871           -0.938418          0.00190186
                  17           -0.937493           -0.938363          0.00178732
                  18           -0.940541           -0.938484          0.00168944
                  19           -0.952851            -0.93924          0.00176792
                  20           -0.936228            -0.93909          0.00168395
                  21           -0.937422            -0.93901          0.00160372
                  22           -0.934811           -0.938819          0.00154096
                  23           -0.935608            -0.93868          0.00147904
                  24           -0.936212           -0.938577           0.0014198
                  25           -0.947858           -0.938948          0.00141152
                  26           -0.939115           -0.938955          0.00135616
                  27           -0.936405            -0.93886          0.00130837
                  28            -0.93452           -0.938705          0.00127027
                  29           -0.937757           -0.938673          0.00122612
                  30           -0.937751           -0.938642          0.00118495
                  31           -0.940672           -0.938707          0.00114796
                  32           -0.933748           -0.938552          0.00112226
                  33           -0.942638           -0.938676          0.00109474
                  34           -0.943301           -0.938812          0.00107073
                  35           -0.943275            -0.93894          0.00104748
                  36            -0.93915           -0.938945          0.00101799
                  37           -0.948915           -0.939215           0.0010261
                  38           -0.942961           -0.939314          0.00100359
                  39           -0.939051           -0.939307          0.00097754
                  40           -0.944252            -0.93943         0.000960776
                  41           -0.942898           -0.939515         0.000940857
                  42           -0.942539           -0.939587         0.000921001
                  43           -0.937616           -0.939541         0.000900495
                  44           -0.931629           -0.939361         0.000897979
                  45           -0.934797            -0.93926         0.000883637
                  46           -0.941806           -0.939315         0.000865985
                  47           -0.932293           -0.939166          0.00086043
                  48           -0.940688           -0.939198          0.00084291
                  49           -0.940926           -0.939233         0.000826282
                  50           -0.940445           -0.939257         0.000809951
                  51           -0.934537           -0.939165         0.000799287
                  52           -0.937964           -0.939141         0.000784105
                  53           -0.931544           -0.938998         0.000782412
                  54           -0.941015           -0.939035         0.000768694
                  55           -0.941386           -0.939078         0.000755798
                  56           -0.934045           -0.938988         0.000747602
                  57           -0.936041           -0.938937         0.000736187
                  58           -0.931181           -0.938803         0.000735639
                  59            -0.93419           -0.938725         0.000727278
                  60           -0.936557           -0.938689         0.000715967
                  61           -0.936577           -0.938654         0.000704982
                  62           -0.945867            -0.93877         0.000703209
                  63           -0.936016           -0.938727         0.000693337
                  64           -0.924615           -0.938506         0.000717157
                  65           -0.947211            -0.93864         0.000718626
                  66           -0.939657           -0.938655         0.000707822
                  67           -0.935463           -0.938608         0.000698803
                  68           -0.936174           -0.938572          0.00068938
                  69           -0.933671           -0.938501         0.000683019
                  70           -0.936325            -0.93847         0.000673908
                  71           -0.941326            -0.93851         0.000665565
                  72           -0.939743           -0.938527         0.000656479
                  73           -0.945952           -0.938629         0.000655365
                  74           -0.937526           -0.938614          0.00064662
                  75           -0.944561           -0.938693         0.000642849
                  76           -0.933456           -0.938624         0.000638065
                  77           -0.944409             -0.9387         0.000634189
                  78           -0.936864           -0.938676         0.000626448
                  79           -0.934834           -0.938627         0.000620377
                  80           -0.944498           -0.938701         0.000616953
                  81           -0.942935           -0.938753         0.000611527
                  82           -0.926978           -0.938609         0.000620857
                  83           -0.942238           -0.938653         0.000614887
                  84           -0.941079           -0.938682         0.000608209
                  85            -0.92984           -0.938578         0.000609946
                  86           -0.946761           -0.938673         0.000610275
                  87           -0.930568            -0.93858         0.000610371
                  88           -0.928331           -0.938464         0.000614533
                  89           -0.938185            -0.93846         0.000607597
                  90           -0.939265           -0.938469         0.000600875
                  91           -0.932354           -0.938402         0.000598023
                  92           -0.949551           -0.938523         0.000603774
                  93           -0.935813           -0.938494         0.000597957
                  94            -0.93555           -0.938463          0.00059239
                  95           -0.936941           -0.938447          0.00058634
                  96           -0.941722           -0.938481         0.000581202
                  97           -0.934141           -0.938436         0.000576917
                  98           -0.933863            -0.93839         0.000572904
                  99           -0.941627           -0.938422         0.000568029
                 100           -0.936898           -0.938407         0.000562527
                   1           -0.859071           -0.859071                   0
                   2           -0.860655           -0.859863          0.00079164
                   3           -0.859978           -0.859901          0.00045866
                   4           -0.860086           -0.859948         0.000327599
                   5           -0.854017           -0.858762          0.00121296
                   6           -0.858862           -0.858778         0.000990523
                   7           -0.855076           -0.858249         0.000990231
                   8           -0.858368           -0.858264         0.000857693
                   9           -0.868295           -0.859379          0.00134694
                  10           -0.859754           -0.859416          0.00120532
                  11           -0.864599           -0.859887          0.00118771
                  12           -0.863758            -0.86021          0.00113119
                  13            -0.86192           -0.860342          0.00104882
                  14           -0.865057           -0.860678          0.00102777
                  15           -0.860119           -0.860641         0.000957526
                  16           -0.855965           -0.860349          0.00094216
                  17           -0.860674           -0.860368         0.000885212
                  18           -0.863768           -0.860557          0.00085569
                  19           -0.861415           -0.860602          0.00081066
                  20           -0.858854           -0.860515         0.000774007
                  21           -0.860056           -0.860493         0.000736551
                  22           -0.862875           -0.860601         0.000710571
                  23            -0.86769           -0.860909         0.000745662
                  24           -0.862495           -0.860975         0.000716969
                  25            -0.86765           -0.861242         0.000737703
                  26           -0.859326           -0.861169         0.000712583
                  27           -0.861151           -0.861168         0.000685683
                  28           -0.857278           -0.861029         0.000675185
                  29           -0.864279           -0.861141         0.000661053
                  30           -0.861704            -0.86116         0.000638913
                  31           -0.861912           -0.861184         0.000618436
                  32           -0.856724           -0.861045         0.000614809
                  33           -0.858159           -0.860957         0.000602269
                  34           -0.860058           -0.860931         0.000584885
                  35           -0.867162           -0.861109         0.000595181
                  36           -0.861336           -0.861115         0.000578447
                  37            -0.86109           -0.861115         0.000562596
                  38           -0.862803           -0.861159          0.00054939
                  39           -0.860857           -0.861151         0.000535174
                  40           -0.863452           -0.861209         0.000524784
                  41           -0.858653           -0.861146         0.000515606
                  42           -0.853339           -0.860961         0.000536415
                  43           -0.858774            -0.86091         0.000526255
                  44           -0.861324           -0.860919         0.000514241
                  45           -0.861709           -0.860937          0.00050299
                  46            -0.86727           -0.861074         0.000510841
                  47           -0.856708           -0.860981         0.000508412
                  48           -0.859239           -0.860945         0.000499029
                  49           -0.859559           -0.860917         0.000489557
                  50           -0.857537           -0.860849         0.000484406
                  51           -0.858459           -0.860802          0.00047712
                  52           -0.852308           -0.860639         0.000495554
                  53           -0.863266           -0.860689         0.000488635
                  54           -0.864225           -0.860754         0.000483953
                  55           -0.868713           -0.860899         0.000496623
                  56           -0.855496           -0.860802         0.000497127
                  57           -0.857605           -0.860746          0.00049154
                  58           -0.852486           -0.860604         0.000503548
                  59           -0.860768           -0.860607         0.000494947
                  60           -0.864544           -0.860672         0.000491033
                  61           -0.865772           -0.860756         0.000490098
                  62           -0.867286           -0.860861           0.0004935
                  63           -0.859043           -0.860832         0.000486461
                  64           -0.862566           -0.860859         0.000479566
                  65           -0.859674           -0.860841         0.000472482
                  66            -0.86344           -0.860881         0.000466932
                  67           -0.856014           -0.860808         0.000465611
                  68           -0.860569           -0.860804         0.000458726
                  69           -0.859846            -0.86079         0.000452243
                  70           -0.866849           -0.860877         0.000454061
                  71           -0.864019           -0.860921         0.000449801
                  72           -0.863623           -0.860959         0.000445095
                  73           -0.861375           -0.860965         0.000438992
                  74           -0.855264           -0.860887         0.000439819
                  75           -0.861848             -0.8609         0.000434104
                  76           -0.857537           -0.860856         0.000430634
                  77           -0.867353            -0.86094           0.0004333
                  78           -0.858772           -0.860913         0.000428611
                  79           -0.865208           -0.860967         0.000426629
                  80           -0.863096           -0.860994         0.000422103
                  81            -0.85727           -0.860948         0.000419387
                  82           -0.855922           -0.860886         0.000418749
                  83           -0.859614           -0.860871         0.000413957
                  84           -0.871463           -0.860997         0.000427995
                  85            -0.86465            -0.86104         0.000425108
                  86           -0.863739           -0.861071         0.000421306
                  87           -0.863164           -0.861095          0.00041713
                  88           -0.861316           -0.861098          0.00041237
                  89           -0.861148           -0.861099         0.000407711
                  90           -0.863287           -0.861123         0.000403888
                  91           -0.859408           -0.861104         0.000399869
                  92           -0.864045           -0.861136         0.000396788
                  93           -0.863076           -0.861157         0.000393052
                  94           -0.861147           -0.861157         0.000388849
                  95           -0.853706           -0.861078         0.000392646
                  96           -0.859834           -0.861065          0.00038875
                  97           -0.860874           -0.861063         0.000384727
                  98           -0.857562           -0.861028         0.000382453
                  99           -0.858506           -0.861002         0.000379426
                 100           -0.864649           -0.861039         0.000377378
                   1           -0.788549           -0.788549                   0
                   2           -0.786953           -0.787751            0.000798
                   3           -0.788653           -0.788051         0.000550124
                   4           -0.787723           -0.787969         0.000397548
                   5           -0.785582           -0.787492         0.000568261
                   6           -0.791054           -0.788086         0.000753519
                   7           -0.789014           -0.788218         0.000650489
                   8           -0.787454           -0.788123         0.000571381
                   9           -0.784526           -0.787723         0.000643156
                  10           -0.788032           -0.787754         0.000576084
                  11            -0.79067           -0.788019         0.000584667
                  12           -0.792389           -0.788383         0.000646117
                  13           -0.790745           -0.788565         0.000621493
                  14           -0.791015            -0.78874         0.000601422
                  15           -0.795661           -0.789201         0.000725534
                  16           -0.790522           -0.789284         0.000683679
                  17            -0.79015           -0.789335         0.000644224
                  18           -0.787838           -0.789252         0.000613049
                  19            -0.79035           -0.789309         0.000582762
                  20           -0.789674           -0.789328         0.000553158
                  21            -0.79283           -0.789495         0.000551962
                  22            -0.78563           -0.789319         0.000554823
                  23           -0.788701           -0.789292         0.000530832
                  24            -0.78812           -0.789243         0.000510573
                  25           -0.788882           -0.789229         0.000489938
                  26           -0.785182           -0.789073         0.000495787
                  27           -0.785363           -0.788936         0.000496469
                  28           -0.789745           -0.788965         0.000479283
                  29           -0.790832           -0.789029         0.000466923
                  30           -0.787198           -0.788968           0.0004552
                  31           -0.792562           -0.789084         0.000455282
                  32           -0.793543           -0.789223         0.000462327
                  33           -0.791221           -0.789284          0.00045217
                  34           -0.787587           -0.789234           0.0004415
                  35           -0.794257           -0.789377         0.000452084
                  36           -0.788194           -0.789344         0.000440574
                  37           -0.787686             -0.7893          0.00043084
                  38           -0.789581           -0.789307         0.000419414
                  39           -0.787836           -0.789269         0.000410256
                  40           -0.792591           -0.789352           0.0004084
                  41           -0.789174           -0.789348         0.000398338
                  42           -0.783591           -0.789211           0.0004122
                  43           -0.788407           -0.789192         0.000402933
                  44           -0.796738           -0.789364         0.000429403
                  45           -0.790737           -0.789394          0.00042086
                  46           -0.792252           -0.789456         0.000416271
                  47            -0.78472           -0.789356         0.000419599
                  48           -0.785848           -0.789283         0.000417214
                  49           -0.791117            -0.78932         0.000410321
                  50           -0.787405           -0.789282         0.000403851
                  51           -0.789364           -0.789283         0.000395856
                  52            -0.79065            -0.78931         0.000389057
                  53           -0.787474           -0.789275         0.000383214
                  54           -0.791499           -0.789316         0.000378299
                  55           -0.787425           -0.789282         0.000372945
                  56           -0.787222           -0.789245         0.000368067
                  57             -0.7906           -0.789269         0.000362333
                  58           -0.792379           -0.789322         0.000360047
                  59           -0.789124           -0.789319         0.000353908
                  60           -0.790118           -0.789332         0.000348214
                  61           -0.788284           -0.789315         0.000342889
                  62           -0.790822           -0.789339         0.000338188
                  63           -0.785801           -0.789283         0.000337483
                  64           -0.793215           -0.789345         0.000337802
                  65           -0.792314            -0.78939         0.000335688
                  66           -0.794938           -0.789474         0.000341083
                  67           -0.789034           -0.789468         0.000336018
                  68           -0.789357           -0.789466         0.000331044
                  69           -0.788361            -0.78945         0.000326604
                  70           -0.789249           -0.789447         0.000321917
                  71           -0.792703           -0.789493         0.000320645
                  72           -0.788468           -0.789479         0.000316481
                  73           -0.789657           -0.789481         0.000312125
                  74           -0.785699            -0.78943         0.000312093
                  75           -0.789018           -0.789425         0.000307953
                  76           -0.785382           -0.789372         0.000308495
                  77           -0.789773           -0.789377         0.000304506
                  78           -0.793324           -0.789427         0.000304806
                  79           -0.788791           -0.789419         0.000301031
                  80           -0.790478           -0.789433         0.000297539
                  81           -0.789628           -0.789435         0.000293852
                  82           -0.792016           -0.789467         0.000291948
                  83           -0.788924            -0.78946         0.000288483
                  84           -0.791723           -0.789487         0.000286298
                  85           -0.792451           -0.789522         0.000285051
                  86           -0.788377           -0.789508         0.000282031
                  87           -0.786382           -0.789473         0.000281077
                  88           -0.786345           -0.789437         0.000280128
                  89           -0.789428           -0.789437         0.000276963
                  90           -0.791326           -0.789458         0.000274672
                  91           -0.790303           -0.789467         0.000271795
                  92           -0.788318           -0.789455         0.000269115
                  93            -0.79264           -0.789489           0.0002684
                  94           -0.784489           -0.789436         0.000270805
                  95           -0.787072           -0.789411         0.000269093
                  96           -0.784704           -0.789362         0.000270751
                  97           -0.791829           -0.789387         0.000269151
                  98           -0.792929           -0.789423          0.00026883
                  99            -0.78587           -0.789388         0.000268511
                 100           -0.791377           -0.789407         0.000266556
                   1             -0.7252             -0.7252                   0
                   2           -0.721846           -0.723523          0.00167736
                   3           -0.726461           -0.724502          0.00137739
                   4            -0.72333           -0.724209          0.00101712
                   5           -0.723813            -0.72413         0.000791822
                   6           -0.724179           -0.724138         0.000646572
                   7           -0.725527           -0.724337         0.000581348
                   8           -0.724818           -0.724397         0.000507037
                   9           -0.725968           -0.724571         0.000480051
                  10           -0.724958            -0.72461          0.00043111
                  11           -0.725473           -0.724689         0.000397759
                  12           -0.724731           -0.724692          0.00036312
                  13           -0.724584           -0.724684         0.000334126
                  14           -0.721877           -0.724483          0.00036862
                  15           -0.725029            -0.72452         0.000345092
                  16           -0.725201           -0.724562         0.000325602
                  17           -0.721589           -0.724387         0.000352333
                  18           -0.723482           -0.724337          0.00033597
                  19           -0.719158           -0.724064         0.000418673
                  20           -0.726261           -0.724174         0.000412095
                  21           -0.719317           -0.723943         0.000455127
                  22           -0.725268           -0.724003         0.000438108
                  23           -0.722961           -0.723958          0.00042107
                  24           -0.724916           -0.723998         0.000405115
                  25           -0.721872           -0.723913         0.000397773
                  26           -0.722263           -0.723849         0.000387402
                  27           -0.728137           -0.724008         0.000405191
                  28           -0.726254           -0.724088         0.000398608
                  29           -0.729546           -0.724277         0.000428186
                  30           -0.724836           -0.724295         0.000414087
                  31           -0.726312            -0.72436         0.000405758
                  32            -0.72312           -0.724322         0.000394782
                  33           -0.722249           -0.724259          0.00038775
                  34           -0.720703           -0.724154         0.000390441
                  35           -0.725304           -0.724187         0.000380542
                  36            -0.72821           -0.724299         0.000386335
                  37           -0.723049           -0.724265         0.000377263
                  38           -0.725591             -0.7243         0.000368855
                  39           -0.727779           -0.724389         0.000370185
                  40           -0.727031           -0.724455         0.000366809
                  41           -0.723188           -0.724424         0.000359082
                  42           -0.723103           -0.724393         0.000351837
                  43            -0.72213            -0.72434         0.000347565
                  44           -0.726421           -0.724387         0.000342851
                  45           -0.721708           -0.724328         0.000340392
                  46           -0.724481           -0.724331         0.000332927
                  47           -0.725754           -0.724361         0.000327169
                  48           -0.726005           -0.724396         0.000322106
                  49           -0.725422           -0.724417         0.000316158
                  50           -0.723666           -0.724402         0.000310133
                  51           -0.723731           -0.724389         0.000304275
                  52           -0.723481           -0.724371         0.000298877
                  53            -0.72462           -0.724376         0.000293221
                  54           -0.728184           -0.724446         0.000296257
                  55           -0.724248           -0.724443         0.000290843
                  56           -0.726078           -0.724472         0.000287091
                  57           -0.719954           -0.724393         0.000292935
                  58           -0.726337           -0.724426         0.000289786
                  59           -0.723354           -0.724408         0.000285411
                  60           -0.727063           -0.724452         0.000284082
                  61           -0.720174           -0.724382         0.000288055
                  62           -0.726717            -0.72442         0.000285863
                  63           -0.724189           -0.724416         0.000281312
                  64           -0.727823           -0.724469         0.000281954
                  65           -0.724369           -0.724468         0.000277587
                  66           -0.727294           -0.724511         0.000276683
                  67           -0.721884           -0.724471         0.000275328
                  68           -0.727972           -0.724523         0.000276091
                  69           -0.723992           -0.724515         0.000272169
                  70           -0.727704           -0.724561         0.000272094
                  71           -0.724983           -0.724567           0.0002683
                  72           -0.727538           -0.724608         0.000267748
                  73           -0.723309            -0.72459         0.000264654
                  74           -0.723595           -0.724577         0.000261399
                  75           -0.722963           -0.724555         0.000258786
                  76           -0.722705           -0.724531         0.000256517
                  77            -0.72104           -0.724486         0.000257191
                  78           -0.724636           -0.724487         0.000253879
                  79           -0.723608           -0.724476         0.000250892
                  80           -0.725038           -0.724483         0.000247835
                  81           -0.725394           -0.724495         0.000245015
                  82           -0.722324           -0.724468         0.000243452
                  83           -0.721446           -0.724432         0.000243241
                  84           -0.726625           -0.724458         0.000241741
                  85           -0.724097           -0.724454         0.000238918
                  86           -0.723272            -0.72444         0.000236523
                  87           -0.722589           -0.724419         0.000234754
                  88           -0.724231           -0.724416         0.000232081
                  89           -0.723869            -0.72441         0.000229541
                  90           -0.724151           -0.724407         0.000226994
                  91           -0.727634           -0.724443         0.000227269
                  92           -0.727907           -0.724481         0.000227916
                  93           -0.727084           -0.724509         0.000227184
                  94           -0.727655           -0.724542         0.000227233
                  95           -0.726299            -0.72456         0.000225588
                  96            -0.72538           -0.724569         0.000223389
                  97           -0.726009           -0.724584         0.000221572
                  98           -0.721435           -0.724552          0.00022164
                  99           -0.722291           -0.724529         0.000220576
                 100           -0.727464           -0.724558         0.000220322
                   1           -0.669838           -0.669838                   0
                   2           -0.667832           -0.668835           0.0010032
                   3           -0.667127           -0.668265          0.00081222
                   4           -0.665251           -0.667512          0.00094743
                   5           -0.667987           -0.667607         0.000740005
                   6            -0.66456           -0.667099          0.00078924
                   7           -0.668294            -0.66727          0.00068852
                   8            -0.66622           -0.667139         0.000610553
                   9           -0.666065           -0.667019         0.000551509
                  10           -0.666632           -0.666981         0.000494805
                  11           -0.663057           -0.666624         0.000572306
                  12            -0.66922            -0.66684         0.000565452
                  13           -0.667609           -0.666899         0.000523492
                  14           -0.663441           -0.666652         0.000543995
                  15           -0.666645           -0.666652         0.000506432
                  16           -0.667384           -0.666698         0.000475927
                  17           -0.669104           -0.666839         0.000468932
                  18           -0.668363           -0.666924         0.000450151
                  19           -0.661017           -0.666613          0.00052721
                  20           -0.669743           -0.666769         0.000524063
                  21           -0.666639           -0.666763         0.000498522
                  22           -0.668978           -0.666864         0.000485869
                  23           -0.663494           -0.666717         0.000486836
                  24           -0.667737            -0.66676         0.000468044
                  25           -0.664772            -0.66668         0.000455919
                  26           -0.666877           -0.666688         0.000438098
                  27           -0.666644           -0.666686         0.000421563
                  28           -0.667822           -0.666727          0.00040825
                  29           -0.665433           -0.666682         0.000396438
                  30             -0.6656           -0.666646         0.000384691
                  31           -0.669771           -0.666747         0.000385486
                  32           -0.664646           -0.666681         0.000378974
                  33           -0.669449           -0.666765         0.000376766
                  34           -0.666337           -0.666753         0.000365734
                  35           -0.660764           -0.666581         0.000394196
                  36           -0.671566            -0.66672         0.000407342
                  37           -0.667007           -0.666728         0.000396256
                  38           -0.667311           -0.666743         0.000385993
                  39           -0.669045           -0.666802         0.000380571
                  40           -0.668714            -0.66685            0.000374
                  41           -0.660547           -0.666696         0.000395839
                  42           -0.667147           -0.666707         0.000386448
                  43           -0.666123           -0.666693         0.000377598
                  44           -0.665517           -0.666667         0.000369883
                  45           -0.669151           -0.666722          0.00036576
                  46           -0.671563           -0.666827         0.000372879
                  47           -0.671084           -0.666918         0.000375932
                  48           -0.665138           -0.666881         0.000369879
                  49            -0.66575           -0.666857         0.000362985
                  50           -0.663887           -0.666798         0.000360579
                  51           -0.666979           -0.666802         0.000353456
                  52            -0.66713           -0.666808         0.000346649
                  53           -0.668716           -0.666844         0.000341946
                  54           -0.668326           -0.666871         0.000336675
                  55           -0.667151           -0.666876         0.000330536
                  56           -0.668606           -0.666907         0.000326046
                  57           -0.666698           -0.666904         0.000320296
                  58           -0.670646           -0.666968         0.000321273
                  59           -0.664786           -0.666931          0.00031794
                  60           -0.666144           -0.666918         0.000312872
                  61           -0.666808           -0.666916         0.000307705
                  62           -0.667528           -0.666926         0.000302862
                  63           -0.661296           -0.666837         0.000311128
                  64           -0.663053           -0.666778         0.000311883
                  65           -0.667568            -0.66679         0.000307288
                  66           -0.673539           -0.666892         0.000319408
                  67           -0.666032           -0.666879         0.000314866
                  68           -0.667551           -0.666889         0.000310359
                  69           -0.663764           -0.666844         0.000309164
                  70           -0.667349           -0.666851         0.000304801
                  71           -0.667223           -0.666856         0.000300523
                  72           -0.665112           -0.666832         0.000297308
                  73           -0.665994           -0.666821         0.000293431
                  74           -0.670132           -0.666865         0.000292878
                  75            -0.66463           -0.666836          0.00029048
                  76           -0.666257           -0.666828         0.000286733
                  77           -0.667469           -0.666836         0.000283107
                  78           -0.663963           -0.666799         0.000281871
                  79           -0.667036           -0.666802         0.000278296
                  80           -0.667094           -0.666806          0.00027482
                  81           -0.668161           -0.666823          0.00027192
                  82           -0.667781           -0.666834         0.000268838
                  83           -0.666318           -0.666828         0.000265652
                  84           -0.672573           -0.666897         0.000271235
                  85           -0.667922           -0.666909         0.000268297
                  86           -0.665754           -0.666895         0.000265498
                  87           -0.667812           -0.666906          0.00026264
                  88           -0.662842            -0.66686         0.000263712
                  89           -0.669354           -0.666888         0.000262234
                  90           -0.667246           -0.666892         0.000259334
                  91           -0.667265           -0.666896         0.000256502
                  92           -0.666935           -0.666896         0.000253699
                  93           -0.667976           -0.666908         0.000251224
                  94           -0.666915           -0.666908         0.000248537
                  95           -0.664786           -0.666885         0.000246919
                  96           -0.668819           -0.666906         0.000245162
                  97           -0.663814           -0.666874         0.000244705
                  98           -0.666449           -0.666869         0.000242234
                  99           -0.664347           -0.666844         0.000241125
                 100           -0.664126           -0.666817         0.000240244
                   1            -0.61339            -0.61339                   0
                   2           -0.613668           -0.613529           0.0001392
                   3           -0.618736           -0.615265           0.0017377
                   4           -0.611729           -0.614381          0.00151363
                   5           -0.612824           -0.614069          0.00121309
                   6           -0.614703           -0.614175         0.000996092
                   7           -0.612396           -0.613921          0.00087937
                   8            -0.61787           -0.614414         0.000907572
                   9           -0.615879           -0.614577         0.000816779
                  10           -0.615023           -0.614622          0.00073191
                  11            -0.61643           -0.614786          0.00068215
                  12           -0.611086           -0.614478         0.000694885
                  13           -0.613511           -0.614404         0.000643513
                  14           -0.614895           -0.614439          0.00059681
                  15           -0.613833           -0.614398         0.000557066
                  16           -0.612296           -0.614267         0.000537399
                  17           -0.616435           -0.614394         0.000520654
                  18           -0.613837           -0.614363         0.000491853
                  19            -0.61194           -0.614236         0.000482413
                  20           -0.615777           -0.614313         0.000464097
                  21           -0.618675           -0.614521         0.000487882
                  22           -0.613201           -0.614461         0.000469026
                  23           -0.614853           -0.614478         0.000448495
                  24           -0.615509           -0.614521         0.000431545
                  25           -0.616348           -0.614594         0.000420328
                  26           -0.614261           -0.614581         0.000404041
                  27           -0.616651           -0.614658         0.000396274
                  28            -0.61634           -0.614718         0.000386559
                  29            -0.61548           -0.614744         0.000373917
                  30           -0.611535           -0.614637         0.000376743
                  31           -0.616911            -0.61471         0.000371696
                  32           -0.616966           -0.614781         0.000366729
                  33           -0.618358           -0.614889         0.000371606
                  34           -0.616887           -0.614948         0.000365266
                  35             -0.6121           -0.614867         0.000363891
                  36            -0.61339           -0.614826         0.000356008
                  37           -0.613481           -0.614789         0.000348154
                  38           -0.613182           -0.614747         0.000341499
                  39           -0.615058           -0.614755         0.000332723
                  40           -0.615368            -0.61477         0.000324661
                  41            -0.61474            -0.61477         0.000316644
                  42           -0.614632           -0.614766          0.00030903
                  43           -0.615412           -0.614781         0.000302131
                  44           -0.616905            -0.61483         0.000299104
                  45           -0.620886           -0.614964         0.000321872
                  46           -0.617435           -0.615018         0.000319347
                  47           -0.616057            -0.61504          0.00031326
                  48           -0.618911           -0.615121         0.000317091
                  49           -0.614868           -0.615116         0.000310595
                  50           -0.619455           -0.615202         0.000316453
                  51           -0.616693           -0.615232         0.000311561
                  52           -0.615286           -0.615233         0.000305512
                  53           -0.614861           -0.615226         0.000299774
                  54           -0.615754           -0.615235         0.000294334
                  55           -0.613693           -0.615207         0.000290291
                  56           -0.613162           -0.615171         0.000287391
                  57           -0.617466           -0.615211          0.00028516
                  58           -0.615264           -0.615212         0.000280202
                  59           -0.614815           -0.615205         0.000275494
                  60             -0.6169           -0.615233         0.000272332
                  61           -0.618931           -0.615294         0.000274603
                  62           -0.614381           -0.615279         0.000270538
                  63           -0.614879           -0.615273         0.000266285
                  64           -0.619106           -0.615333         0.000268846
                  65           -0.615744           -0.615339         0.000264753
                  66           -0.615122           -0.615336         0.000260731
                  67           -0.614516           -0.615324         0.000257102
                  68           -0.615728            -0.61533         0.000253362
                  69           -0.613708           -0.615306         0.000250766
                  70           -0.617219           -0.615333         0.000248664
                  71           -0.617689           -0.615367         0.000247372
                  72           -0.615579            -0.61537          0.00024393
                  73           -0.612679           -0.615333         0.000243372
                  74           -0.617193           -0.615358         0.000241373
                  75           -0.613552           -0.615334         0.000239348
                  76           -0.611906           -0.615289         0.000240446
                  77           -0.615078           -0.615286         0.000237318
                  78           -0.616254           -0.615298         0.000234584
                  79            -0.61544             -0.6153         0.000231603
                  80           -0.616745           -0.615318         0.000229401
                  81           -0.617625           -0.615347         0.000228335
                  82           -0.614595           -0.615338          0.00022572
                  83            -0.61874           -0.615379         0.000226721
                  84           -0.615703           -0.615382         0.000224039
                  85           -0.616013            -0.61539         0.000221511
                  86           -0.616733           -0.615405         0.000219477
                  87           -0.614817           -0.615399         0.000217045
                  88           -0.615206           -0.615396         0.000214576
                  89           -0.616468           -0.615409         0.000212493
                  90            -0.61453           -0.615399         0.000210345
                  91              -0.616           -0.615405         0.000208126
                  92           -0.615854            -0.61541         0.000205909
                  93            -0.61948           -0.615454          0.00020833
                  94           -0.610311           -0.615399         0.000213242
                  95           -0.615467             -0.6154         0.000210987
                  96           -0.618881           -0.615436         0.000211903
                  97           -0.616084           -0.615443         0.000209814
                  98           -0.615053           -0.615439           0.0002077
                  99           -0.617813           -0.615463         0.000206985
                 100           -0.611775           -0.615426         0.000208197
                   1           -0.570027           -0.570027                   0
                   2            -0.57222           -0.571123          0.00109652
                   3           -0.569885            -0.57071         0.000755705
                   4           -0.569277           -0.570352         0.000643347
                   5           -0.569055           -0.570093         0.000561807
                   6           -0.570892           -0.570226         0.000477668
                   7           -0.573993           -0.570764           0.0006727
                   8           -0.576233           -0.571448         0.000898222
                   9           -0.570402           -0.571332         0.000800637
                  10            -0.56564           -0.570762         0.000914755
                  11           -0.569708           -0.570667         0.000832955
                  12           -0.571271           -0.570717         0.000762048
                  13           -0.571568           -0.570782         0.000704035
                  14           -0.570751            -0.57078         0.000651813
                  15           -0.572362           -0.570886           0.0006159
                  16            -0.57099           -0.570892         0.000576159
                  17           -0.567898           -0.570716         0.000569139
                  18           -0.569459           -0.570646         0.000541113
                  19            -0.57189           -0.570712          0.00051601
                  20           -0.568253           -0.570589         0.000504734
                  21            -0.56926           -0.570525         0.000484247
                  22            -0.56853           -0.570435         0.000470539
                  23           -0.570684           -0.570446         0.000449747
                  24           -0.570227           -0.570437         0.000430696
                  25           -0.573075           -0.570542         0.000426375
                  26           -0.569752           -0.570512         0.000410774
                  27            -0.56921           -0.570463         0.000398197
                  28           -0.564877           -0.570264         0.000432483
                  29           -0.569728           -0.570245         0.000417712
                  30           -0.571219           -0.570278         0.000404851
                  31           -0.568334           -0.570215         0.000396563
                  32           -0.569732             -0.5702         0.000384267
                  33           -0.570178           -0.570199         0.000372441
                  34           -0.565884           -0.570073         0.000382971
                  35           -0.572541           -0.570143         0.000378497
                  36           -0.568711           -0.570103         0.000369977
                  37           -0.566162           -0.569997          0.00037527
                  38           -0.572935           -0.570074         0.000373357
                  39           -0.569146            -0.57005         0.000364435
                  40           -0.575173           -0.570178         0.000377586
                  41           -0.568012           -0.570126         0.000372033
                  42           -0.572633           -0.570185         0.000367942
                  43           -0.570467           -0.570192         0.000359343
                  44            -0.57257           -0.570246         0.000355216
                  45           -0.566015           -0.570152         0.000359734
                  46           -0.567226           -0.570088         0.000357529
                  47           -0.571845           -0.570126          0.00035183
                  48           -0.568294           -0.570087          0.00034653
                  49           -0.568679           -0.570059         0.000340599
                  50           -0.569268           -0.570043         0.000334092
                  51           -0.567224           -0.569988         0.000332108
                  52           -0.566702           -0.569924         0.000331731
                  53           -0.569705            -0.56992         0.000325438
                  54           -0.567336           -0.569872          0.00032292
                  55           -0.572122           -0.569913         0.000319622
                  56           -0.569685           -0.569909          0.00031389
                  57           -0.571427           -0.569936         0.000309481
                  58           -0.568886           -0.569918         0.000304636
                  59           -0.567561           -0.569878          0.00030208
                  60           -0.569877           -0.569878         0.000297003
                  61           -0.572483            -0.56992         0.000295199
                  62           -0.570079           -0.569923          0.00029041
                  63            -0.57247           -0.569963         0.000288608
                  64           -0.568594           -0.569942         0.000284867
                  65           -0.568703           -0.569923         0.000281097
                  66           -0.570744           -0.569935         0.000277085
                  67           -0.568194           -0.569909         0.000274153
                  68           -0.570578           -0.569919          0.00027027
                  69           -0.571613           -0.569944         0.000267453
                  70           -0.570202           -0.569948         0.000263631
                  71           -0.570618           -0.569957         0.000260062
                  72           -0.568288           -0.569934          0.00025747
                  73            -0.56932           -0.569925         0.000254058
                  74           -0.570899           -0.569939         0.000250946
                  75            -0.57182           -0.569964         0.000248845
                  76           -0.571458           -0.569983         0.000246335
                  77           -0.570949           -0.569996         0.000243439
                  78           -0.570506           -0.570002         0.000240386
                  79           -0.570301           -0.570006         0.000237354
                  80           -0.570693           -0.570015         0.000234525
                  81           -0.569028           -0.570003         0.000231932
                  82           -0.568472           -0.569984         0.000229845
                  83           -0.571358               -0.57         0.000227662
                  84           -0.570491           -0.570006         0.000225011
                  85           -0.572014            -0.57003         0.000223598
                  86           -0.568776           -0.570015         0.000221463
                  87           -0.569584            -0.57001         0.000218959
                  88           -0.569668           -0.570006         0.000216492
                  89           -0.571131           -0.570019         0.000214418
                  90           -0.566023           -0.569975         0.000216621
                  91           -0.571132           -0.569987         0.000214604
                  92           -0.567942           -0.569965          0.00021342
                  93           -0.568828           -0.569953         0.000211466
                  94           -0.571122           -0.569965         0.000209574
                  95           -0.566944           -0.569934         0.000209782
                  96           -0.570619           -0.569941         0.000207708
                  97           -0.571449           -0.569956         0.000206143
                  98           -0.571488           -0.569972         0.000204627
                  99           -0.570215           -0.569974         0.000202564
                 100           -0.571019           -0.569985           0.0002008
                   1           -0.529539           -0.529539                   0
                   2           -0.531358           -0.530448          0.00090928
                   3            -0.53123           -0.530709         0.000586019
                   4           -0.532587           -0.531179         0.000626311
                   5           -0.527482           -0.530439         0.000884338
                   6           -0.529146           -0.530224         0.000753523
                   7           -0.530409            -0.53025         0.000637393
                   8            -0.52889            -0.53008          0.00057758
                   9            -0.52991           -0.530061         0.000509729
                  10            -0.52945               -0.53         0.000459988
                  11           -0.529791           -0.529981         0.000416511
                  12           -0.530798           -0.530049         0.000386272
                  13           -0.529035           -0.529971         0.000363776
                  14           -0.533535           -0.530226         0.000422177
                  15           -0.529522           -0.530179         0.000395813
                  16           -0.535712           -0.530525         0.000506627
                  17           -0.531075           -0.530557         0.000476994
                  18           -0.531544           -0.530612         0.000453041
                  19           -0.530066           -0.530583         0.000429494
                  20           -0.530392           -0.530574         0.000407566
                  21           -0.535078           -0.530788         0.000443064
                  22           -0.529062            -0.53071         0.000429666
                  23            -0.53075           -0.530711         0.000410564
                  24           -0.528104           -0.530603         0.000407826
                  25           -0.530365           -0.530593         0.000391288
                  26           -0.531297            -0.53062         0.000376911
                  27           -0.530573           -0.530619         0.000362686
                  28           -0.528179           -0.530531         0.000360194
                  29           -0.528262           -0.530453         0.000356256
                  30           -0.527994           -0.530371           0.0003538
                  31             -0.5308           -0.530385         0.000342477
                  32           -0.528744           -0.530334         0.000335546
                  33           -0.529229             -0.5303         0.000326937
                  34            -0.53069           -0.530312         0.000317383
                  35           -0.528005           -0.530246         0.000315149
                  36           -0.531426           -0.530279          0.00030802
                  37           -0.531123           -0.530302         0.000300448
                  38           -0.528248           -0.530247         0.000297387
                  39           -0.528655           -0.530207         0.000292524
                  40           -0.531062           -0.530228         0.000285918
                  41           -0.529798           -0.530218         0.000279055
                  42            -0.53184           -0.530256         0.000275055
                  43            -0.53119           -0.530278         0.000269458
                  44           -0.531266             -0.5303         0.000264219
                  45           -0.530799           -0.530311         0.000258518
                  46           -0.527468            -0.53025         0.000260279
                  47           -0.526355           -0.530167         0.000267825
                  48           -0.528955           -0.530141         0.000263398
                  49           -0.531255           -0.530164         0.000258965
                  50           -0.529977            -0.53016         0.000253761
                  51           -0.532568           -0.530208         0.000253175
                  52            -0.53125           -0.530228         0.000249068
                  53           -0.527358           -0.530174         0.000250252
                  54           -0.532546           -0.530217         0.000249471
                  55            -0.52643           -0.530149         0.000254391
                  56           -0.529763           -0.530142         0.000249902
                  57           -0.529939           -0.530138         0.000245504
                  58           -0.530595           -0.530146         0.000241363
                  59           -0.529203            -0.53013         0.000237774
                  60           -0.529393           -0.530118           0.0002341
                  61           -0.531619           -0.530142         0.000231542
                  62           -0.527698           -0.530103         0.000231164
                  63           -0.532402           -0.530139         0.000230375
                  64           -0.533359            -0.53019         0.000232259
                  65           -0.527645           -0.530151         0.000231986
                  66           -0.534749            -0.53022         0.000238832
                  67           -0.529572           -0.530211         0.000235439
                  68            -0.52764           -0.530173         0.000235012
                  69           -0.528401           -0.530147            0.000233
                  70           -0.528503           -0.530124         0.000230845
                  71           -0.530967           -0.530136          0.00022788
                  72           -0.528712           -0.530116         0.000225561
                  73           -0.532161           -0.530144         0.000224208
                  74           -0.529319           -0.530133         0.000221438
                  75           -0.526364           -0.530082         0.000224169
                  76           -0.533175           -0.530123         0.000224912
                  77           -0.529535           -0.530115         0.000222103
                  78           -0.530096           -0.530115         0.000219237
                  79           -0.525621           -0.530058         0.000223795
                  80           -0.529322           -0.530049         0.000221171
                  81           -0.530338           -0.530053         0.000218452
                  82           -0.528986            -0.53004         0.000216163
                  83           -0.532202           -0.530066         0.000215126
                  84           -0.526793           -0.530027         0.000216091
                  85           -0.530932           -0.530037         0.000213799
                  86           -0.528448           -0.530019         0.000212105
                  87           -0.529481           -0.530013         0.000209744
                  88           -0.528008            -0.52999         0.000208594
                  89           -0.525891           -0.529944         0.000211317
                  90           -0.530812           -0.529954         0.000209178
                  91           -0.530793           -0.529963         0.000207073
                  92           -0.529061           -0.529953         0.000205044
                  93           -0.527306           -0.529925         0.000204814
                  94           -0.527086           -0.529894          0.00020486
                  95           -0.529887           -0.529894         0.000202692
                  96           -0.528749           -0.529882         0.000200924
                  97           -0.526783            -0.52985         0.000201394
                  98           -0.531326           -0.529865         0.000199896
                  99           -0.529417           -0.529861         0.000197919
                 100           -0.529049           -0.529853         0.000196097
                   1           -0.496574           -0.496574                   0
                   2           -0.494394           -0.495484          0.00109032
                   3           -0.492708           -0.494559          0.00111909
                   4           -0.492828           -0.494126         0.000901886
                   5           -0.493111           -0.493923         0.000727509
                   6           -0.494567            -0.49403         0.000603619
                   7           -0.494672           -0.494122         0.000518336
                   8           -0.495943            -0.49435         0.000503329
                   9           -0.498286           -0.494787         0.000623161
                  10           -0.490927           -0.494401         0.000677962
                  11           -0.492124           -0.494194         0.000647231
                  12           -0.498624           -0.494563         0.000696707
                  13           -0.494352           -0.494547         0.000641083
                  14           -0.492024           -0.494367         0.000620289
                  15           -0.494679           -0.494387         0.000577832
                  16           -0.492342            -0.49426         0.000555428
                  17           -0.496154           -0.494371         0.000533506
                  18           -0.493462           -0.494321         0.000505523
                  19           -0.495335           -0.494374         0.000481149
                  20            -0.49473           -0.494392         0.000456805
                  21            -0.49444           -0.494394         0.000434514
                  22           -0.494758           -0.494411         0.000414622
                  23           -0.492689           -0.494336         0.000403191
                  24           -0.494128           -0.494327         0.000386123
                  25           -0.493946           -0.494312         0.000370669
                  26           -0.494507           -0.494319         0.000356206
                  27           -0.496302           -0.494393          0.00035054
                  28           -0.492137           -0.494312         0.000347262
                  29            -0.49363           -0.494289         0.000335898
                  30            -0.49533           -0.494323         0.000326361
                  31           -0.492254           -0.494257         0.000322639
                  32           -0.493741           -0.494241          0.00031281
                  33           -0.497642           -0.494344         0.000320225
                  34           -0.491923           -0.494272         0.000318715
                  35           -0.496652            -0.49434         0.000316852
                  36           -0.492278           -0.494283         0.000313207
                  37            -0.49109           -0.494197         0.000316615
                  38           -0.496695           -0.494263         0.000315107
                  39           -0.497423           -0.494344         0.000317441
                  40           -0.492936           -0.494308         0.000311396
                  41           -0.493354           -0.494285         0.000304597
                  42           -0.494603           -0.494293         0.000297352
                  43           -0.494732           -0.494303         0.000290535
                  44            -0.49536           -0.494327         0.000284869
                  45           -0.495561           -0.494354         0.000279813
                  46           -0.497278           -0.494418         0.000280945
                  47           -0.495446            -0.49444         0.000275771
                  48           -0.492504             -0.4944         0.000272959
                  49           -0.491559           -0.494342         0.000273546
                  50            -0.49098           -0.494274         0.000276325
                  51           -0.494412           -0.494277         0.000270866
                  52           -0.493551           -0.494263         0.000265973
                  53           -0.491173           -0.494205         0.000267339
                  54           -0.493959             -0.4942         0.000262381
                  55           -0.496888           -0.494249         0.000262163
                  56           -0.494887            -0.49426         0.000257691
                  57           -0.492706           -0.494233         0.000254595
                  58           -0.492518           -0.494204         0.000251908
                  59           -0.495173            -0.49422         0.000248147
                  60           -0.495686           -0.494244         0.000245195
                  61           -0.495312           -0.494262         0.000241776
                  62           -0.494922           -0.494273         0.000238083
                  63           -0.496479           -0.494308         0.000236876
                  64           -0.495068            -0.49432         0.000233448
                  65           -0.493685            -0.49431         0.000230036
                  66            -0.49276           -0.494286         0.000227738
                  67           -0.497649           -0.494336         0.000229858
                  68           -0.496005           -0.494361         0.000227778
                  69           -0.497435           -0.494406         0.000228831
                  70           -0.496013           -0.494429         0.000226704
                  71            -0.49466           -0.494432         0.000223512
                  72           -0.491311           -0.494388         0.000224609
                  73           -0.497115           -0.494426         0.000224638
                  74           -0.493495           -0.494413         0.000221939
                  75           -0.492435           -0.494387         0.000220542
                  76           -0.495487           -0.494401         0.000218102
                  77           -0.495507           -0.494416         0.000215729
                  78           -0.494503           -0.494417         0.000212948
                  79           -0.492328            -0.49439         0.000211892
                  80           -0.493925           -0.494385         0.000209307
                  81           -0.493304           -0.494371         0.000207137
                  82           -0.492057           -0.494343         0.000206532
                  83           -0.492301           -0.494318         0.000205506
                  84           -0.493496           -0.494309         0.000203281
                  85           -0.496631           -0.494336         0.000202725
                  86           -0.496393            -0.49436         0.000201777
                  87           -0.496196           -0.494381         0.000200558
                  88           -0.495244           -0.494391         0.000198508
                  89           -0.491738           -0.494361         0.000198514
                  90           -0.497392           -0.494395         0.000199164
                  91           -0.491957           -0.494368         0.000198776
                  92           -0.491121           -0.494333         0.000199747
                  93           -0.494912           -0.494339         0.000197686
                  94           -0.493268           -0.494327         0.000195903
                  95           -0.494464           -0.494329         0.000193835
                  96           -0.492238           -0.494307         0.000193038
                  97           -0.491615           -0.494279         0.000193042
                  98           -0.494943           -0.494286         0.000191182
                  99           -0.497135           -0.494315         0.000191417
                 100           -0.495074           -0.494322         0.000189645
                   1           -0.462015           -0.462015                   0
                   2           -0.463547           -0.462781           0.0007656
                   3           -0.464825           -0.463462         0.000812066
                   4           -0.459623           -0.462502          0.00111856
                   5           -0.461021           -0.462206         0.000915691
                   6           -0.462733           -0.462294         0.000752797
                   7           -0.460885           -0.462093           0.0006673
                   8           -0.462368           -0.462127         0.000578925
                   9           -0.464963           -0.462442         0.000599955
                  10           -0.463716            -0.46257         0.000551534
                  11            -0.46294           -0.462603         0.000500014
                  12           -0.464232           -0.462739         0.000476195
                  13           -0.463717           -0.462814         0.000444445
                  14           -0.462006           -0.462756         0.000415509
                  15           -0.466005           -0.462973         0.000443325
                  16           -0.461729           -0.462895         0.000421917
                  17           -0.464277           -0.462976         0.000404567
                  18           -0.461971           -0.462921         0.000385498
                  19           -0.464861           -0.463023          0.00037867
                  20            -0.45968           -0.462856          0.00039622
                  21           -0.463289           -0.462876         0.000377444
                  22           -0.464022           -0.462928         0.000363629
                  23           -0.461325           -0.462859          0.00035438
                  24           -0.462042           -0.462825         0.000340997
                  25           -0.463219            -0.46284         0.000327453
                  26           -0.465472           -0.462942         0.000330493
                  27           -0.464063           -0.462983         0.000320719
                  28           -0.463074           -0.462986          0.00030907
                  29            -0.46259           -0.462973         0.000298534
                  30             -0.4641            -0.46301         0.000290848
                  31           -0.463076           -0.463012         0.000281317
                  32           -0.465328           -0.463085         0.000281834
                  33           -0.465608           -0.463161         0.000283662
                  34            -0.46133           -0.463107         0.000280411
                  35           -0.460197           -0.463024         0.000284693
                  36           -0.464313            -0.46306         0.000278978
                  37           -0.466135           -0.463143         0.000283776
                  38           -0.463024            -0.46314         0.000276225
                  39           -0.461093           -0.463087         0.000274123
                  40           -0.463537           -0.463099         0.000267419
                  41           -0.465065           -0.463147         0.000265187
                  42           -0.464329           -0.463175         0.000260323
                  43           -0.462747           -0.463165         0.000254392
                  44           -0.460013           -0.463093         0.000258658
                  45           -0.462386           -0.463078         0.000253333
                  46           -0.461219           -0.463037         0.000251038
                  47           -0.465022           -0.463079         0.000249244
                  48           -0.463795           -0.463094         0.000244451
                  49            -0.46601           -0.463154         0.000246693
                  50           -0.464663           -0.463184         0.000243588
                  51           -0.461278           -0.463147          0.00024167
                  52           -0.464761           -0.463178         0.000239001
                  53           -0.461389           -0.463144         0.000236865
                  54           -0.460641           -0.463098         0.000237014
                  55           -0.460777           -0.463055         0.000236459
                  56           -0.463938           -0.463071         0.000232732
                  57           -0.459777           -0.463013         0.000235804
                  58           -0.464709           -0.463043         0.000233539
                  59           -0.465529           -0.463085         0.000233382
                  60           -0.464332           -0.463105         0.000230399
                  61           -0.462427           -0.463094         0.000226863
                  62           -0.463835           -0.463106         0.000223494
                  63           -0.461587           -0.463082         0.000221237
                  64           -0.463503           -0.463089         0.000217851
                  65           -0.462664           -0.463082         0.000214573
                  66           -0.463553           -0.463089         0.000211418
                  67             -0.4621           -0.463075         0.000208761
                  68            -0.46432           -0.463093         0.000206482
                  69           -0.463594             -0.4631         0.000203597
                  70           -0.461125           -0.463072         0.000202642
                  71           -0.462846           -0.463069         0.000199793
                  72           -0.465183           -0.463098         0.000199174
                  73           -0.461821           -0.463081         0.000197204
                  74           -0.462071           -0.463067         0.000194999
                  75           -0.463793           -0.463077         0.000192625
                  76           -0.464912           -0.463101         0.000191601
                  77           -0.463176           -0.463102         0.000189099
                  78           -0.463365           -0.463105         0.000186689
                  79           -0.462259           -0.463094         0.000184622
                  80           -0.463936           -0.463105         0.000182603
                  81           -0.465211           -0.463131         0.000182199
                  82           -0.463417           -0.463134         0.000179997
                  83           -0.463646           -0.463141         0.000177922
                  84            -0.46169           -0.463123         0.000176637
                  85           -0.463153           -0.463124         0.000174546
                  86           -0.462147           -0.463112         0.000172878
                  87           -0.460524           -0.463083         0.000173451
                  88           -0.461004           -0.463059         0.000173088
                  89           -0.461313           -0.463039         0.000172253
                  90           -0.463148           -0.463041         0.000170332
                  91           -0.463026            -0.46304          0.00016845
                  92           -0.463182           -0.463042         0.000166616
                  93           -0.462278           -0.463034          0.00016502
                  94           -0.462172           -0.463025         0.000163512
                  95            -0.46201           -0.463014         0.000162134
                  96           -0.463007           -0.463014         0.000160436
                  97            -0.46105           -0.462994         0.000160059
                  98           -0.462915           -0.462993          0.00015842
                  99           -0.460846           -0.462971         0.000158303
                 100           -0.466747           -0.463009         0.000161196
