                   1             42.0086            0.840172                   0
                   2             48.0636            0.900722             0.06055
                   3             45.6134            0.904571           0.0351698
                   4             48.1008            0.918932           0.0287177
                   5             48.5332            0.929278           0.0245331
                   6               47.56            0.932932           0.0203616
                   7             46.8452            0.933499           0.0172181
                   8               47.48            0.935512           0.0150465
                   9             47.5004            0.937123           0.0133672
                  10             47.9846             0.93938           0.0121671
                  11              23.322            0.896385           0.0443807
                  12             44.0592            0.895118           0.0405337
                  13             49.0104            0.901664           0.0378557
                  14              49.017            0.907283           0.0354953
                  15             38.1034            0.897602           0.0344332
                  16             44.6456            0.897309           0.0322107
                  17             47.3794            0.900267           0.0304009
                  18             29.7608             0.88332           0.0332976
                  19             44.7166            0.883899           0.0315017
                  20             47.5398            0.887244           0.0300718
                  21             44.4698            0.887346           0.0286042
                  22             46.9916            0.889732           0.0273771
                  23             48.4318            0.893163           0.0263837
                  24             47.3434            0.895401           0.0253594
                  25              31.532             0.88481           0.0265294
                  26             47.0558            0.886976           0.0255805
                  27              45.592            0.887897            0.024632
                  28             38.7748            0.883882           0.0240731
                  29             44.8544            0.884338           0.0232326
                  30              37.714            0.880002           0.0228597
                  31              47.658            0.882362           0.0222356
                  32              41.377            0.880649           0.0215976
                  33              41.651            0.879206           0.0209826
                  34             48.6162            0.881945           0.0205395
                  35             46.6286            0.883391           0.0199964
                  36             34.6018            0.878076           0.0201468
                  37             46.4638            0.879459           0.0196436
                  38              48.057            0.881609           0.0192401
                  39             46.8642            0.883037           0.0187946
                  40             41.0714            0.881496           0.0183833
                  41             47.7896            0.883308           0.0180207
                  42             46.0232            0.884193           0.0176086
                  43             46.1848            0.885112           0.0172188
                  44              46.018            0.885913           0.0168419
                  45             47.2014            0.887204            0.016514
                  46              44.785            0.887389           0.0161521
                  47             36.8402            0.884185           0.0161261
                  48              43.516            0.883896           0.0157892
                  49             42.0468            0.883019           0.0154885
                  50              46.944            0.884137           0.0152166
                  51             46.1114            0.884884            0.014934
                  52              49.042            0.886729           0.0147598
                  53             45.9388            0.887334           0.0144912
                  54             48.0192            0.888686           0.0142845
                  55             38.9546            0.886694           0.0141633
                  56             46.3134              0.8874            0.013926
                  57             47.6278            0.888543           0.0137272
                  58             46.0782            0.889113           0.0135005
                  59             39.3322            0.887376           0.0133828
                  60             46.0366            0.887932           0.0131696
                  61              44.162            0.887855           0.0129522
                  62             47.0162            0.888701           0.0127696
                  63             46.1496            0.889246           0.0125771
                  64             35.4398            0.886426            0.012696
                  65             45.9118            0.886915           0.0125088
                  66             45.6092            0.887298           0.0123237
                  67             38.3958            0.885516           0.0122685
                  68             46.8346            0.886269           0.0121101
                  69             46.8348               0.887           0.0119557
                  70             44.7336            0.887109           0.0117842
                  71              46.221            0.887635           0.0116289
                  72             46.9518            0.888349           0.0114884
                  73             47.8096            0.889278            0.011368
                  74              47.304            0.890046           0.0112396
                  75              46.097            0.890471           0.0110969
                  76             45.3048            0.890677           0.0109518
                  77             45.7064            0.890981           0.0108129
                  78             48.6296            0.892028           0.0107246
                  79             43.8632            0.891841           0.0105896
                  80             46.4822            0.892313            0.010467
                  81             41.8952            0.891641           0.0103588
                  82             47.4578            0.892343           0.0102557
                  83              32.584            0.889443           0.0105382
                  84             46.8258            0.890004            0.010427
                  85             48.1502            0.890863           0.0103394
                  86             44.9964            0.890968            0.010219
                  87             45.3114            0.891143           0.0101023
                  88             44.8676            0.891214          0.00998713
                  89             47.4734            0.891868          0.00989595
                  90               48.42            0.892719          0.00982226
                  91             46.0916            0.893039          0.00971899
                  92             46.5022            0.893441          0.00962118
                  93             47.2172            0.893988          0.00953289
                  94             46.3236            0.894334          0.00943726
                  95             46.8246            0.894778          0.00934793
                  96             47.6894            0.895392          0.00927044
                  97             45.6484            0.895574          0.00917616
                  98              40.285            0.894656          0.00912823
                  99              44.015            0.894511          0.00903672
                 100             45.9334            0.894753          0.00894916
                   1              23.577             0.47154                   0
                   2             28.8276            0.524046            0.052506
                   3             23.2844            0.504593            0.036019
                   4             22.7902            0.492396           0.0282393
                   5             27.4028            0.503528           0.0245438
                   6             25.4704            0.504508           0.0200638
                   7             31.5864            0.522682           0.0248565
                   8             31.9684            0.537268           0.0260025
                   9              25.478            0.534189           0.0231377
                  10             25.4186            0.531608           0.0208554
                  11             36.1622            0.549029           0.0256783
                  12             32.4556            0.557369           0.0248805
                  13              33.457            0.565967           0.0244484
                  14             27.0058            0.564121             0.02271
                  15             24.4604            0.559126           0.0217237
                  16             21.4174            0.550953           0.0219029
                  17             23.8322            0.546582           0.0210334
                  18             26.1534            0.545275           0.0198735
                  19             34.6684             0.55307           0.0203503
                  20             24.2898            0.549706           0.0195968
                  21             24.3356            0.546706           0.0188801
                  22             27.8068            0.547135           0.0180066
                  23             25.9202            0.545886           0.0172512
                  24             26.7702            0.545449           0.0165225
                  25             32.5242             0.54965           0.0163953
                  26              26.648            0.549008           0.0157652
                  27              24.253             0.54664           0.0153538
                  28             25.1792            0.545102            0.014875
                  29             29.5536            0.546687           0.0144402
                  30             28.8768            0.547716           0.0139884
                  31             28.9806            0.548745           0.0135687
                  32              22.289            0.545527           0.0135261
                  33             30.6956            0.547599           0.0132726
                  34             27.8136            0.547854           0.0128788
                  35             28.9286            0.548732           0.0125362
                  36             31.7138            0.551108           0.0124126
                  37              33.188            0.554153           0.0124504
                  38              28.843             0.55475           0.0121331
                  39             21.6474            0.551627           0.0122236
                  40             31.8102            0.553742           0.0121003
                  41             31.2238            0.555467           0.0119269
                  42             25.4274             0.55435           0.0116929
                  43             28.8792             0.55489           0.0114306
                  44             23.0934            0.552776           0.0113661
                  45             23.1934              0.5508           0.0112849
                  46             31.1756            0.552381           0.0111495
                  47             20.6332            0.549408           0.0113075
                  48             26.3192            0.548929           0.0110798
                  49             30.1558            0.550034           0.0109075
                  50             29.7136            0.550919           0.0107237
                  51             23.1624              0.5492            0.010651
                  52             29.9506            0.550158            0.010488
                  53                  27            0.549966             0.01029
                  54             28.1174            0.550196           0.0101002
                  55             29.7246            0.551001          0.00994752
                  56              27.132            0.550852          0.00976941
                  57             24.3422            0.549729          0.00966197
                  58             25.6514            0.549096          0.00951499
                  59             23.5742            0.547781          0.00944438
                  60              23.472            0.546475          0.00937699
                  61              26.742            0.546284          0.00922396
                  62             31.2678             0.54756          0.00916316
                  63             25.9592            0.547109          0.00902778
                  64             21.6566            0.545328          0.00906231
                  65             32.9474            0.547076          0.00909143
                  66             29.0432            0.547588          0.00896724
                  67             25.6982            0.547086          0.00884663
                  68             27.1356            0.547022           0.0087158
                  69             24.8372            0.546293          0.00861941
                  70              28.833            0.546727          0.00850646
                  71             30.6942            0.547673          0.00843897
                  72             29.8166            0.548349          0.00834833
                  73             30.2208            0.549117          0.00826892
                  74             26.1948            0.548776          0.00816353
                  75             32.6822            0.550174          0.00817442
                  76              25.601            0.549672          0.00808176
                  77             28.2016            0.549859          0.00797829
                  78              28.559            0.550132          0.00788008
                  79             19.7844            0.548177          0.00802157
                  80             30.3658            0.548916          0.00795509
                  81             24.4374            0.548174           0.0078913
                  82             21.4462            0.546719          0.00792898
                  83              28.875             0.54709          0.00784164
                  84             27.0574            0.547019          0.00774805
                  85             21.8008            0.545713          0.00776693
                  86             30.2618            0.546406          0.00770722
                  87             19.9198            0.544704          0.00780577
                  88             22.0066            0.543516          0.00780752
                  89             27.1028              0.5435          0.00771931
                  90             28.8416             0.54387          0.00764204
                  91             24.5456            0.543288          0.00757997
                  92             33.3382             0.54463          0.00761631
                  93             28.3726            0.544876          0.00753797
                  94             25.2954            0.544461          0.00746886
                  95             27.3518            0.544488          0.00738987
                  96             31.9062            0.545463          0.00737725
                  97              24.372            0.544865          0.00732526
                  98              27.577            0.544933          0.00725045
                  99             30.2066            0.545531          0.00720171
                 100             26.6058            0.545397          0.00713059
                   1             13.5386            0.270772                   0
                   2             18.0168            0.315554            0.044782
                   3             16.4454            0.320005           0.0262353
                   4             14.4958            0.312483           0.0200183
                   5              9.5626            0.288237           0.0287805
                   6             13.5552            0.285381            0.023672
                   7             12.7498            0.281041            0.020472
                   8               15.38            0.284361           0.0180374
                   9             17.2564            0.291112           0.0172811
                  10             13.4258            0.288853            0.015621
                  11              17.138            0.293753           0.0149555
                  12             18.2548            0.299699           0.0148907
                  13             14.7402            0.299322           0.0137027
                  14             16.1214            0.300973           0.0127931
                  15             13.1586            0.298453           0.0121734
                  16             13.8522            0.297115           0.0114655
                  17             14.9254            0.297196           0.0107703
                  18              13.279             0.29544           0.0103051
                  19             12.7564            0.293318          0.00997592
                  20              12.676            0.291328          0.00967093
                  21             13.6408            0.290447          0.00924103
                  22             15.0666            0.290942          0.00882486
                  23             18.8858            0.294714          0.00923797
                  24              14.838              0.2948          0.00884509
                  25             16.9054            0.296532          0.00865897
                  26              13.456            0.295478          0.00838581
                  27             11.8178            0.293288          0.00836108
                  28             11.5362            0.291054          0.00836103
                  29             14.6164            0.291098          0.00806769
                  30             15.5402            0.291754          0.00782176
                  31             16.6212            0.293066          0.00767815
                  32              11.369            0.291014          0.00771252
                  33             12.1374            0.289551          0.00761689
                  34             12.9458             0.28865           0.0074442
                  35             12.4056            0.287492          0.00732059
                  36             14.0812            0.287329           0.0071162
                  37             13.5442            0.286884          0.00693546
                  38             15.7074            0.287602           0.0067885
                  39             14.7624            0.287798          0.00661505
                  40             15.1292            0.288168          0.00645814
                  41              15.073            0.288492          0.00630699
                  42              9.4686            0.286132          0.00659193
                  43              12.075            0.285094          0.00651995
                  44             15.0294            0.285446          0.00637977
                  45             14.1326            0.285384           0.0062367
                  46             15.5362            0.285935          0.00612444
                  47             13.4112            0.285558          0.00600455
                  48             15.2772            0.285974          0.00589285
                  49             14.8574            0.286202          0.00577584
                  50             11.9424            0.285255          0.00573785
                  51             14.1472             0.28521           0.0056244
                  52             11.6694            0.284213          0.00560449
                  53             14.5056            0.284325          0.00549885
                  54             15.1634            0.284675          0.00540745
                  55             15.7426            0.285224          0.00533651
                  56             11.8792            0.284373          0.00530895
                  57             13.4716            0.284111          0.00522156
                  58             12.1562            0.283405          0.00517918
                  59             14.8006            0.283618          0.00509513
                  60             19.0404            0.285238          0.00526487
                  61             14.1088            0.285188          0.00517808
                  62             17.2556            0.286154          0.00518476
                  63             12.0266             0.28543          0.00515294
                  64             14.2762            0.285432          0.00507179
                  65             15.2056            0.285719          0.00500141
                  66             13.8608             0.28559          0.00492674
                  67              13.654            0.285404          0.00485624
                  68             16.4218            0.286036          0.00482596
                  69             13.5144            0.285808          0.00476098
                  70             20.7226            0.287646          0.00503951
                  71             12.8868            0.287225          0.00498585
                  72             16.4176            0.287796          0.00494919
                  73             14.2376            0.287754           0.0048811
                  74              9.7596            0.286503          0.00497452
                  75             15.6812            0.286865          0.00492105
                  76             14.9216            0.287017          0.00485825
                  77             18.2826            0.288038          0.00490229
                  78             16.2888            0.288522          0.00486316
                  79             14.5992            0.288566          0.00480141
                  80             13.8206            0.288414          0.00474344
                  81             13.2142            0.288116          0.00469398
                  82             12.1858            0.287575          0.00466789
                  83             12.2542            0.287063          0.00463964
                  84             15.1568            0.287254          0.00458806
                  85             14.5854            0.287306          0.00453407
                  86             16.6472            0.287837          0.00451235
                  87             14.5302            0.287869          0.00446029
                  88             11.8906              0.2873          0.00444586
                  89              13.831             0.28718          0.00439726
                  90             14.7386            0.287264          0.00434894
                  91             14.6212            0.287321          0.00430126
                  92             16.5718            0.287801          0.00428119
                  93             14.9504            0.287921          0.00423662
                  94             14.7468            0.287996          0.00419197
                  95              10.466            0.287168          0.00422948
                  96              14.145            0.287123          0.00418543
                  97              14.624            0.287178          0.00414243
                  98             12.9256            0.286886          0.00411036
                  99             13.5052            0.286716          0.00407216
                 100              14.722            0.286794          0.00403197
                   1              9.7322            0.194644                   0
                   2              7.7822            0.175144              0.0195
                   3              7.7918            0.168708           0.0129681
                   4              8.4686            0.168874          0.00917135
                   5              6.8338            0.162434          0.00958836
                   6             10.3556            0.169881           0.0108045
                   7              8.2338            0.169137          0.00916172
                   8               8.955            0.170383          0.00803142
                   9              9.8544             0.17335          0.00767947
                  10              7.7394            0.171494          0.00711511
                  11              8.8562            0.172005          0.00645618
                  12              10.632            0.175392          0.00679718
                  13               8.503            0.174982          0.00626594
                  14               8.858            0.175137          0.00580322
                  15             10.2734            0.177159          0.00576851
                  16              10.086            0.178694          0.00561005
                  17              8.6958            0.178413          0.00527721
                  18              9.3942            0.178939          0.00500315
                  19              8.5158            0.178485          0.00475422
                  20               8.286            0.177847          0.00455519
                  21               8.776            0.177736          0.00433426
                  22               7.894            0.176834          0.00422997
                  23              8.4326            0.176478           0.0040575
                  24              5.7402            0.173908          0.00465779
                  25              8.9438            0.174107          0.00447201
                  26              7.3538            0.173067          0.00442056
                  27              7.0668            0.171892          0.00441306
                  28              9.0834            0.172241          0.00426684
                  29             10.7006            0.173682          0.00436176
                  30              7.3956            0.172823          0.00430052
                  31             10.8256            0.174232          0.00439176
                  32               8.378            0.174024          0.00425741
                  33              10.193            0.174928          0.00422427
                  34               5.427            0.172975          0.00453953
                  35               9.342            0.173371          0.00442569
                  36              7.1652            0.172536          0.00438134
                  37              7.5946            0.171978          0.00429765
                  38              9.2732            0.172333          0.00419805
                  39              6.1504            0.171068          0.00428012
                  40              8.5976             0.17109          0.00417181
                  41              7.5956            0.170623          0.00409558
                  42              8.3166             0.17052          0.00399818
                  43               6.658            0.169652          0.00399961
                  44              8.8256            0.169807          0.00391076
                  45              7.8022            0.169502          0.00383508
                  46               11.19            0.170682          0.00393214
                  47              6.7402            0.169919          0.00392256
                  48              7.2402            0.169395          0.00387546
                  49              8.2514            0.169306          0.00379659
                  50              5.3926            0.168077          0.00391767
                  51              8.9302            0.168284          0.00384563
                  52              8.9642            0.168495          0.00377688
                  53             10.2852            0.169197          0.00377086
                  54              8.1076            0.169067          0.00370267
                  55              8.2834            0.169005          0.00363525
                  56              8.6752            0.169085          0.00357065
                  57              6.7206            0.168477          0.00355981
                  58               7.867            0.168285          0.00350316
                  59               9.371            0.168609          0.00345851
                  60              7.4958            0.168298          0.00341463
                  61              8.1096            0.168198          0.00335967
                  62              7.2962            0.167838          0.00332451
                  63               8.523             0.16788          0.00327158
                  64               6.958            0.167431          0.00325117
                  65              9.3262            0.167725          0.00321421
                  66               7.866            0.167567          0.00316906
                  67              8.6448            0.167647          0.00312242
                  68              8.6124            0.167715           0.0030769
                  69               6.863            0.167273          0.00306394
                  70             10.4418            0.167867          0.00307767
                  71              9.2968            0.168121          0.00304467
                  72              7.1892            0.167783          0.00302105
                  73             10.0834            0.168248          0.00301532
                  74              7.1672            0.167911          0.00299327
                  75              8.0254            0.167812          0.00295474
                  76              9.9552            0.168224          0.00294453
                  77               8.113            0.168147          0.00290707
                  78              9.9288            0.168537          0.00289596
                  79              8.8182            0.168636          0.00286078
                  80              8.6552            0.168692          0.00282535
                  81              9.6904            0.169002          0.00280742
                  82              9.1594            0.169175          0.00277837
                  83               9.289            0.169375          0.00275197
                  84              6.5872            0.168927          0.00275567
                  85               9.407            0.169153          0.00273242
                  86               8.343            0.169126          0.00270059
                  87               7.316            0.168864          0.00268221
                  88              9.9216              0.1692          0.00267276
                  89               9.129             0.16935          0.00264683
                  90              9.3354            0.169543          0.00262436
                  91               7.917             0.16942          0.00259827
                  92              6.6944            0.169034          0.00259874
                  93             10.2202            0.169414          0.00259862
                  94              5.9416            0.168876          0.00262654
                  95              8.5388            0.168896          0.00259883
                  96              7.2396            0.168645          0.00258384
                  97              9.6936            0.168905          0.00257026
                  98              8.2422            0.168864          0.00254423
                  99               6.355            0.168442          0.00255349
                 100               7.783            0.168314          0.00253105
                   1              5.4608            0.109216                   0
                   2               4.614            0.100748            0.008468
                   3              5.4934            0.103788          0.00575708
                   4              5.5448            0.105565          0.00444181
                   5              4.7336            0.103386          0.00407236
                   6               5.288            0.103782          0.00334852
                   7              5.8374            0.105634           0.0033823
                   8              5.3638             0.10584          0.00293634
                   9               5.901            0.107193          0.00292194
                  10              5.7156            0.107905          0.00270869
                  11              4.8616            0.106935          0.00263522
                  12              5.8278            0.107736          0.00253572
                  13              6.1592            0.108925          0.00261776
                  14              3.7128            0.106448          0.00346496
                  15              6.1334             0.10753          0.00340211
                  16              5.3028            0.107438          0.00318372
                  17              4.9918             0.10699          0.00302383
                  18              5.2648            0.106896          0.00285244
                  19              4.5956            0.106108          0.00281104
                  20              6.3928            0.107195          0.00287997
                  21              4.6334            0.106503          0.00282539
                  22              5.8108            0.106945          0.00272984
                  23              4.1034            0.105863          0.00282381
                  24                3.67             0.10451          0.00302308
                  25              6.2188            0.105305          0.00300654
                  26              6.0166            0.105883          0.00294584
                  27              4.9422            0.105622           0.0028466
                  28              5.6758            0.105904           0.0027575
                  29              5.7442            0.106214          0.00267868
                  30              6.6094             0.10708          0.00272884
                  31              5.1612            0.106955          0.00264227
                  32              4.5394             0.10645          0.00260778
                  33              4.9434             0.10622          0.00253794
                  34              5.2568            0.106188          0.00246237
                  35              5.4194            0.106251          0.00239181
                  36              6.5848            0.106958          0.00242951
                  37               4.203            0.106339          0.00244263
                  38              5.6774            0.106529          0.00238504
                  39              7.6082            0.107699          0.00260113
                  40              6.5184            0.108266          0.00259784
                  41              5.7312            0.108421          0.00253843
                  42               6.597            0.108981          0.00253976
                  43              5.5844            0.109044          0.00248079
                  44               5.032            0.108853          0.00243126
                  45              5.2508            0.108768          0.00237815
                  46              5.1416            0.108639          0.00232945
                  47              6.0238             0.10889          0.00229322
                  48               5.673            0.108986          0.00224696
                  49               5.274            0.108914          0.00220179
                  50               5.726            0.109026          0.00216021
                  51              6.3084            0.109362          0.00214394
                  52              4.9022            0.109145          0.00211355
                  53              5.7708            0.109263          0.00207666
                  54              6.0006            0.109462          0.00204754
                  55              4.7998            0.109217          0.00202482
                  56               6.415            0.109558          0.00201733
                  57              4.0058            0.109041          0.00204783
                  58              5.3032             0.10899          0.00201287
                  59               5.666            0.109063          0.00197982
                  60              4.7182            0.108818           0.0019619
                  61              5.2346            0.108751          0.00193065
                  62              6.9724            0.109246          0.00196273
                  63              6.5922            0.109605          0.00196436
                  64              5.1586            0.109504          0.00193603
                  65              4.5414            0.109217          0.00192755
                  66               5.376            0.109191          0.00189829
                  67                4.77            0.108985          0.00188104
                  68               5.731            0.109068          0.00185502
                  69              6.2812            0.109308          0.00184362
                  70              6.8208            0.109695           0.0018579
                  71              5.9584            0.109829           0.0018364
                  72              5.6454            0.109872          0.00181122
                  73              6.2714            0.110085           0.0017989
                  74              6.9272            0.110469          0.00181562
                  75              4.5868            0.110219          0.00180858
                  76              5.1018            0.110112          0.00178787
                  77              4.5404            0.109861          0.00178222
                  78              6.0512            0.110004          0.00176504
                  79              6.6996            0.110308          0.00176881
                  80              5.2144            0.110233          0.00174818
                  81               5.625            0.110261          0.00172669
                  82                4.91            0.110113          0.00171183
                  83              4.5156            0.109875          0.00170783
                  84              5.7416            0.109934           0.0016884
                  85               4.902            0.109794          0.00167428
                  86              6.0612            0.109927          0.00166003
                  87              4.7534            0.109756           0.0016497
                  88              5.3568            0.109726          0.00163112
                  89               5.373            0.109701          0.00161289
                  90              5.5566            0.109717          0.00159494
                  91              6.7448            0.109993           0.0016014
                  92              4.5468            0.109786          0.00159739
                  93               6.451            0.109993           0.0015936
                  94              6.5368            0.110214          0.00159192
                  95              5.8086            0.110277          0.00157632
                  96              5.9298            0.110363          0.00156222
                  97              6.4828            0.110562          0.00155878
                  98              4.1082            0.110272          0.00156977
                  99              5.3864            0.110247          0.00155404
                 100              5.3588            0.110216          0.00153873
                   1               3.895              0.0779                   0
                   2               4.099             0.07994             0.00204
                   3              3.4564            0.076336          0.00379157
                   4              4.6684            0.080594          0.00503176
                   5              4.1878           0.0812264          0.00394855
                   6              4.1808           0.0816247          0.00324849
                   7              4.6948           0.0833777          0.00325742
                   8              4.7494            0.084829          0.00317243
                   9              5.1228           0.0867876          0.00341522
                  10              3.3192           0.0847472          0.00367342
                  11              3.3428           0.0831207          0.00369946
                  12               3.049           0.0812757          0.00384828
                  13              4.2228           0.0815203          0.00354834
                  14              3.3414           0.0804709          0.00344868
                  15              3.6324           0.0799493          0.00325263
                  16               4.199           0.0802013          0.00305297
                  17                3.76           0.0799071          0.00288282
                  18              3.4486           0.0792996          0.00278501
                  19              3.2828           0.0785815          0.00273047
                  20              4.4164           0.0790688           0.0026358
                  21              4.0372           0.0791486          0.00250841
                  22              3.6856           0.0789015          0.00240441
                  23              3.5546           0.0785619          0.00232245
                  24              3.7034           0.0783747          0.00223144
                  25              3.6102           0.0781278          0.00215451
                  26              2.6716            0.077178          0.00227751
                  27              4.2492           0.0774671          0.00221052
                  28               3.476           0.0771833          0.00214894
                  29              3.6634           0.0770483           0.0020779
                  30              4.4796           0.0774664          0.00205053
                  31              4.2072           0.0776818          0.00199494
                  32               4.256           0.0779142          0.00194553
                  33              3.9634           0.0779553           0.0018861
                  34              4.2426           0.0781581          0.00184099
                  35              2.8908           0.0775769          0.00187973
                  36              4.1348           0.0777191          0.00183229
                  37               3.617           0.0775737          0.00178801
                  38              4.5978           0.0779522            0.001781
                  39              3.7726           0.0778881          0.00173591
                  40              5.1644           0.0785231          0.00180719
                  41              4.6866            0.078894          0.00180118
                  42              4.4676            0.079143          0.00177532
                  43              3.3884           0.0788785          0.00175361
                  44              4.1332           0.0789645          0.00171545
                  45              3.7966           0.0788972          0.00167825
                  46              3.7068           0.0787937          0.00164462
                  47              5.0892           0.0792828          0.00168195
                  48              4.0658           0.0793252          0.00164708
                  49              4.6162           0.0795904          0.00163478
                  50              3.5176           0.0794057          0.00161237
                  51              4.6274           0.0796634          0.00160131
                  52              4.1446           0.0797255          0.00157144
                  53              4.4896           0.0799154          0.00155317
                  54              3.8156           0.0798487          0.00152559
                  55              3.3974           0.0796323          0.00151315
                  56              2.7358           0.0791874          0.00155107
                  57              3.3848           0.0789858          0.00153689
                  58              4.2962           0.0791054          0.00151489
                  59              3.8042           0.0790542          0.00148988
                  60              4.1192           0.0791097          0.00146589
                  61              4.2392           0.0792027          0.00144465
                  62              3.9588           0.0792023          0.00142116
                  63              4.2994             0.07931          0.00140256
                  64              2.8322           0.0789558          0.00142518
                  65                3.62            0.078855           0.0014067
                  66               4.867            0.079135          0.00141325
                  67              3.5794           0.0790224          0.00139655
                  68              3.9786           0.0790305          0.00137588
                  69              3.2694           0.0788328          0.00137014
                  70              3.9734           0.0788418          0.00135045
                  71              4.2782           0.0789365          0.00133466
                  72              3.4208           0.0787904          0.00132408
                  73               3.965           0.0787974          0.00130583
                  74              4.4906           0.0789462          0.00129664
                  75              2.5356           0.0785698          0.00133347
                  76              3.8016           0.0785364          0.00131624
                  77              4.4914            0.078683          0.00130728
                  78              3.8482            0.078661           0.0012906
                  79               4.289           0.0787511          0.00127734
                  80               3.896           0.0787407          0.00126132
                  81               3.742           0.0786925          0.00124658
                  82              3.7514           0.0786479          0.00123209
                  83              3.3348           0.0785039          0.00122565
                  84              3.4734           0.0783963          0.00121573
                  85               4.485           0.0785293          0.00120868
                  86              4.5854           0.0786825          0.00120434
                  87              3.9096           0.0786769          0.00119043
                  88              3.1662           0.0785024          0.00118968
                  89              4.8044              0.0787          0.00119272
                  90              4.5352           0.0788334          0.00118691
                  91              3.3426           0.0787017          0.00118116
                  92              3.8176           0.0786762          0.00116853
                  93              4.2606           0.0787465          0.00115803
                  94              4.2072           0.0788039          0.00114708
                  95              4.4662           0.0789146          0.00114033
                  96              4.4266           0.0790148          0.00113283
                  97               3.536           0.0789293          0.00112435
                  98              4.6832           0.0790796          0.00112293
                  99              4.3672           0.0791631          0.00111466
                 100              4.0348           0.0791784          0.00110356
                   1               2.394             0.04788                   0
                   2                2.41             0.04804             0.00016
                   3              3.4008           0.0546987          0.00665931
                   4              3.0026            0.056037          0.00489534
                   5                3.04           0.0569896          0.00390974
                   6              3.5168            0.059214          0.00389084
                   7              2.4702           0.0578126          0.00357454
                   8              2.6556            0.057225          0.00315091
                   9              3.6778           0.0590396          0.00331882
                  10              3.4584           0.0600524          0.00313648
                  11              2.7562           0.0596044          0.00287221
                  12              2.2346           0.0583617          0.00290155
                  13              2.6578           0.0579612          0.00269891
                  14              3.4576           0.0587606          0.00262344
                  15              2.9822           0.0588195            0.002443
                  16              2.7398            0.058568          0.00229901
                  17              2.2864           0.0578127          0.00228782
                  18              3.1926           0.0581482          0.00218291
                  19                2.79           0.0580246          0.00206853
                  20               3.102           0.0582254          0.00197262
                  21              3.7886            0.059061          0.00205397
                  22              3.0836           0.0591796          0.00196197
                  23              3.1524           0.0593478          0.00188226
                  24               2.932           0.0593183          0.00180237
                  25              3.5704           0.0598019          0.00179513
                  26              2.3326           0.0592962          0.00179734
                  27               3.287           0.0595348          0.00174588
                  28              3.3708           0.0598163          0.00170575
                  29              2.6812           0.0596028          0.00165968
                  30              3.2176           0.0597611           0.0016112
                  31              3.7572           0.0602573          0.00163545
                  32               3.434           0.0605205          0.00160525
                  33               2.996           0.0605023          0.00155595
                  34              2.5166           0.0602032          0.00153885
                  35                3.57           0.0605231          0.00152809
                  36              2.6762           0.0603287          0.00149771
                  37              3.5832            0.060635          0.00148854
                  38               2.334           0.0602678          0.00149466
                  39              2.8442            0.060181          0.00145841
                  40              3.6208           0.0604869          0.00145402
                  41              2.8106           0.0603826          0.00142194
                  42              2.6808           0.0602215          0.00139699
                  43              2.5304            0.059998          0.00138232
                  44               3.442           0.0601989           0.0013654
                  45              2.5554           0.0599969          0.00134992
                  46               2.468           0.0597657          0.00134034
                  47              2.4228            0.059525          0.00133341
                  48              3.9374           0.0599255          0.00136539
                  49                2.59           0.0597597          0.00134747
                  50              2.9774           0.0597554          0.00132026
                  51              3.8134           0.0600792            0.001334
                  52              3.4948            0.060268          0.00132164
                  53              2.1136           0.0599285          0.00134019
                  54               2.506           0.0597468          0.00132763
                  55               2.612           0.0596103          0.00131039
                  56              2.8844            0.059576          0.00128724
                  57               2.764           0.0595006           0.0012667
                  58               2.659           0.0593917          0.00124943
                  59              2.2768           0.0591568          0.00125032
                  60              2.6704            0.059061          0.00123303
                  61              3.1864           0.0591375          0.00121506
                  62              2.9532           0.0591363           0.0011953
                  63               3.238           0.0592256          0.00117956
                  64               3.944           0.0595327          0.00120091
                  65              2.9604           0.0595277           0.0011823
                  66              2.9062           0.0595064          0.00116445
                  67              1.6506            0.059111          0.00121319
                  68              3.2206           0.0591889          0.00119776
                  69              3.1512           0.0592445          0.00118158
                  70              2.2476           0.0590403          0.00118234
                  71               2.743           0.0589815          0.00116705
                  72              3.1274            0.059031           0.0011518
                  73              2.7382           0.0589725          0.00113741
                  74              2.5626           0.0588682          0.00112678
                  75              3.4994           0.0590165          0.00112149
                  76              2.8048           0.0589781          0.00110731
                  77               2.834           0.0589482          0.00109324
                  78               3.354           0.0590525          0.00108416
                  79              3.2398           0.0591252          0.00107281
                  80              2.8424           0.0590967           0.0010597
                  81              3.0634           0.0591235          0.00104688
                  82              2.4474           0.0589994          0.00104145
                  83              2.7308           0.0589466          0.00103018
                  84              2.6966           0.0588869          0.00101959
                  85              3.3114           0.0589733          0.00101122
                  86              2.8528            0.058951         0.000999642
                  87              3.3626           0.0590464         0.000992681
                  88               2.975           0.0590515          0.00098135
                  89              3.0906           0.0590826         0.000970756
                  90              3.3438           0.0591692         0.000963807
                  91              2.2808           0.0590202         0.000964723
                  92               3.516            0.059143         0.000962052
                  93              4.0596           0.0593801         0.000980739
                  94              2.3364           0.0592455         0.000979541
                  95              2.9868           0.0592507         0.000969189
                  96              3.0436           0.0592676         0.000959189
                  97              2.3908           0.0591495         0.000956562
                  98              2.8534           0.0591283         0.000946989
                  99              3.3318           0.0592041         0.000940437
                 100               3.118           0.0592357          0.00093152
                   1              2.4064            0.048128                   0
                   2               1.669            0.040754            0.007374
                   3              2.3726           0.0429867           0.0048073
                   4              2.7934            0.046207          0.00468248
                   5              2.7178           0.0478368          0.00397638
                   6              2.6502            0.048698          0.00335898
                   7              1.7616           0.0467743          0.00342925
                   8              2.6436           0.0475365          0.00306607
                   9              1.9644             0.04662          0.00285512
                  10              2.0394           0.0460368          0.00261944
                  11              2.4512           0.0463084          0.00238489
                  12              2.3178           0.0463123           0.0021771
                  13              2.5408           0.0466588          0.00203238
                  14              3.0176           0.0476369          0.00212065
                  15               2.165           0.0473477          0.00199528
                  16              2.7156            0.047783          0.00191649
                  17              2.2258           0.0475908          0.00181046
                  18              1.8882           0.0470449           0.0017921
                  19              2.3848           0.0470792           0.0016955
                  20              2.2718            0.046997          0.00161059
                  21              2.8508           0.0474741          0.00160455
                  22              2.4042           0.0475018          0.00153013
                  23              2.1312           0.0472897          0.00147739
                  24              2.5686           0.0474598          0.00142468
                  25               2.887            0.047871          0.00142704
                  26              2.1394           0.0476755          0.00138492
                  27               2.785           0.0479727          0.00136538
                  28              1.1326           0.0470684          0.00159652
                  29              2.7206           0.0473217          0.00156116
                  30              2.6282           0.0474964          0.00151831
                  31              2.4148           0.0475222          0.00146874
                  32               2.271           0.0474565          0.00142362
                  33              2.3446           0.0474394          0.00137991
                  34              1.9088           0.0471669          0.00136616
                  35              1.7726           0.0468322          0.00136812
                  36              3.0182           0.0472081          0.00138169
                  37              2.4062           0.0472329          0.00134406
                  38               1.858           0.0469678          0.00133479
                  39              2.4256           0.0470074          0.00130072
                  40              2.6516            0.047158           0.0012767
                  41              2.9894            0.047466          0.00128271
                  42              2.1614           0.0473651          0.00125586
                  43              2.1672           0.0472716          0.00122986
                  44              2.6442           0.0473992          0.00120834
                  45              2.0782           0.0472695          0.00118828
                  46              2.4456           0.0473052          0.00116271
                  47              1.7116           0.0470271          0.00117121
                  48              3.0548           0.0473202          0.00118342
                  49              2.2178           0.0472597           0.0011606
                  50              1.4096           0.0468783          0.00119939
                  51              1.6594           0.0466099          0.00120589
                  52              1.8554           0.0464272          0.00119651
                  53               2.403            0.046458          0.00117412
                  54              2.5004           0.0465237          0.00115405
                  55              2.4656           0.0465744          0.00113401
                  56               2.652           0.0466899          0.00111954
                  57              1.4466           0.0463783            0.001143
                  58              2.2358           0.0463497          0.00112349
                  59              2.3428           0.0463582          0.00110431
                  60              2.5922           0.0464497           0.0010896
                  61              2.3266            0.046451          0.00107159
                  62               2.838           0.0466173          0.00106719
                  63              2.2746           0.0465994          0.00105027
                  64               2.125           0.0465354          0.00103571
                  65              2.0182           0.0464404          0.00102406
                  66              2.9412           0.0466281          0.00102573
                  67              2.3656           0.0466383          0.00101036
                  68              2.2248           0.0466068         0.000995889
                  69               2.053           0.0465264         0.000984637
                  70              2.8044            0.046663         0.000980035
                  71              2.8038           0.0467955         0.000975187
                  72              2.5806           0.0468624         0.000963871
                  73              2.3608           0.0468673         0.000950588
                  74               2.508           0.0469118          0.00093871
                  75              2.1298           0.0468542         0.000927895
                  76               2.786           0.0469709         0.000923006
                  77              2.6728           0.0470551         0.000914825
                  78               2.705           0.0471454         0.000907526
                  79              1.7532           0.0469925         0.000908922
                  80              2.9518           0.0471431         0.000910027
                  81               1.629           0.0469633          0.00091653
                  82              2.6808           0.0470444         0.000908912
                  83              2.1142            0.046987         0.000899724
                  84              2.6264            0.047053         0.000891392
                  85              2.0942           0.0469922          0.00088294
                  86              2.0812           0.0469298         0.000874842
                  87              2.6008           0.0469882         0.000866702
                  88              2.3496           0.0469883         0.000856797
                  89              2.6076           0.0470463           0.0008491
                  90              1.6384           0.0468876         0.000854469
                  91              1.5498            0.046713         0.000862884
                  92              2.7952           0.0468129          0.00085928
                  93              2.2492           0.0467932         0.000850218
                  94              2.0662           0.0467351         0.000843134
                  95              1.5596           0.0465715         0.000850105
                  96              2.0486           0.0465131         0.000843223
                  97              2.5832           0.0465662         0.000836172
                  98              2.4612           0.0465933          0.00082804
                  99              2.4968           0.0466271         0.000820329
                 100              2.5068           0.0466622         0.000812842
                   1               2.208             0.04416                   0
                   2              2.2344            0.044424            0.000264
                   3              2.0944           0.0435787         0.000858965
                   4              1.8486            0.041927           0.0017598
                   5               1.684           0.0402776          0.00213978
                   6              2.2058           0.0409173          0.00186057
                   7              2.2624            0.041536          0.00168979
                   8              2.5256            0.042658          0.00184403
                   9              2.2348           0.0428844          0.00164197
                  10              1.9262           0.0424484          0.00153199
                  11              2.1366           0.0424742          0.00138597
                  12               2.076           0.0423947          0.00126771
                  13              1.7886           0.0418852          0.00127254
                  14               2.718           0.0427763          0.00147716
                  15              2.0458           0.0426523          0.00138074
                  16              1.8598           0.0423113          0.00133583
                  17              1.9878           0.0421609          0.00126376
                  18              2.9988           0.0431507          0.00154894
                  19              1.7258           0.0426962          0.00153401
                  20              1.7808           0.0423422          0.00149773
                  21               2.356           0.0425697          0.00144268
                  22               1.956           0.0424129          0.00138445
                  23              1.7958           0.0421304          0.00135271
                  24              1.8594           0.0419245          0.00131139
                  25              1.6524           0.0415694          0.00130699
                  26              1.9824           0.0414955          0.00125789
                  27              2.1136           0.0415243          0.00121075
                  28              1.6466           0.0412174          0.00120639
                  29              1.7742           0.0410197          0.00118071
                  30               1.866           0.0408964          0.00114733
                  31               2.141           0.0409585          0.00111143
                  32               2.059           0.0409654          0.00107616
                  33               1.873           0.0408592          0.00104844
                  34              1.5258           0.0405549          0.00106165
                  35               1.913           0.0404894          0.00103295
                  36              1.7854           0.0403566           0.0010126
                  37              1.1284           0.0398758          0.00109593
                  38              1.7794           0.0397629          0.00107266
                  39              1.8382           0.0396861          0.00104762
                  40              2.4156           0.0399017          0.00104361
                  41              1.6738            0.039745          0.00102984
                  42               1.619           0.0395696           0.0010202
                  43               2.114           0.0396327         0.000998185
                  44              2.1052           0.0396888         0.000976851
                  45              2.4168            0.039881          0.00097404
                  46              1.9112            0.039845          0.00095331
                  47              1.5866           0.0396723         0.000948643
                  48              2.3478           0.0398241         0.000940985
                  49              1.5968           0.0396631         0.000935536
                  50              2.4024           0.0398308         0.000931848
                  51              1.9402           0.0398107         0.000913616
                  52               2.606           0.0400474          0.00092662
                  53              0.9344           0.0396444         0.000994303
                  54              1.6638           0.0395264         0.000982818
                  55              2.1552           0.0395915         0.000966973
                  56              1.7674           0.0395157         0.000952568
                  57              1.8482           0.0394709         0.000936777
                  58              1.9684           0.0394692         0.000920486
                  59              2.5082           0.0396504          0.00092273
                  60              2.0226           0.0396638         0.000907319
                  61              1.4276           0.0394816         0.000910725
                  62               1.125           0.0392077         0.000936848
                  63              2.4458           0.0393618         0.000934648
                  64              2.3368           0.0394771         0.000927116
                  65              2.0116           0.0394887         0.000912815
                  66              2.4524           0.0396335         0.000910473
                  67              2.4306           0.0397675         0.000906738
                  68              2.0594           0.0397884         0.000893548
                  69              2.1034           0.0398214         0.000881122
                  70               2.098            0.039852         0.000868981
                  71              1.8376           0.0398083         0.000857766
                  72              1.3194           0.0396219         0.000866064
                  73               1.783           0.0395677         0.000855841
                  74              2.2182           0.0396325         0.000846681
                  75                1.01           0.0393734         0.000874577
                  76              1.7776           0.0393231         0.000864456
                  77              1.8572           0.0392948         0.000853625
                  78              2.0192           0.0393088         0.000842725
                  79              1.5334           0.0391994         0.000839148
                  80              2.0662            0.039226         0.000829018
                  81               1.724           0.0391674         0.000820813
                  82              2.0456           0.0391886         0.000811021
                  83              2.0444           0.0392091         0.000801451
                  84              1.6228           0.0391287         0.000795923
                  85              2.0904           0.0391602         0.000787135
                  86              1.9606           0.0391608         0.000777929
                  87              2.1218           0.0391985         0.000769856
                  88              2.1412           0.0392397         0.000762172
                  89              1.8868           0.0392228         0.000753749
                  90              1.5696           0.0391358         0.000750388
                  91              1.8224           0.0391062         0.000742684
                  92               1.853            0.039084         0.000734904
                  93              2.1456           0.0391252         0.000728123
                  94              1.5962           0.0390486         0.000724397
                  95              1.9382           0.0390456         0.000716738
                  96              1.6528           0.0389832         0.000711972
                  97              1.2764           0.0388445         0.000718118
                  98              1.5558           0.0387656         0.000715114
                  99              2.0034           0.0387787         0.000707976
                 100               1.563           0.0387036         0.000704882
                   1              1.7754            0.035508                   0
                   2              1.2238            0.029992            0.005516
                   3              1.4702            0.029796          0.00319069
                   4              1.5496            0.030095          0.00227588
                   5              1.3566           0.0295024          0.00185983
                   6              1.8364           0.0307067           0.0019381
                   7               1.461           0.0304943          0.00165171
                   8              1.6582            0.030828          0.00146883
                   9              1.6546           0.0310796          0.00131959
                  10              1.4382            0.030848          0.00120277
                  11              1.5502           0.0308622          0.00108804
                  12               1.821           0.0313253          0.00109592
                  13              1.8396           0.0317458          0.00109229
                  14              1.3792           0.0314486          0.00105405
                  15              2.1768           0.0322544          0.00126974
                  16              1.4346           0.0320318          0.00120842
                  17               1.746           0.0322016          0.00114776
                  18              1.7952           0.0324073          0.00110149
                  19               1.658           0.0324469          0.00104266
                  20              1.3242           0.0321488          0.00103311
                  21               1.859           0.0323884          0.00101147
                  22               1.374           0.0321653          0.00098987
                  23              1.3434            0.031935         0.000973491
                  24               1.361           0.0317385         0.000952526
                  25              1.5858           0.0317376         0.000913631
                  26               1.288           0.0315077         0.000907397
                  27              1.6358           0.0315524          0.00087429
                  28              1.0828            0.031199         0.000913623
                  29              1.5154           0.0311683         0.000882091
                  30              1.7858           0.0313199         0.000865559
                  31               1.695           0.0314031         0.000841299
                  32               1.792           0.0315418         0.000826301
                  33               2.045           0.0318253         0.000849595
                  34              1.5682           0.0318118          0.00082434
                  35              1.6888           0.0318679         0.000802406
                  36              1.5762           0.0318583         0.000779857
                  37              1.5642           0.0318428         0.000758646
                  38              1.6384           0.0318672         0.000738813
                  39              1.6584           0.0319005         0.000720392
                  40              1.5812           0.0318936         0.000702186
                  41               0.986           0.0315967          0.00074644
                  42              1.3076            0.031467         0.000739896
                  43              1.3912           0.0313823         0.000727434
                  44              1.7794           0.0314779         0.000717108
                  45              1.7218           0.0315436         0.000704067
                  46              1.7548           0.0316209         0.000692908
                  47              1.7344           0.0316861         0.000681138
                  48              1.6012           0.0316932         0.000666834
                  49              1.9364           0.0318367         0.000668677
                  50               1.469           0.0317876         0.000657007
                  51                1.75           0.0318506         0.000647069
                  52               1.777           0.0319215         0.000638458
                  53              1.6534           0.0319432         0.000626669
                  54              2.1574           0.0321507         0.000649018
                  55              1.3812           0.0320684         0.000642402
                  56               1.618           0.0320736         0.000630848
                  57               1.745           0.0321232         0.000621662
                  58              1.5954           0.0321194         0.000610861
                  59               1.433           0.0320608         0.000603275
                  60               2.074           0.0322178         0.000613558
                  61              1.1396           0.0320633         0.000622887
                  62               1.845           0.0321413         0.000617704
                  63              0.9772           0.0319413         0.000639866
                  64              1.7698           0.0319953         0.000632097
                  65              1.1916           0.0318697         0.000634843
                  66              0.6994           0.0315988         0.000681336
                  67              2.1014           0.0317544         0.000688906
                  68               1.572           0.0317498         0.000678715
                  69              2.4274           0.0319933         0.000711738
                  70              1.9326           0.0320884         0.000707917
                  71              2.0908           0.0322254         0.000711197
                  72              1.2968           0.0321381         0.000706669
                  73              2.2482           0.0323138         0.000718728
                  74              1.7764           0.0323572         0.000710278
                  75              1.2482           0.0322586         0.000707643
                  76              1.4972           0.0322282         0.000698934
                  77              1.2274           0.0321284         0.000696971
                  78              0.9572           0.0319619          0.00070783
                  79              1.3992           0.0319116         0.000700625
                  80              1.6922           0.0319357         0.000692233
                  81              1.3402           0.0318724         0.000686563
                  82              1.3028           0.0318015         0.000681838
                  83              1.2336           0.0317156         0.000679028
                  84              1.4792           0.0316902         0.000671376
                  85              2.2376           0.0318439         0.000680994
                  86              1.5228           0.0318277         0.000673223
                  87                2.11           0.0319469         0.000676035
                  88              1.3692           0.0318951         0.000670317
                  89              1.6062           0.0318977         0.000662748
                  90              1.3598           0.0318454         0.000657421
                  91              1.4926           0.0318235         0.000650526
                  92              1.2214           0.0317431         0.000648418
                  93               1.439           0.0317113         0.000642199
                  94              1.3708           0.0316656         0.000636971
                  95               1.541           0.0316567         0.000630294
                  96              2.1152           0.0317676         0.000633478
                  97               1.638           0.0317778         0.000626997
                  98              1.6378           0.0317878         0.000620646
                  99               1.957           0.0318621         0.000618818
                 100               1.566           0.0318566         0.000612622
                   1              1.5986            0.031972                   0
                   2              1.3266            0.029252             0.00272
                   3              1.0018             0.02618          0.00345012
                   4              0.7164            0.023217           0.0038381
                   5              1.5324           0.0247032          0.00332376
                   6              1.3122             0.02496          0.00272596
                   7              1.3528           0.0252594          0.00232324
                   8              1.0608            0.024754           0.0020745
                   9              1.2668           0.0248187          0.00183068
                  10              1.5106            0.025358          0.00172394
                  11               1.689           0.0261236          0.00173719
                  12              1.3192           0.0261453          0.00158598
                  13              1.4716           0.0263982          0.00148063
                  14               1.434           0.0265611          0.00138045
                  15              1.8128           0.0272075          0.00143851
                  16              1.2026           0.0270102          0.00135997
                  17              2.1716           0.0279762          0.00160158
                  18              0.8074           0.0273191          0.00164678
                  19              1.2114           0.0271564          0.00156617
                  20              1.2594            0.027058          0.00148905
                  21              1.6414           0.0273328          0.00144278
                  22              1.2956           0.0272682          0.00137715
                  23              1.5734           0.0274508          0.00132852
                  24              1.3838           0.0274602          0.00127199
                  25              0.9482           0.0271203           0.0012665
                  26               1.121           0.0269395          0.00123017
                  27               1.038           0.0267107          0.00120566
                  28              1.2442           0.0266454          0.00116363
                  29              1.4356           0.0267167          0.00112505
                  30               1.489           0.0268188          0.00109168
                  31              1.3698           0.0268374          0.00105605
                  32              1.2204           0.0267615          0.00102533
                  33              1.4808            0.026848         0.000997528
                  34              1.2262           0.0267796         0.000970156
                  35              1.6532           0.0269592         0.000958988
                  36              1.1222           0.0268338         0.000940371
                  37              1.5376           0.0269397         0.000920712
                  38              1.1612           0.0268419         0.000901474
                  39              1.2116            0.026775         0.000880602
                  40              1.1032           0.0266572         0.000866347
                  41              1.4222           0.0267008         0.000846076
                  42              1.3032           0.0266856         0.000825825
                  43              1.4864           0.0267564         0.000809489
                  44              1.1132           0.0266543          0.00079744
                  45              1.0646           0.0265351         0.000788573
                  46              0.8668           0.0263351         0.000796745
                  47              1.1758           0.0262751         0.000781913
                  48              1.2276           0.0262392         0.000766291
                  49              1.0244           0.0261219         0.000759613
                  50              1.5786           0.0262309         0.000752205
                  51              0.9356           0.0260835         0.000751904
                  52              1.8616           0.0262978         0.000767841
                  53              0.9524           0.0261611         0.000765534
                  54              0.9818           0.0260402          0.00076088
                  55              1.0232           0.0259388         0.000753767
                  56               1.525           0.0260203         0.000744653
                  57              0.8828           0.0258735         0.000746046
                  58              1.2722           0.0258661         0.000733108
                  59              0.9016           0.0257334         0.000732707
                  60                1.41           0.0257745         0.000721564
                  61              1.5886           0.0258728         0.000716415
                  62              1.4284           0.0259163         0.000706104
                  63              1.2872           0.0259135         0.000694811
                  64               1.277           0.0259077         0.000683894
                  65              1.2988           0.0259087         0.000673291
                  66              1.4822           0.0259653         0.000665422
                  67               1.291           0.0259632         0.000655419
                  68               0.901           0.0258464         0.000656189
                  69              1.1256            0.025798         0.000648412
                  70              1.2926           0.0257988         0.000639083
                  71              1.1548           0.0257607         0.000631166
                  72              1.2572           0.0257522         0.000622397
                  73              1.4932           0.0258085         0.000616391
                  74              1.1386           0.0257675         0.000609388
                  75              1.4828           0.0258193         0.000603439
                  76              1.1798           0.0257901         0.000596164
                  77              1.3796           0.0258135         0.000588836
                  78              1.1322           0.0257728         0.000582656
                  79              1.5668           0.0258432         0.000579528
                  80              1.5206           0.0259003         0.000575081
                  81              1.9266           0.0260563         0.000588958
                  82               1.263           0.0260466         0.000581812
                  83              1.0744           0.0259917         0.000577378
                  84              1.0858           0.0259408         0.000572729
                  85              1.1222           0.0258996         0.000567444
                  86              1.0676           0.0258467         0.000563295
                  87              0.8894           0.0257541         0.000564435
                  88                1.15           0.0257228         0.000558861
                  89              1.1222            0.025686         0.000553773
                  90              1.5688           0.0257492         0.000551223
                  91              1.1854           0.0257268         0.000545593
                  92               1.596           0.0257941         0.000543813
                  93              1.2952           0.0257953         0.000537935
                  94              0.7496           0.0256803          0.00054445
                  95               1.224           0.0256677         0.000538837
                  96              0.8572           0.0255789         0.000540536
                  97               1.365           0.0255967         0.000535229
                  98              1.5876           0.0256595          0.00053345
                  99               1.316           0.0256661         0.000528076
                 100              1.5268           0.0257148         0.000525032
