                   1            -21.7114           -0.434228                   0
                   2             11.3058           -0.104056            0.330172
                   3            -17.4282           -0.185559            0.207317
                   4             22.4042           -0.027148            0.215834
                   5             13.0606            0.030524            0.176852
                   6              1.8932           0.0317473            0.144404
                   7            -19.0528          -0.0272246            0.135545
                   8             34.6162            0.062719            0.147882
                   9              34.377            0.132144            0.147747
                  10             -1.1372            0.116655            0.133053
                  11              21.482            0.145108            0.123669
                  12            -23.9594           0.0930833            0.124304
                  13             21.4882            0.118982             0.11724
                  14              9.9272            0.124665            0.108691
                  15            -34.1766           0.0707851            0.114637
                  16             22.6106           0.0946242            0.109851
                  17            -10.5144           0.0766882            0.104734
                  18              1.6778            0.074292           0.0987737
                  19             -19.642           0.0497061           0.0966112
                  20             16.5978           0.0638186           0.0927336
                  21              23.246           0.0829187           0.0902515
                  22             35.0042            0.110972           0.0905086
                  23             32.7258            0.134604           0.0896547
                  24             24.2186            0.149178           0.0870663
                  25             -1.5154            0.141998           0.0838191
                  26              3.5802            0.139291           0.0805762
                  27            -22.2192            0.117673           0.0804918
                  28             30.4448            0.135217           0.0795231
                  29              5.6606            0.134458           0.0767357
                  30              -7.662            0.124868           0.0747514
                  31            -16.7274            0.110048           0.0738031
                  32              8.3306            0.111816           0.0714814
                  33             -8.4382            0.103313           0.0698012
                  34             -21.624           0.0875548           0.0695266
                  35            -12.7126           0.0777889           0.0682136
                  36              0.3234           0.0758078           0.0663213
                  37            -21.7242           0.0620161           0.0659619
                  38              -8.668            0.055822           0.0645007
                  39             -2.1826           0.0532714           0.0628768
                  40            -13.4422           0.0452185           0.0618115
                  41             -26.062           0.0314024            0.061848
                  42            -13.5324           0.0242108           0.0607844
                  43            -36.8114          0.00652614           0.0619326
                  44             -0.1168          0.00632473            0.060509
                  45              8.1984          0.00982791           0.0592527
                  46              4.6818           0.0116498           0.0579789
                  47             17.9662           0.0190471           0.0572121
                  48              4.3448           0.0204607           0.0560254
                  49             16.8298           0.0269124           0.0552481
                  50            -19.6028            0.018533           0.0547766
                  51            -21.9394          0.00956596           0.0544354
                  52            -26.4146        -0.000777462           0.0543712
                  53             -2.3286         -0.00164151           0.0533425
                  54              5.9994         0.000610889           0.0523938
                  55             27.4492           0.0105813           0.0523898
                  56            -12.5856           0.0058975           0.0516586
                  57             -7.9506          0.00300435           0.0508266
                  58            -25.0204         -0.00567517           0.0506912
                  59             -11.981         -0.00964034           0.0499821
                  60               7.228         -0.00707033           0.0492092
                  61            -16.4562          -0.0123499           0.0486829
                  62             21.4812         -0.00522129           0.0484189
                  63            -20.7302          -0.0117194           0.0480852
                  64            -12.3476          -0.0153949           0.0474705
                  65            -12.0462          -0.0188646           0.0468631
                  66             31.7328         -0.00896279           0.0471979
                  67            -16.1434          -0.0136479           0.0467236
                  68             -3.6236           -0.014513           0.0460395
                  69              19.067           -0.008776           0.0457287
                  70             -5.2314          -0.0101453           0.0450915
                  71              11.033         -0.00689454           0.0445705
                  72              5.0522         -0.00539539           0.0439727
                  73               0.466         -0.00519381           0.0433666
                  74              3.0118         -0.00430962           0.0427857
                  75             35.0688          0.00509952           0.0432473
                  76              8.9296          0.00738232           0.0427355
                  77            -14.6836          0.00347252           0.0423577
                  78            -35.4474         -0.00566108           0.0427971
                  79             33.9726          0.00301124           0.0431327
                  80             13.9482          0.00646065           0.0427296
                  81             20.1672           0.0113604           0.0424823
                  82              6.1064           0.0127113           0.0419828
                  83            -20.1528          0.00770202           0.0417753
                  84            -31.4186         0.000129714           0.0419638
                  85              6.9822          0.00177106           0.0414996
                  86             18.8664            0.006138           0.0412461
                  87              8.6006           0.0080446           0.0408138
                  88              6.0642          0.00933141           0.0403678
                  89              1.1474           0.0094844            0.039912
                  90              -3.582          0.00858302           0.0394763
                  91             25.9084           0.0141829           0.0394397
                  92            -13.9426           0.0109977           0.0391385
                  93            -11.6254          0.00837935           0.0388038
                  94             -4.5816           0.0073154           0.0384035
                  95              1.6242          0.00758034            0.037998
                  96             -22.888          0.00273304           0.0379113
                  97              7.7912           0.0043113           0.0375516
                  98             17.3196          0.00780192             0.03733
                  99            -22.0994          0.00325859           0.0372293
                 100             16.6924          0.00656448           0.0370031
                   1             -3.4562           -0.069124                   0
                   2              6.5052             0.03049            0.099614
                   3             -3.4838         -0.00289867           0.0665015
                   4              4.6364            0.021008           0.0527518
                   5              1.1014            0.021212           0.0408619
                   6             -4.1274          0.00391867           0.0375791
                   7             -2.1366         -0.00274571           0.0324518
                   8              8.7894            0.019571            0.035887
                   9              0.3008           0.0180649           0.0316852
                  10              0.4258             0.01711           0.0283562
                  11              3.9476            0.022732            0.026258
                  12              -5.306           0.0119943           0.0262653
                  13               8.396           0.0239886            0.026974
                  14             -6.0598           0.0136183           0.0270407
                  15             -4.1778             0.00714           0.0259937
                  16             -2.0828          0.00409025           0.0245054
                  17              0.3436          0.00425388           0.0230194
                  18             -3.7036        -9.75556e-05           0.0221348
                  19              7.0098          0.00728632           0.0222013
                  20             -5.3078           0.0016142           0.0218124
                  21             -8.7774          -0.0068221           0.0223973
                  22              5.3156         -0.00167964           0.0219655
                  23              -4.784         -0.00576661           0.0213829
                  24               0.359         -0.00522717           0.0204797
                  25              5.2858         -0.00078944           0.0201385
                  26              0.9662        -1.58462e-05           0.0193639
                  27             -2.4804         -0.00185259           0.0187232
                  28              3.3182         0.000583714           0.0182059
                  29             -3.4858         -0.00184041           0.0177334
                  30             -4.0516         -0.00448013           0.0173342
                  31              5.1796        -0.000993935           0.0171244
                  32             -6.7668         -0.00519212           0.0171038
                  33              -5.426         -0.00832327           0.0168705
                  34             -0.1212         -0.00814976           0.0163677
                  35             -0.3662         -0.00812617           0.0158932
                  36               -1.47         -0.00871711           0.0154567
                  37            -11.9782          -0.0149562           0.0162765
                  38               2.631          -0.0131779           0.0159418
                  39             -0.4158          -0.0130532           0.0155282
                  40              2.6664          -0.0113937           0.0152257
                  41                3.55          -0.0093841           0.0149851
                  42                8.31         -0.00520352           0.0152098
                  43             -4.1646         -0.00701953           0.0149625
                  44              2.5574         -0.00569755           0.0146781
                  45              0.5732         -0.00531618           0.0143533
                  46               0.319         -0.00506191           0.0140401
                  47              2.8374         -0.00374681           0.0138009
                  48              -4.316         -0.00546708           0.0136194
                  49             -0.2222          -0.0054462           0.0133386
                  50             -5.6254         -0.00758744           0.0132433
                  51             -9.2344            -0.01106           0.0134375
                  52               -0.55          -0.0110588           0.0131766
                  53              3.0792         -0.00968823            0.012998
                  54             -2.5842          -0.0104659           0.0127787
                  55              4.1594         -0.00876313           0.0126593
                  56              4.8064         -0.00689007           0.0125715
                  57             -0.5404         -0.00695881           0.0123492
                  58             -2.6056         -0.00773731           0.0121593
                  59              1.2372         -0.00718678           0.0119641
                  60               1.795         -0.00646867           0.0117849
                  61              9.6038         -0.00321384           0.0120385
                  62             -8.7444         -0.00598277           0.0121621
                  63              -1.747         -0.00644241           0.0119763
                  64              -2.796          -0.0072155           0.0118131
                  65             -1.7986         -0.00765791           0.0116383
                  66             -7.3366         -0.00976509           0.0116527
                  67              5.2228          -0.0080603           0.0116034
                  68              0.2356         -0.00787247            0.011433
                  69              5.1172         -0.00627513           0.0113788
                  70               5.779         -0.00453434           0.0113494
                  71             -2.1762         -0.00508349           0.0112018
                  72             -4.2388         -0.00619033           0.0111005
                  73             -2.6482         -0.00683107           0.0109661
                  74              4.5588         -0.00550665           0.0108977
                  75              7.6602         -0.00339051           0.0109577
                  76              1.8436         -0.00286074           0.0108255
                  77              0.2162         -0.00276743           0.0106844
                  78              0.3206         -0.00264974           0.0105472
                  79             -0.1998         -0.00266678           0.0104128
                  80             -1.9572         -0.00312275           0.0102919
                  81              1.6198         -0.00268425           0.0101735
                  82              0.6778          -0.0024862           0.0100507
                  83            -11.1216         -0.00513614           0.0102764
                  84               5.034         -0.00387643           0.0102311
                  85             -4.0618         -0.00478654           0.0101509
                  86             -3.2322         -0.00548256           0.0100563
                  87              3.4492         -0.00462662          0.00997685
                  88              7.4702         -0.00287627           0.0100169
                  89              0.9886          -0.0026218          0.00990702
                  90             -0.7454         -0.00275831          0.00979727
                  91             -3.0042         -0.00338826          0.00970947
                  92             -2.1264          -0.0038137          0.00961277
                  93              1.1238         -0.00353101          0.00951305
                  94             -4.4254         -0.00443502          0.00945462
                  95              6.9178         -0.00293196          0.00947455
                  96             14.0112         1.75833e-05          0.00982836
                  97             -0.0706         2.84536e-06          0.00972652
                  98              0.9424         0.000195143          0.00962868
                  99               3.717         0.000944081          0.00956031
                 100             -0.1462           0.0009054           0.0094643
                   1              1.2046            0.024092                   0
                   2              1.1706            0.023752             0.00034
                   3              -0.923          0.00968133            0.014072
                   4              -2.015           -0.002814           0.0159732
                   5              0.0146          -0.0021928           0.0123884
                   6               1.058          0.00169933           0.0108381
                   7              0.1692             0.00194            0.009163
                   8             -0.6482             7.7e-05          0.00815115
                   9             -4.2794         -0.00944133           0.0119279
                  10              1.7638          -0.0049696           0.0115679
                  11              1.1396         -0.00244582           0.0107636
                  12              -2.537         -0.00647033           0.0106181
                  13              0.8998         -0.00458831          0.00994686
                  14               3.161         0.000255143            0.010405
                  15             -0.4932        -0.000419467          0.00971003
                  16              1.9526           0.0020475          0.00941196
                  17             -1.4454         0.000226588          0.00902657
                  18               1.942          0.00237178          0.00877653
                  19              -0.138          0.00210168          0.00830616
                  20             -5.6414          -0.0036448           0.0097527
                  21             -0.7394         -0.00417543          0.00929183
                  22              3.1162         -0.00115273          0.00936087
                  23              1.2148        -4.62609e-05           0.0090128
                  24             -0.4538          -0.0004225           0.0086373
                  25              3.1642          0.00212576          0.00866766
                  26             -1.8746            0.000602          0.00846588
                  27             -0.3578         0.000314667          0.00815136
                  28             -2.2376         -0.00129486          0.00801805
                  29               0.636        -0.000811586          0.00775171
                  30              4.1108            0.001956           0.0079839
                  31              1.5338          0.00288245          0.00777743
                  32             -3.3856         0.000676375          0.00784696
                  33              -0.777          0.00018497          0.00762131
                  34              -1.395        -0.000641059          0.00743976
                  35             -2.9946         -0.00233394          0.00741977
                  36              -3.734         -0.00434356          0.00748552
                  37              2.6176         -0.00281124          0.00743991
                  38             -1.4436         -0.00349705          0.00727388
                  39             -0.7472         -0.00379056          0.00709099
                  40             -2.6236          -0.0050076          0.00701778
                  41              3.7346         -0.00306371          0.00711516
                  42             -0.9288         -0.00343305           0.0069535
                  43              3.1432         -0.00189126          0.00696272
                  44              -0.887         -0.00225145          0.00681216
                  45              1.7398         -0.00142818          0.00670976
                  46              0.3794         -0.00123217           0.0065652
                  47              1.2048        -0.000693277          0.00644656
                  48              0.2246         -0.00058525          0.00631175
                  49              1.1192         -0.00011649          0.00619935
                  50             -1.5344         -0.00072792          0.00610479
                  51             -5.6424         -0.00292635          0.00637496
                  52             -0.6896         -0.00313531          0.00625465
                  53              3.1548         -0.00188566          0.00626147
                  54             -3.7998         -0.00325807          0.00629583
                  55             -1.4336         -0.00372015          0.00619755
                  56             -0.9862         -0.00400593          0.00609258
                  57             -1.7198         -0.00453909          0.00600844
                  58              -0.871         -0.00476117          0.00590811
                  59              -3.837         -0.00598115          0.00593388
                  60              -0.852         -0.00616547          0.00583705
                  61              2.0616         -0.00538846          0.00579291
                  62             -3.1398         -0.00631439          0.00577344
                  63              1.0592          -0.0058779          0.00569781
                  64               -0.37         -0.00590169          0.00560812
                  65             -0.9876         -0.00611477          0.00552528
                  66             -0.2228         -0.00608964          0.00544098
                  67              1.3204          -0.0056046          0.00538106
                  68              1.4854         -0.00508529          0.00532671
                  69              4.3472         -0.00375154          0.00541574
                  70               2.768         -0.00290709           0.0054042
                  71             -1.5724         -0.00330907          0.00534269
                  72              3.5072         -0.00228889          0.00536583
                  73              1.6726         -0.00179929          0.00531442
                  74             -1.4382         -0.00216368          0.00525476
                  75             -0.2524         -0.00220213          0.00518436
                  76              2.8536         -0.00142221          0.00517481
                  77              -1.256         -0.00172997          0.00511642
                  78              2.3424         -0.00110718          0.00508866
                  79              2.0642        -0.000570582          0.00505241
                  80             -2.3702           -0.001156          0.00502308
                  81             -0.2726         -0.00120904          0.00496096
                  82             -1.0326         -0.00144615          0.00490583
                  83             -0.0992         -0.00145263          0.00484636
                  84             -2.8972         -0.00212514          0.00483532
                  85             -2.8232         -0.00276442          0.00482067
                  86              1.6262         -0.00235409          0.00478192
                  87             -0.2182          -0.0023772          0.00472669
                  88             -3.8594         -0.00322732          0.00474938
                  89             -0.5536         -0.00331546          0.00469654
                  90             -1.9756         -0.00371764          0.00466144
                  91               1.911         -0.00325679          0.00463291
                  92               2.897         -0.00259161          0.00463031
                  93             -0.3832         -0.00264615          0.00458057
                  94             -1.2336         -0.00288047          0.00453763
                  95              3.6386         -0.00208413          0.00455969
                  96             -1.8994         -0.00245813          0.00452742
                  97              2.2418         -0.00197056          0.00450695
                  98              0.4522         -0.00185816          0.00446214
                  99              4.7878        -0.000872162          0.00452556
                 100              1.3706         -0.00058932          0.00448899
                   1              0.3268            0.006536                   0
                   2              2.3698            0.026966             0.02043
                   3             -0.6228           0.0138253            0.017658
                   4               0.764            0.014189           0.0124914
                   5             -0.6282           0.0088384           0.0110567
                   6              0.8246            0.010114          0.00911741
                   7              1.3056           0.0123994          0.00803739
                   8              -1.406           0.0073345          0.00860832
                   9             -0.9258          0.00446222          0.00811701
                  10              2.5096           0.0090352          0.00858026
                  11              4.4724           0.0163455           0.0106618
                  12             -1.5166           0.0124557           0.0104814
                  13              2.8198           0.0158357           0.0102168
                  14               2.705           0.0185689          0.00984587
                  15               1.878           0.0198349          0.00925303
                  16             -2.9744           0.0148773          0.00997471
                  17             -0.1782           0.0137925           0.0094322
                  18             -1.0166           0.0118967          0.00909259
                  19              3.0426           0.0144733          0.00897839
                  20              0.9912           0.0147408          0.00852185
                  21              2.7784            0.016685          0.00833578
                  22             -1.9944           0.0141135           0.0083535
                  23              0.1024           0.0135889          0.00799927
                  24             -0.1318           0.0129128          0.00768849
                  25              0.3282           0.0126589          0.00737892
                  26              1.0612           0.0129883          0.00709708
                  27               0.092           0.0125754          0.00684164
                  28             -2.0908           0.0106329            0.006873
                  29              0.8068           0.0108226          0.00663448
                  30             -0.1488           0.0103627            0.006426
                  31             -0.7044          0.00957394           0.0062651
                  32              0.2166          0.00941013          0.00606837
                  33             -2.4526          0.00763855          0.00614262
                  34               0.588          0.00775976          0.00596045
                  35              0.5164          0.00783314          0.00578811
                  36              0.7944          0.00805689          0.00562948
                  37              1.2684          0.00852476          0.00549517
                  38             -0.7804          0.00788968          0.00538618
                  39              0.9868          0.00819344          0.00525504
                  40             -0.6034           0.0076869          0.00514697
                  41              0.4302          0.00770927          0.00501991
                  42              3.5934          0.00923686          0.00513157
                  43             -1.2896          0.00842223           0.0050766
                  44             -1.9182          0.00735891          0.00507258
                  45             -0.7298          0.00687102          0.00498252
                  46             -1.4538          0.00608957          0.00493526
                  47              1.3782          0.00654647          0.00485068
                  48              0.7398          0.00671833          0.00475166
                  49              1.2786           0.0071031          0.00466956
                  50               0.199          0.00704064          0.00457564
                  51              0.1114          0.00694627          0.00448602
                  52             -1.0826          0.00639631          0.00443315
                  53              1.2006          0.00672868          0.00436138
                  54             -0.1776           0.0065383          0.00428408
                  55             -1.2512          0.00596444          0.00424444
                  56              -0.017          0.00585186          0.00416948
                  57              2.1324           0.0064974          0.00414624
                  58             -2.0426          0.00568103          0.00415511
                  59              0.7896          0.00585241          0.00408767
                  60               2.489          0.00658453          0.00408511
                  61             -2.3174          0.00571679          0.00411023
                  62              0.8596          0.00590187          0.00404762
                  63               0.029           0.0058174          0.00398375
                  64              0.5428          0.00589613           0.0039218
                  65              0.7482          0.00603563          0.00386351
                  66              1.8314          0.00649915          0.00383266
                  67              1.2508          0.00677552          0.00378512
                  68              0.3874          0.00678982          0.00372907
                  69               0.855          0.00693925          0.00367767
                  70             -0.4432          0.00671349          0.00363177
                  71              0.8578          0.00686056          0.00358328
                  72             -2.4786          0.00607678          0.00361905
                  73              0.1372          0.00603112          0.00356942
                  74             -0.1022            0.005922          0.00352255
                  75              1.4058          0.00621792          0.00348784
                  76              0.2178          0.00619342          0.00344173
                  77              1.4514          0.00648997          0.00340966
                  78             -1.5468          0.00601015          0.00339969
                  79              1.3134          0.00626658          0.00336616
                  80              1.5822           0.0065838          0.00333892
                  81              1.3744          0.00684188          0.00330752
                  82              0.2814          0.00682707          0.00326697
                  83             -0.0224          0.00673942          0.00322856
                  84              0.9802          0.00689257          0.00319357
                  85              2.3702          0.00736918          0.00319156
                  86              0.8718          0.00748623           0.0031564
                  87              1.5788          0.00776313          0.00313217
                  88             -2.6458          0.00707359          0.00317223
                  89              1.5638          0.00734553          0.00314815
                  90             -1.5044           0.0069296          0.00314063
                  91             -0.4232          0.00676044          0.00311053
                  92              1.2934          0.00696813          0.00308354
                  93              0.0786          0.00691011          0.00305075
                  94             -0.8496          0.00665583          0.00302882
                  95             -0.8192          0.00641331          0.00300656
                  96             -0.5382          0.00623438          0.00298046
                  97             -2.3018          0.00569551          0.00299839
                  98              3.1308          0.00627633          0.00302394
                  99              0.0832          0.00622974           0.0029936
                 100             -1.3016          0.00590712          0.00298102
                   1              0.6116            0.012232                   0
                   2             -0.1178            0.004938            0.007294
                   3             -1.1812         -0.00458267           0.0104104
                   4             -0.5292           -0.006083          0.00751263
                   5              0.8244          -0.0015688           0.0073649
                   6              0.5544         0.000540667          0.00637268
                   7              0.2404          0.00115029          0.00542029
                   8             -0.2942            0.000271          0.00477575
                   9               0.568          0.00150311          0.00438833
                  10             -0.9976          -0.0006424          0.00447316
                  11              0.9954          0.00122582          0.00445661
                  12             -0.0046            0.001116           0.0040698
                  13             -0.1112         0.000859077          0.00375247
                  14              1.1602          0.00245514          0.00382321
                  15              -0.474          0.00165947          0.00364706
                  16              0.6776          0.00240275          0.00349155
                  17             -0.2638          0.00195106           0.0033107
                  18              0.3374          0.00221756          0.00313271
                  19              0.0074          0.00210863          0.00296525
                  20               -0.48           0.0015232          0.00287335
                  21             -0.2456          0.00121676          0.00275023
                  22              0.7438          0.00183764          0.00269474
                  23             -0.3032          0.00149409          0.00259773
                  24              0.6262          0.00195367          0.00252924
                  25              0.0014          0.00187664          0.00242719
                  26             -0.6058          0.00133846          0.00239326
                  27               0.544          0.00169185          0.00232988
                  28              0.5942          0.00205586          0.00227444
                  29             -0.3468          0.00174579          0.00221641
                  30              0.0316          0.00170867          0.00214157
                  31             -1.7348         0.000534323          0.00238108
                  32             -0.6654          0.00010175           0.0023457
                  33              1.4108         0.000953697          0.00242789
                  34             -0.5098         0.000625765          0.00237812
                  35             -0.0606         0.000573257          0.00230977
                  36              1.3974          0.00133367          0.00236999
                  37              0.1984          0.00140486          0.00230615
                  38             -1.0058         0.000838526          0.00231498
                  39             -0.4104         0.000606564          0.00226674
                  40             -0.8832           0.0001498          0.00225607
                  41              -1.334        -0.000504585           0.0022956
                  42              0.1088        -0.000440762          0.00224119
                  43              0.7392        -8.66977e-05           0.0022169
                  44              0.3024         5.27273e-05          0.00217041
                  45              0.0878         9.05778e-05          0.00212197
                  46               0.857         0.000461217          0.00210817
                  47              0.9336         0.000848681           0.0020989
                  48             -0.3202         0.000697583          0.00206025
                  49              -1.274         0.000163347           0.0020873
                  50              0.4392          0.00033576          0.00205238
                  51              0.8276         0.000653725          0.00203671
                  52              1.1594          0.00108708          0.00204363
                  53             -0.2058         0.000988906           0.0020071
                  54               0.614            0.001198          0.00198065
                  55              0.4434          0.00133745           0.0019493
                  56             -1.0652         0.000933143          0.00195641
                  57             -0.7534         0.000652421          0.00194217
                  58              0.2296         0.000720345           0.0019096
                  59             -0.9454         0.000387661          0.00190621
                  60              0.4582         0.000533933          0.00187987
                  61              1.3774         0.000976787           0.0019011
                  62             -0.0878          0.00093271           0.0018707
                  63              1.1548          0.00128451          0.00187409
                  64             -2.4572         0.000496563          0.00200582
                  65              1.4614         0.000938585          0.00202358
                  66             -0.1902         0.000866727          0.00199398
                  67             -0.0662          0.00083403          0.00196427
                  68             -0.3658         0.000714176          0.00193887
                  69              0.6244         0.000884812          0.00191817
                  70             -0.3324           0.0007772          0.00189363
                  71             -0.1978         0.000710535          0.00186796
                  72                0.63         0.000875667          0.00184922
                  73              0.9814          0.00113255          0.00184172
                  74              0.4002          0.00122541          0.00181903
                  75               0.101            0.001236          0.00179464
                  76              0.6578          0.00139284           0.0017778
                  77              1.2012          0.00168675          0.00177901
                  78             -0.3282          0.00158097          0.00175924
                  79             -1.1274          0.00127554          0.00176348
                  80              0.5504           0.0013972          0.00174554
                  81             -0.2876          0.00130894          0.00172611
                  82              0.2614          0.00135673           0.0017056
                  83              0.0572          0.00135417          0.00168493
                  84              0.9038          0.00155324          0.00167661
                  85              0.5528          0.00166504          0.00166053
                  86             -1.0974          0.00139047          0.00166392
                  87              1.2806          0.00166887          0.00166808
                  88             -1.2504          0.00136573          0.00167665
                  89             -0.3136          0.00127991          0.00165993
                  90             -1.0864          0.00102427          0.00166117
                  91              1.5192           0.0013469          0.00167419
                  92              0.8032          0.00150687           0.0016636
                  93             -0.1786          0.00145226          0.00164653
                  94             -0.7972          0.00126719          0.00163939
                  95              0.3156          0.00132029          0.00162291
                  96              -1.079          0.00108175          0.00162354
                  97             -1.3636         0.000789443          0.00163309
                  98              -0.105         0.000759959          0.00161661
                  99             -1.7414         0.000400485          0.00164007
                 100             -0.2506          0.00034636          0.00162449
                   1              -0.262            -0.00524                   0
                   2              -0.557            -0.00819             0.00295
                   3             -0.8834          -0.0113493          0.00358918
                   4              0.6684            -0.00517          0.00668021
                   5             -0.2066          -0.0049624          0.00517863
                   6             -0.2036           -0.004814          0.00423094
                   7             -0.4152         -0.00531257          0.00361039
                   8              0.0606           -0.004497          0.00323131
                   9             -0.9162         -0.00603333          0.00323749
                  10               0.142           -0.005146           0.0030286
                  11               0.465         -0.00383273            0.003038
                  12              0.6564         -0.00241933          0.00311269
                  13             -0.2268         -0.00258215          0.00286789
                  14             -0.5578         -0.00319457          0.00272486
                  15             -0.3152         -0.00340187          0.00254516
                  16              0.9246          -0.0020335          0.00274601
                  17              -0.259         -0.00221859          0.00258606
                  18             -0.4188         -0.00256067          0.00246204
                  19              0.1788         -0.00223768          0.00235114
                  20              0.4218           -0.001704          0.00229345
                  21             -0.4732         -0.00207352          0.00221258
                  22             -1.0096         -0.00289709          0.00226467
                  23              0.2172         -0.00258226          0.00218675
                  24               0.328         -0.00220133          0.00212802
                  25              0.2202         -0.00193712          0.00205816
                  26               0.574         -0.00142108          0.00204364
                  27              0.1722         -0.00124089          0.00197473
                  28              0.0822         -0.00113786          0.00190569
                  29             -0.7134         -0.00159062          0.00189372
                  30             -1.0886         -0.00226333          0.00194927
                  31              1.0526         -0.00151123          0.00202982
                  32              -0.737         -0.00192463          0.00200837
                  33             -0.3526            -0.00208          0.00195275
                  34             -0.8376         -0.00251153          0.00194298
                  35             -0.5584         -0.00275886          0.00190279
                  36             -0.9314         -0.00319967          0.00190099
                  37                0.15         -0.00303211          0.00185648
                  38             -0.4638         -0.00319642          0.00181442
                  39              0.2546          -0.0029839          0.00178001
                  40              0.5384          -0.0026401          0.00176868
                  41              0.0788         -0.00253727          0.00172806
                  42             -0.3866         -0.00266095          0.00169095
                  43             -0.3626         -0.00276772           0.0016546
                  44             -0.0228         -0.00271518          0.00161741
                  45              0.2502         -0.00254364          0.00159034
                  46              0.2142         -0.00239522          0.00156245
                  47              0.3458         -0.00219711          0.00154163
                  48             -0.5492         -0.00238017          0.00152023
                  49             -0.1178         -0.00237967          0.00148888
                  50             -0.8436         -0.00266952          0.00148732
                  51             -0.2872          -0.0027298          0.00145911
                  52             -0.7764         -0.00297592          0.00145179
                  53              0.2732         -0.00281668          0.00143301
                  54              0.3826         -0.00262281          0.00141952
                  55             -0.0158         -0.00258087           0.0013941
                  56             -0.7386         -0.00279857          0.00138618
                  57              0.3182         -0.00263782           0.0013711
                  58              -0.133         -0.00263821          0.00134726
                  59             -0.6746         -0.00282217          0.00133694
                  60             -0.8138          -0.0030464          0.00133346
                  61             -0.3084         -0.00309757          0.00131241
                  62              0.1224         -0.00300813          0.00129417
                  63              0.3088         -0.00286235          0.00128178
                  64             -1.3072         -0.00322612          0.00131299
                  65             -0.1384         -0.00321908          0.00129265
                  66               0.489         -0.00302212          0.00128806
                  67              0.0052         -0.00297546          0.00126955
                  68             -1.0834         -0.00325035          0.00128059
                  69             -0.3776          -0.0033127          0.00126343
                  70             -0.1742         -0.00331514          0.00124526
                  71              0.5882         -0.00310276          0.00124583
                  72              1.1028         -0.00275333          0.00127714
                  73             -0.0824         -0.00273819          0.00125961
                  74               0.366         -0.00260227          0.00124988
                  75               0.658         -0.00239211          0.00125089
                  76              0.8038         -0.00214911          0.00125801
                  77             -1.0016         -0.00238135           0.0012631
                  78             -0.4858         -0.00247538          0.00125034
                  79             -0.2504         -0.00250744          0.00123483
                  80              0.6396          -0.0023162          0.00123421
                  81             -0.2118          -0.0023399           0.0012191
                  82               0.495         -0.00219063          0.00121336
                  83             -0.4836         -0.00228077          0.00120204
                  84             -0.5676         -0.00238876          0.00119254
                  85              -0.787         -0.00254584          0.00118885
                  86             -0.0972         -0.00253884          0.00117496
                  87              0.2588         -0.00245016          0.00116476
                  88               0.001         -0.00242209          0.00115179
                  89              0.0064         -0.00239344          0.00113914
                  90             -0.6526         -0.00251187          0.00113262
                  91             -0.3588         -0.00256312          0.00112127
                  92              0.5502         -0.00241565          0.00111878
                  93             -0.2544         -0.00244439          0.00110706
                  94              0.1698         -0.00238226          0.00109698
                  95             -1.0978         -0.00258829          0.00110475
                  96             -1.7666         -0.00292938          0.00114516
                  97             -0.9406         -0.00309311          0.00114506
                  98             -0.8396          -0.0032329           0.0011419
                  99               0.892         -0.00302004          0.00115018
                 100              0.8314         -0.00282356          0.00115545
                   1              -0.037            -0.00074                   0
                   2               0.187              0.0015             0.00224
                   3              0.7322          0.00588133          0.00456822
                   4              -0.566            0.001581           0.0053784
                   5             -0.2078           0.0004336          0.00432121
                   6              0.0982         0.000688667          0.00353746
                   7              -0.229            -6.4e-05          0.00308299
                   8             -0.5332           -0.001389          0.00298064
                   9              0.3708        -0.000410667          0.00280483
                  10              0.8788            0.001388          0.00308689
                  11               -0.19         0.000916364          0.00283175
                  12             -0.5832           -0.000132          0.00278951
                  13              -0.735         -0.00125262          0.00280001
                  14              -0.233           -0.001496           0.0026037
                  15              0.2218         -0.00110053          0.00245596
                  16             -0.3308         -0.00144525          0.00232306
                  17             -0.9646         -0.00249506          0.00242153
                  18              0.3788         -0.00193556           0.0023506
                  19              0.5826         -0.00122042          0.00233562
                  20             -0.3978          -0.0015572          0.00224121
                  21             -0.5364          -0.0019939          0.00217609
                  22              0.9428         -0.00104618          0.00228102
                  23             -0.4486         -0.00139078          0.00220666
                  24              0.0298           -0.001308          0.00211434
                  25              0.2796           -0.001032           0.0020467
                  26             -0.1368         -0.00109754           0.0019675
                  27             -0.1294         -0.00115274          0.00189403
                  28               0.357        -0.000856571          0.00184901
                  29             -0.1466        -0.000928138          0.00178554
                  30             -0.5394          -0.0012568          0.00175603
                  31             -0.4738         -0.00152194          0.00171901
                  32               0.653         -0.00106625          0.00172568
                  33             -0.1324         -0.00111418          0.00167325
                  34             -0.0634         -0.00111871           0.0016233
                  35              -0.367         -0.00129646          0.00158623
                  36             -0.0658           -0.001297          0.00154154
                  37              0.0446         -0.00123784          0.00150046
                  38             -0.3558         -0.00139253          0.00146861
                  39             -0.3626         -0.00154277          0.00143833
                  40              0.0834          -0.0014625           0.0014042
                  41              0.1668         -0.00134546          0.00137452
                  42               0.096         -0.00126771          0.00134364
                  43               0.483         -0.00101358          0.00133641
                  44             -0.6416         -0.00128218          0.00133303
                  45              0.8556        -0.000873422          0.00136567
                  46             -0.0292         -0.00086713          0.00133567
                  47             -0.7788         -0.00118009          0.00134389
                  48              -0.514         -0.00136967          0.00132918
                  49             -0.6294         -0.00159861          0.00132175
                  50              0.6258         -0.00131632          0.00132546
                  51              0.4274          -0.0011229          0.00131353
                  52             -1.0306         -0.00149769          0.00134144
                  53              0.6876         -0.00120996          0.00134698
                  54              0.5772        -0.000973778          0.00134273
                  55              -0.026        -0.000965527          0.00131812
                  56              -0.226           -0.001029          0.00129592
                  57              0.3754        -0.000879228          0.00128177
                  58               -0.32        -0.000974414          0.00126306
                  59              0.5542        -0.000770034          0.00125818
                  60              -0.552          -0.0009412          0.00124882
                  61             -0.4308         -0.00106702          0.00123461
                  62             -0.5086         -0.00121387          0.00122338
                  63             -0.3206         -0.00129638          0.00120662
                  64              0.1492          -0.0012295           0.0011895
                  65              -0.063         -0.00122997          0.00117106
                  66              0.3732         -0.00109824          0.00116068
                  67             -0.4238         -0.00120836          0.00114852
                  68              0.4414         -0.00106076          0.00114108
                  69              0.7392         -0.00083113          0.00114763
                  70              0.6048        -0.000646457           0.0011461
                  71             -0.2716        -0.000713859          0.00113185
                  72             -0.4134        -0.000818778          0.00112094
                  73             -0.2118        -0.000865589          0.00110647
                  74             -0.1194        -0.000886162          0.00109161
                  75               0.235         -0.00081168          0.00107953
                  76              0.1918        -0.000750526          0.00106698
                  77              0.1106        -0.000712052          0.00105374
                  78              -0.099        -0.000728308          0.00104027
                  79             -0.1086        -0.000746582          0.00102718
                  80             -0.1854          -0.0007836          0.00101493
                  81               0.357        -0.000685778          0.00100708
                  82             -0.0112        -0.000680146         0.000994742
                  83              0.0138        -0.000668627         0.000982752
                  84             -0.0806        -0.000679857         0.000971047
                  85              0.4898        -0.000556612         0.000967437
                  86              0.1416        -0.000517209         0.000956933
                  87             -0.1056         -0.00053554         0.000946048
                  88              0.5798        -0.000397682         0.000945341
                  89              0.1158        -0.000367191         0.000935157
                  90             -0.8644          -0.0005552         0.000943627
                  91             -0.2324        -0.000600176         0.000934283
                  92             -0.5356        -0.000710087         0.000930585
                  93             -0.1642        -0.000737763         0.000920941
                  94             -0.6674        -0.000871915         0.000920914
                  95             -0.2324        -0.000911663         0.000912035
                  96              -0.222        -0.000948417         0.000903233
                  97              0.3212        -0.000872412         0.000897098
                  98              0.2434        -0.000813837         0.000889827
                  99              1.0254        -0.000598465         0.000906742
                 100              0.3362         -0.00052524         0.000900611
                   1              0.0614            0.001228                   0
                   2              0.0884            0.001498             0.00027
                   3             -0.1466         2.13333e-05          0.00148487
                   4              0.3038            0.001535          0.00184218
                   5              0.2534           0.0022416          0.00159231
                   6              0.5734          0.00377933          0.00201368
                   7             -0.3912          0.00212171          0.00237573
                   8              0.1432           0.0022145          0.00205953
                   9               0.474          0.00302178          0.00198765
                  10             -0.1744           0.0023708          0.00189325
                  11               0.052          0.00224982          0.00171678
                  12             -0.2354             0.00167          0.00167101
                  13             -0.7562         0.000378154          0.00200788
                  14               0.205            0.000644          0.00187785
                  15              0.3956          0.00112853          0.00181409
                  16             -0.5386          0.00038475          0.00185277
                  17             -0.1996         0.000127294          0.00175931
                  18               0.282         0.000433556          0.00168673
                  19              0.2406            0.000664          0.00161205
                  20              -0.207           0.0004238          0.00154807
                  21              0.0016         0.000405143          0.00147263
                  22             -0.3002         0.000113818            0.001434
                  23              0.4386         0.000490261            0.001421
                  24             -0.0834         0.000400333          0.00136347
                  25             -0.4494            2.48e-05          0.00136065
                  26               -0.11        -6.07692e-05          0.00131007
                  27              0.5076         0.000317481          0.00131614
                  28              0.1826         0.000436571          0.00127384
                  29             -0.1458         0.000320966          0.00123455
                  30              0.1884         0.000435867          0.00119821
                  31              -0.378         0.000177935          0.00118727
                  32              0.6394            0.000572          0.00121524
                  33              0.8642          0.00107842           0.0012821
                  34               0.369          0.00126376          0.00125755
                  35             -0.1104          0.00116457          0.00122511
                  36              0.6852          0.00151289           0.0012405
                  37              0.6292          0.00181211          0.00124306
                  38              -0.129          0.00169653          0.00121541
                  39              0.4064          0.00186144          0.00119527
                  40               0.225           0.0019274          0.00116687
                  41             -0.2878             0.00174          0.00115338
                  42             -0.5506          0.00143638          0.00116581
                  43              0.3628          0.00157172           0.0011464
                  44             -0.6346          0.00124755          0.00116601
                  45             -0.3654          0.00105742          0.00115555
                  46              0.1314          0.00109157          0.00113067
                  47             -0.5396         0.000838723          0.00113487
                  48             -0.3212         0.000687417          0.00112123
                  49             -0.1188         0.000624898          0.00109989
                  50              0.4486          0.00079184          0.00109052
                  51              0.1192         0.000823059          0.00106938
                  52              0.1494         0.000864692          0.00104944
                  53             -0.4918         0.000662792          0.00104906
                  54              0.3322         0.000773556          0.00103539
                  55              0.4606         0.000926982          0.00102791
                  56             -0.0472         0.000893571          0.00100994
                  57               0.783          0.00115263          0.00102533
                  58              -0.294          0.00103138          0.00101477
                  59             -0.0596         0.000993695          0.00099813
                  60             -0.0578         0.000957867         0.000982007
                  61              0.1858          0.00100308         0.000966833
                  62               0.331          0.00109368         0.000955416
                  63             -0.4126         0.000945333          0.00095176
                  64               0.168         0.000983062          0.00093753
                  65             -0.2954         0.000877046         0.000929062
                  66             -0.1676          0.00081297         0.000917118
                  67              -0.269         0.000720537         0.000908043
                  68              0.1384         0.000750647         0.000895097
                  69              -0.248         0.000667884         0.000885903
                  70              0.1684         0.000706457         0.000874007
                  71              0.0818         0.000719549         0.000861709
                  72              0.7962         0.000930722         0.000875506
                  73              -0.382         0.000813315         0.000871375
                  74               0.281          0.00087827          0.00086197
                  75              -0.085         0.000843893         0.000851094
                  76              0.7036          0.00101795         0.000857667
                  77             -0.7596         0.000807429         0.000872241
                  78             -0.2458         0.000734051         0.000864107
                  79             -0.6626         0.000557013         0.000871275
                  80              1.1402           0.0008351         0.000904143
                  81             -0.3908         0.000728296         0.000899276
                  82              0.0148         0.000723024         0.000888257
                  83             -0.2238         0.000660386         0.000879723
                  84             -0.2228         0.000599476         0.000871319
                  85             -0.8312         0.000396847         0.000884529
                  86              0.1092         0.000417628          0.00087443
                  87             -0.6078         0.000273103         0.000876321
                  88              0.3296         0.000344909         0.000869276
                  89              0.1152         0.000366921         0.000859735
                  90             -0.0366         0.000354711         0.000850217
                  91                 0.1         0.000372791         0.000841016
                  92               0.095         0.000389391          0.00083199
                  93              0.4924         0.000491097         0.000829256
                  94              0.0942         0.000505915          0.00082052
                  95             -0.5964         0.000375032          0.00082232
                  96               0.349         0.000443833         0.000816613
                  97             -0.3762         0.000361691         0.000812314
                  98              0.1456         0.000387714         0.000804403
                  99              0.5608         0.000497091         0.000803714
                 100              0.0022          0.00049256         0.000795649
                   1              0.0132            0.000264                   0
                   2             -0.5176           -0.005044            0.005308
                   3              0.0414         -0.00308667          0.00363631
                   4             -0.1526           -0.003078          0.00257128
                   5              -0.155          -0.0030824          0.00199171
                   6              0.0674           -0.002344          0.00178601
                   7             -0.0456         -0.00213943          0.00152325
                   8             -0.1762          -0.0023125          0.00133048
                   9               0.278         -0.00143778          0.00146354
                  10              -0.005           -0.001304          0.00131585
                  11             -0.1418         -0.00144327          0.00119835
                  12                0.33           -0.000773          0.00128295
                  13             -0.0156        -0.000737538          0.00118068
                  14             -0.1754        -0.000935429          0.00111086
                  15              0.0182          -0.0008488          0.00103778
                  16              0.2432         -0.00049175          0.00103433
                  17              0.2994        -0.000110588          0.00104368
                  18              -0.499        -0.000658889          0.00112644
                  19              0.2666        -0.000343579          0.00111118
                  20             -0.0774          -0.0004038          0.00105588
                  21              0.4082         4.19048e-06          0.00108405
                  22              0.1708         0.000159273          0.00104517
                  23              0.0048         0.000156522         0.000998696
                  24                0.19         0.000308333         0.000968155
                  25             -0.0828          0.00022976          0.00093194
                  26              0.0576         0.000265231         0.000896081
                  27             -0.1596         0.000137185          0.00087171
                  28              -0.052         9.51429e-05         0.000841052
                  29             -0.2622        -8.89655e-05         0.000832154
                  30              0.4802         0.000234133         0.000866434
                  31              0.2538         0.000390323          0.00085245
                  32              0.4602          0.00066575         0.000870123
                  33             -0.5162         0.000332727         0.000906715
                  34              0.1932         0.000436588         0.000885753
                  35             -0.3036         0.000250629         0.000879948
                  36             -0.0524         0.000214556         0.000855916
                  37             -1.1048        -0.000388432           0.0010279
                  38             -0.6784        -0.000735263           0.0010589
                  39              0.5634        -0.000427487          0.00107633
                  40             -0.1486          -0.0004911          0.00105101
                  41              0.1282        -0.000416585          0.00102776
                  42              0.1182        -0.000350381          0.00100517
                  43              0.0348        -0.000326047         0.000981818
                  44             -0.6316        -0.000605727         0.000999185
                  45               0.237        -0.000486933         0.000983926
                  46             -0.1684        -0.000549565         0.000964335
                  47              0.2586         -0.00042783         0.000951414
                  48             -0.4422        -0.000603167         0.000947743
                  49               0.168        -0.000522286         0.000931717
                  50             -0.1012         -0.00055232         0.000913386
                  51              -0.288        -0.000654431         0.000901102
                  52              0.4112        -0.000483692         0.000899948
                  53             -0.0848        -0.000506566         0.000883101
                  54             -0.0136        -0.000502222         0.000866604
                  55             -0.3662        -0.000626255         0.000859696
                  56              0.3068          -0.0005055         0.000852797
                  57             -0.1676        -0.000555439         0.000839189
                  58              0.0622        -0.000524414         0.000825177
                  59              0.5182        -0.000339864         0.000831801
                  60              -0.003          -0.0003352         0.000817834
                  61             -0.1648        -0.000383738         0.000805778
                  62               0.478        -0.000223355         0.000808738
                  63              0.2774        -0.000131746         0.000801053
                  64              0.4158             2.5e-07         0.000799409
                  65             -0.3002        -9.21231e-05         0.000792417
                  66              0.1432        -4.73333e-05         0.000781603
                  67              0.2518         2.85373e-05         0.000773578
                  68              0.4424         0.000158235         0.000773075
                  69              0.5252         0.000308174         0.000776404
                  70             -0.1674         0.000255943         0.000767012
                  71              0.0166         0.000257014         0.000756133
                  72             -0.4498           0.0001285         0.000756552
                  73             -0.0052         0.000125315         0.000746123
                  74              0.0334         0.000132649         0.000736008
                  75              0.2706          0.00020304         0.000729532
                  76             -0.6826         2.07368e-05         0.000742594
                  77              -0.301        -5.77143e-05         0.000737074
                  78             -0.0466        -6.89231e-05         0.000727649
                  79              0.2692         1.01266e-07         0.000721688
                  80             -0.3076           -7.68e-05         0.000716747
                  81             -0.4114        -0.000177432          0.00071496
                  82             -0.2852        -0.000244829         0.000709396
                  83              0.2092         -0.00019147         0.000702826
                  84              0.2836        -0.000121667         0.000697908
                  85              -0.312        -0.000193647         0.000693394
                  86               0.296        -0.000122558         0.000688962
                  87             -0.4036        -0.000213931         0.000687099
                  88              0.1024        -0.000188227         0.000679733
                  89             -0.4614        -0.000289798         0.000679684
                  90              -0.336        -0.000361244         0.000675876
                  91             -0.2468        -0.000411516         0.000670296
                  92              0.1864        -0.000366522         0.000664495
                  93              -0.078        -0.000379355         0.000657436
                  94              0.2228        -0.000327915         0.000652436
                  95             -0.0656        -0.000338274         0.000645614
                  96              -0.161        -0.000368292         0.000639559
                  97              0.1076        -0.000342309         0.000633464
                  98              -0.363        -0.000412898         0.000630928
                  99             -0.5938        -0.000528687         0.000635166
                 100               0.009          -0.0005216         0.000628822
                   1             -0.0836           -0.001672                   0
                   2             -0.1886           -0.002722             0.00105
                   3              0.0594         -0.00141867          0.00143742
                   4              0.0394           -0.000867          0.00115647
                   5              0.1224           -0.000204          0.00111446
                   6              0.0466        -1.46667e-05         0.000929442
                   7             -0.0212        -7.31429e-05         0.000787696
                   8             -0.1406          -0.0004155         0.000763254
                   9              0.2384         0.000160444         0.000885896
                  10             -0.2224          -0.0003004         0.000916639
                  11              0.4502         0.000545455          0.00118445
                  12             -0.0992         0.000334667          0.00110161
                  13             -0.4076        -0.000318154          0.00120541
                  14              0.1098        -0.000138571          0.00113035
                  15             -0.5386        -0.000847467           0.0012688
                  16              0.2646         -0.00046375          0.00124735
                  17             -0.0998        -0.000553882          0.00117514
                  18              0.1088        -0.000402222          0.00111826
                  19               0.067        -0.000310526          0.00106174
                  20             -0.0758          -0.0003708          0.00100905
                  21             -0.4618        -0.000792952          0.00104854
                  22              0.5244        -0.000280182          0.00112357
                  23              0.0012        -0.000266957          0.00107369
                  24             -0.0488          -0.0002965          0.00102841
                  25               0.456           8.016e-05          0.00105588
                  26               0.067         0.000128615          0.00101561
                  27             -0.1246         3.15556e-05         0.000982084
                  28              0.4148         0.000326714          0.00099132
                  29             -0.1342         0.000222897         0.000962143
                  30              0.2648            0.000392         0.000944776
                  31              0.3702         0.000618194          0.00094137
                  32              0.0552         0.000633375         0.000911604
                  33               0.147         0.000703273         0.000886308
                  34             -0.1742         0.000580118          0.00086862
                  35              0.1396         0.000643314         0.000845802
                  36              0.0392         0.000647222         0.000821981
                  37              0.4878         0.000893405         0.000836503
                  38              0.0212         0.000881053         0.000814286
                  39             -0.1716         0.000770462         0.000800805
                  40              0.1892           0.0008458         0.000784156
                  41               0.177         0.000911512         0.000767609
                  42              0.3518          0.00105733          0.00076317
                  43             -0.1838         0.000947256         0.000753297
                  44             -0.0142         0.000919273         0.000736509
                  45               0.191         0.000983733         0.000722836
                  46              -0.184         0.000882348         0.000714181
                  47              -0.328            0.000724         0.000716536
                  48              0.2254         0.000802833         0.000705865
                  49             -0.0826         0.000752735         0.000693123
                  50             -0.4618          0.00055296         0.000707893
                  51              0.2792         0.000651608         0.000700851
                  52                0.27         0.000742923         0.000693281
                  53             -0.2504         0.000634415         0.000688676
                  54              0.7564         0.000902815         0.000727151
                  55             -0.2948           0.0007792         0.000724432
                  56             -0.2148         0.000688571         0.000717128
                  57             -0.5818         0.000472351         0.000736871
                  58              0.0388         0.000477586         0.000724074
                  59              0.4504         0.000622169         0.000726233
                  60              0.4598         0.000765067         0.000728185
                  61              0.5122         0.000920459         0.000732813
                  62             -0.2132         0.000836839          0.00072573
                  63              0.0396         0.000836127         0.000714118
                  64             -0.0032         0.000822062         0.000703012
                  65             -0.0964         0.000779754         0.000693404
                  66              0.1156          0.00080297         0.000683212
                  67              0.0784         0.000814388         0.000673034
                  68             -0.1864         0.000747588         0.000666419
                  69             -0.0072         0.000734667         0.000656817
                  70              0.1196         0.000758343         0.000647799
                  71              -0.224         0.000684563         0.000642857
                  72              -0.084         0.000651722         0.000634716
                  73              0.1114         0.000673315         0.000626333
                  74              0.6386         0.000836811         0.000639079
                  75                0.19          0.00087632         0.000631737
                  76              0.0268         0.000871842         0.000623385
                  77             -0.3562            0.000768         0.000623938
                  78              -0.073         0.000739436         0.000616549
                  79             -0.5612            0.000588         0.000627249
                  80               0.346          0.00066715         0.000624396
                  81             -0.1706          0.00061679         0.000618692
                  82             -0.0208         0.000604195          0.00061123
                  83              0.4776            0.000712         0.000613369
                  84              0.1144         0.000730762         0.000606314
                  85               0.339         0.000801929          0.00060335
                  86             -0.8248         0.000600791         0.000629303
                  87              -0.434         0.000494115         0.000631109
                  88              0.0234         0.000493818         0.000623896
                  89               0.068         0.000503551         0.000616923
                  90             -0.0144         0.000494756         0.000610093
                  91               0.111         0.000513714         0.000603649
                  92              0.1246         0.000535217         0.000597439
                  93             -0.1722          0.00049243         0.000592527
                  94              0.1644          0.00052217         0.000586943
                  95              0.5778         0.000638316         0.000592233
                  96               0.117         0.000656042         0.000586299
                  97              0.2506         0.000700948         0.000581958
                  98              0.0786         0.000709837         0.000576058
                  99              0.0666         0.000716121         0.000570244
                 100              0.6148          0.00083192         0.000576268
                   1             -0.1802           -0.003604                   0
                   2              0.2546            0.000744            0.004348
                   3               0.096            0.001136          0.00254074
                   4             -0.2674           -0.000485          0.00241978
                   5              0.0876           -3.76e-05          0.00192701
                   6              0.0632         0.000179333          0.00158828
                   7             -0.0556        -5.14286e-06          0.00135496
                   8             -0.2666           -0.000671          0.00134919
                   9              -0.253         -0.00115867          0.00128593
                  10             -0.4014          -0.0018456          0.00133969
                  11              -0.058         -0.00178327           0.0012134
                  12              -0.012         -0.00165467          0.00111511
                  13              0.3552        -0.000980923          0.00122723
                  14              0.0076             -0.0009          0.00113908
                  15             -0.2694          -0.0011992          0.00110182
                  16             -0.0526            -0.00119           0.0010307
                  17              0.0836         -0.00102165         0.000982705
                  18             -0.4638         -0.00148022          0.00103378
                  19             -0.3764         -0.00179853          0.00102836
                  20             -0.0216          -0.0017302         0.000977977
                  21               0.373         -0.00129257          0.00102804
                  22             -0.0832         -0.00130945         0.000980344
                  23             -0.2778         -0.00149409         0.000954773
                  24             -0.2372          -0.0016295         0.000924101
                  25             -0.2786          -0.0017872         0.000900286
                  26             -0.0434         -0.00175185         0.000865689
                  27              0.1242         -0.00159496         0.000847654
                  28             -0.1458         -0.00164214         0.000818181
                  29             -0.0306         -0.00160662         0.000790263
                  30              0.0946            -0.00149         0.000772322
                  31             -0.4004         -0.00170026          0.00077602
                  32             -0.2494           -0.001803          0.00075837
                  33             -0.3512         -0.00196121         0.000751865
                  34              -0.064         -0.00194118         0.000729691
                  35               -0.03         -0.00190286         0.000709571
                  36             -0.2256         -0.00197533         0.000693378
                  37             -0.2524         -0.00205838         0.000679471
                  38              0.1522         -0.00192411         0.000674842
                  39              0.1432         -0.00180133         0.000668678
                  40             -0.2552          -0.0018839         0.000656956
                  41             -0.3812          -0.0020239         0.000655849
                  42              0.3006         -0.00183257         0.000668029
                  43               0.114         -0.00173693         0.000659283
                  44             -0.3148         -0.00184055         0.000652406
                  45              0.1108          -0.0017504         0.000644082
                  46             -0.1766         -0.00178913         0.000631115
                  47              0.0028         -0.00174987         0.000618787
                  48             -0.3018         -0.00183917         0.000612305
                  49              -0.014         -0.00180735         0.000600522
                  50              -0.175          -0.0018412         0.000589362
                  51             -0.1562         -0.00186635         0.000578238
                  52             -0.5318           -0.002035         0.000591558
                  53             -0.3004         -0.00210996         0.000585111
                  54             -0.6052         -0.00229504         0.000603264
                  55             -0.0774         -0.00228145          0.00059235
                  56             -0.1132         -0.00228114         0.000581676
                  57               0.328         -0.00212604         0.000592059
                  58             -0.1036          -0.0021251         0.000581762
                  59             -0.0244         -0.00209736          0.00057249
                  60              0.1646         -0.00200753         0.000569989
                  61              0.1068         -0.00193961         0.000564668
                  62              0.3336         -0.00180071         0.000572588
                  63             -0.2992         -0.00186711         0.000567325
                  64             -0.6956         -0.00205531         0.000589253
                  65             -0.2454          -0.0020992         0.000581775
                  66             -0.0412         -0.00207988         0.000573218
                  67             -0.2816          -0.0021329         0.000567081
                  68             -0.5924         -0.00227576         0.000576658
                  69             -0.2868         -0.00232591         0.000570448
                  70             -0.1794         -0.00234394         0.000562528
                  71              -0.132         -0.00234811         0.000554565
                  72              0.0286         -0.00230756          0.00054831
                  73             -0.3944           -0.002384         0.000546123
                  74              0.0704         -0.00233276         0.000541125
                  75             -0.2362         -0.00236464         0.000534812
                  76             -0.1334         -0.00236863         0.000527743
                  77              -0.009         -0.00234021         0.000521619
                  78              0.3114         -0.00223036         0.000526476
                  79             -0.0928         -0.00222562         0.000519791
                  80                0.39          -0.0021003          0.00052833
                  81              -0.053         -0.00208746         0.000521925
                  82               0.235         -0.00200468         0.000522124
                  83              0.1142         -0.00195301         0.000518376
                  84              -0.844         -0.00213071          0.00054212
                  85              0.0026         -0.00210504         0.000536319
                  86              -0.773         -0.00226033         0.000552326
                  87              0.4314         -0.00213517         0.000560102
                  88             -0.3154         -0.00218259         0.000555728
                  89              0.1668         -0.00212058         0.000552936
                  90              0.1456         -0.00206467         0.000549609
                  91              0.0194         -0.00203771         0.000544204
                  92              0.3156         -0.00194696         0.000545854
                  93             -0.0602         -0.00193897         0.000540012
                  94               0.191          -0.0018777         0.000537738
                  95              0.0554         -0.00184627         0.000532975
                  96             -0.2062            -0.00187         0.000527927
                  97             -0.0776         -0.00186672         0.000522466
                  98             -0.4148         -0.00193233         0.000521253
                  99               0.304         -0.00185139          0.00052227
                 100              0.1818         -0.00179652         0.000519924
