0.5            -1.00384         0.000505799            0.258852            0.282313            0.894753          0.00894916             90.5067            0.348534
0.65           -0.938407         0.000562527            0.524372            0.176995            0.545397          0.00713059             42.3804            0.301121
0.8           -0.861039         0.000377378            0.496579             0.07219            0.286794          0.00403197             18.5839            0.137662
0.95           -0.789407         0.000266556            0.453028           0.0331878            0.168314          0.00253105             9.75097           0.0542189
1.1           -0.724558         0.000220322            0.410413           0.0186232            0.110216          0.00153873             6.06314           0.0244683
1.25           -0.666817         0.000240244            0.364316           0.0145703           0.0791784          0.00110356              4.1794            0.016027
1.4           -0.615426         0.000208197            0.323039          0.00931246           0.0592357          0.00093152             3.10014           0.0104287
1.55           -0.569985           0.0002008            0.285008          0.00671848           0.0466622         0.000812842             2.41389          0.00735757
1.7           -0.529853         0.000196097             0.25091          0.00510976           0.0387036         0.000704882             1.95143          0.00544139
1.85           -0.494322         0.000189645             0.22227          0.00390039           0.0318566         0.000612622             1.61882          0.00379137
2           -0.463009         0.000161196            0.198232          0.00261265           0.0257148         0.000525032             1.37778          0.00304137
