                   1             4286.81             15.1472                   0
                   2              4734.2             9.08003             11.7896
                   3             4483.75             8.20689             6.86934
                   4             4699.41             6.57722             5.67333
                   5             4789.65             5.61944             4.92941
                   6             4655.68             5.12878             4.09992
                   7             4580.82              4.9445             3.46938
                   8             4660.34             4.70836             3.03682
                   9             4698.28             4.59997             2.70603
                  10             4744.16              4.4228             2.47443
                  11             4367.25             11.8318             8.01706
                  12             4511.11             11.8954              7.3137
                  13              4836.8             11.0822             6.88766
                  14             4844.64             10.3878             6.50429
                  15             4306.39             11.6967             6.25416
                  16             4331.61             11.3972             5.85919
                  17             4642.91             10.9212             5.54731
                  18             4321.09             13.6357             5.95139
                  19             4344.06             13.2817              5.6396
                  20             4697.27              12.816             5.40413
                  21             4349.66             12.5815             5.14551
                  22             4567.72             12.1591             4.93718
                  23             4780.03             11.7335             4.77846
                  24             4621.34             11.3716             4.60381
                  25             4487.05             13.1847             4.75087
                  26             4621.61             12.8379             4.59165
                  27             4623.73             12.7102             4.42596
                  28             4234.84             13.1768             4.31197
                  29             4391.16             12.9763             4.16521
                  30                4488             13.6938              4.0771
                  31             4653.05             13.3401             3.97604
                  32             4125.47             13.3706             3.86388
                  33             4164.43             13.3932             3.75476
                  34              4801.5             13.0679             3.68875
                  35             4554.41             12.8193             3.59657
                  36              3863.4             13.3781             3.61789
                  37             4525.18             13.1355             3.53245
                  38             4727.73             12.8642             3.46871
                  39             4629.17             12.6635             3.39359
                  40             4430.15             12.8844             3.31368
                  41             4694.92             12.6453             3.25499
                  42             4522.85             12.4839             3.18344
                  43             4500.89             12.3063              3.1159
                  44             4450.92             12.1274             3.05043
                  45             4638.36             11.9463             2.99519
                  46             4436.48             11.8716             2.93042
                  47             4309.78             12.3451             2.91464
                  48             4357.49             12.3259              2.8537
                  49             4471.59               12.46             2.79657
                  50              4590.3               12.29             2.75062
                  51             4642.24             12.2047             2.70197
                  52             4841.11             11.9992             2.67764
                  53             4523.56              11.889             2.63053
                  54             4700.78             11.7115             2.59704
                  55             4356.93             12.0007             2.56916
                  56              4499.6             11.8641             2.52792
                  57             4667.58             11.7091             2.49498
                  58             4525.76             11.6054             2.45518
                  59             4553.76              11.921             2.42835
                  60             4520.43             11.8181             2.39101
                  61             4555.86             11.8392             2.35134
                  62             4576.47             11.7028             2.32014
                  63             4502.81             11.5961             2.28642
                  64             4287.25             12.0198             2.29988
                  65             4470.01             11.9146             2.26716
                  66             4433.25             11.8177             2.23469
                  67             4546.19             12.1392              2.2194
                  68             4566.91             12.0174              2.1924
                  69             4585.21             11.9043             2.16604
                  70             4309.78             11.8222             2.13614
                  71             4481.74             11.7165             2.10913
                  72              4608.1             11.6127             2.08522
                  73             4690.11             11.4924             2.06563
                  74             4650.08             11.3886             2.04405
                  75             4470.26             11.2969             2.01902
                  76             4446.32             11.2383             1.99317
                  77             4451.76             11.1642             1.96861
                  78             4785.95             11.0439             1.95545
                  79             4478.77             11.0641             1.93049
                  80             4517.03             10.9765             1.90904
                  81             4201.19             11.0151             1.88951
                  82             4627.64             10.9148             1.87208
                  83             4165.38             11.3443             1.91642
                  84             4656.12             11.2763              1.8975
                  85             4716.01             11.1685             1.88354
                  86             4433.06              11.128             1.86195
                  87              4514.6             11.0942             1.84103
                  88             4351.99             11.0422              1.8206
                  89             4679.02             10.9605             1.80541
                  90             4744.47             10.8574             1.79397
                  91             4557.15             10.8068             1.77568
                  92             4495.04             10.7278             1.75851
                  93             4606.39             10.6469             1.74335
                  94             4562.31             10.5923             1.72647
                  95             4618.11             10.5317             1.71095
                  96             4651.55             10.4471             1.69791
                  97             4396.49             10.3869             1.68118
                  98             4231.21             10.4902              1.6715
                  99              4487.5             10.5082              1.6545
                 100             4443.13             10.4484             1.63894
                   1             1880.86             20.5133                   0
                   2             2182.45             19.5081             5.19762
                   3             1887.24             20.0846             3.43179
                   4             1959.87             20.9018             2.56312
                   5             2129.37              20.656             2.27585
                   6             1965.48             20.4385             1.86768
                   7             2258.39             19.7382             2.30125
                   8             2320.95             19.2571              2.4691
                   9             1955.06             19.2486              2.1985
                  10             1933.39             19.2072             1.98683
                  11             2477.52             18.5412             2.48306
                  12             2386.28             18.3311             2.45341
                  13             2380.37              18.002             2.43815
                  14             2158.33                18.2             2.25769
                  15             1976.25             18.4212             2.14172
                  16              1946.9             18.8985             2.11036
                  17             2096.31             19.2486             2.00426
                  18             2205.02             19.4622             1.89216
                  19             2423.12             19.1263              1.9542
                  20             2097.46             19.3763              1.8672
                  21             2134.54             19.6326             1.78634
                  22             1979.74             19.4589              1.7102
                  23             2023.54             19.4763             1.63694
                  24             2094.75             19.4919             1.56684
                  25             2347.94             19.3213             1.56388
                  26             2127.74             19.3753             1.50213
                  27             2093.98             19.5497             1.45445
                  28             1977.17             19.5719             1.40843
                  29             2164.97             19.4688             1.36894
                  30             2069.73             19.3468             1.32778
                  31             2201.57             19.3119             1.29011
                  32             2000.79             19.5059             1.27468
                  33             2244.77             19.4073              1.2537
                  34             2255.96             19.4636             1.21939
                  35              2239.2             19.4534             1.18957
                  36             2159.41             19.2683             1.17749
                  37             2365.87              19.136             1.18598
                  38             2248.47             19.1433             1.15794
                  39             2180.02             19.4292             1.15382
                  40             2269.77             19.3134             1.14417
                  41             2233.29             19.2092             1.12923
                  42             2263.95             19.3602             1.10573
                  43             2038.48             19.2623             1.08279
                  44             1956.72             19.3557             1.07334
                  45             2041.03             19.4781             1.06046
                  46             2274.77             19.4023             1.04983
                  47             1935.56             19.5656             1.05688
                  48             2121.85             19.5989             1.03471
                  49             2162.83             19.5152             1.01939
                  50             2069.04             19.4122             1.00331
                  51             2022.52             19.5124            0.992654
                  52             2179.88             19.4483            0.978287
                  53             1990.89             19.4096            0.961086
                  54             2187.82             19.4102            0.943854
                  55             2121.71             19.3372            0.930168
                  56             2046.81             19.3185            0.913829
                  57             2051.69             19.3851            0.901622
                  58             1916.18             19.3643             0.88982
                  59             1918.13             19.4042            0.882778
                  60             2063.17             19.4937            0.873424
                  61             2159.75             19.5217            0.858975
                  62             2287.34             19.4671            0.855031
                  63             2104.49             19.4981            0.841669
                  64             1699.17             19.5143            0.850155
                  65             2355.74             19.4401            0.855015
                  66             2137.33             19.4013            0.843705
                  67             2045.61             19.4203            0.831804
                  68             2016.98             19.3948            0.820005
                  69             2026.88             19.4289            0.809948
                  70             2069.72             19.3783            0.799759
                  71             2276.13              19.343            0.794759
                  72             2130.57             19.2888            0.786491
                  73              2354.9              19.288            0.781852
                  74             2075.09             19.3036            0.771483
                  75             2224.73             19.2124            0.772275
                  76             1944.89             19.2075            0.764139
                  77             2337.59             19.2476            0.756585
                  78             2130.76             19.2259            0.747478
                  79             1988.05             19.3563            0.754912
                  80             2247.72              19.325            0.749473
                  81             2268.89             19.4231            0.742856
                  82             1854.52             19.4792            0.745293
                  83             2204.87             19.4676             0.73758
                  84             2179.29             19.4865            0.728811
                  85              1940.3             19.5528            0.728424
                  86             2294.06             19.5344            0.724074
                  87             1989.69             19.6461             0.72868
                  88             1883.94             19.6911            0.727957
                  89              2137.8             19.6964            0.719725
                  90             2157.41             19.6735            0.712794
                  91             1969.42             19.6888            0.706777
                  92             2491.81             19.6573            0.714008
                  93             2079.41             19.6272            0.706907
                  94             1962.38             19.6278             0.70062
                  95             1984.13             19.5966             0.69384
                  96             2238.66             19.5395            0.692849
                  97             2024.17             19.5696            0.687193
                  98             1985.95             19.5365            0.680789
                  99             2194.49             19.5016            0.676504
                 100             2050.55              19.499            0.669811
                   1             866.023             12.7381                   0
                   2             970.512             12.1419              2.0523
                   3             968.313             12.2988             1.25561
                   4             948.254             12.6627            0.923824
                   5             834.197             13.1567              1.1806
                   6             920.938             13.2706            0.962073
                   7              879.13             13.3131            0.825449
                   8             956.839             13.3067            0.739234
                   9             992.389             13.2291            0.726683
                  10             945.111             13.3487            0.652408
                  11             1013.01             13.3245            0.642906
                  12              987.31             13.1897            0.641613
                  13             868.457             13.0934            0.600035
                  14             997.308              13.121            0.568301
                  15             896.803              13.159            0.537196
                  16             905.697             13.1705            0.504803
                  17             937.956             13.1717            0.474301
                  18             932.591             13.2345            0.450001
                  19              922.65             13.3001            0.430741
                  20              900.08             13.3391            0.414425
                  21             865.037             13.3072            0.399783
                  22             950.063             13.3083             0.38254
                  23             1038.51             13.2647            0.405336
                  24             889.286             13.2237            0.390009
                  25             1032.97             13.2398             0.38941
                  26              876.21             13.2323            0.378137
                  27             929.262              13.309            0.370868
                  28             850.004             13.3304            0.369627
                  29             960.891             13.3493            0.357279
                  30             960.256              13.344            0.347022
                  31             1045.02             13.3682            0.347642
                  32             851.517             13.3898            0.347395
                  33             873.624             13.4062            0.341725
                  34             896.087             13.4175            0.333126
                  35             1030.89             13.5161            0.330245
                  36             914.452             13.5111            0.321064
                  37              966.63             13.5449            0.312878
                  38             902.293             13.5022            0.306571
                  39             1016.94             13.5379             0.30186
                  40              961.75             13.5376             0.29504
                  41              965.36             13.5401            0.288539
                  42             809.236             13.5639            0.298863
                  43             966.717             13.6162            0.293904
                  44             885.082              13.581             0.28853
                  45             937.861             13.5851            0.282022
                  46             987.251             13.5887             0.27783
                  47             815.666             13.5514             0.27666
                  48             950.632             13.5441            0.271586
                  49             921.834             13.5315            0.266276
                  50             783.276             13.5056            0.269261
                  51             898.005             13.4949              0.2642
                  52             772.412             13.4701            0.267816
                  53             999.603              13.494            0.264267
                  54             996.159              13.507             0.26105
                  55             1068.62             13.5384            0.262263
                  56             787.894             13.5175            0.263912
                  57             832.672             13.4931             0.26146
                  58             804.524              13.476            0.261241
                  59             892.386             13.4574            0.257217
                  60             1040.76             13.4387            0.262983
                  61             1020.41             13.4714            0.260458
                  62             1041.49             13.4736            0.261564
                  63             881.252             13.4841            0.258802
                  64             888.913             13.4716            0.255031
                  65             955.301             13.4697            0.251552
                  66             954.582             13.4821            0.247823
                  67             844.588             13.4636            0.245404
                  68              933.38             13.4427            0.243096
                  69             881.333             13.4374            0.239968
                  70             1067.13             13.4115            0.249536
                  71              926.29             13.4258            0.246272
                  72             931.144             13.4059            0.243951
                  73             969.875             13.4185            0.240831
                  74             802.377              13.429            0.243644
                  75             950.681             13.4221            0.240961
                  76             930.473             13.4172              0.2379
                  77             999.086             13.3989            0.238804
                  78             928.436             13.3813            0.236584
                  79             970.914             13.3903            0.233833
                  80             962.188             13.4038            0.231032
                  81              876.63             13.4014            0.228668
                  82             833.442             13.3974            0.227676
                  83             935.876             13.4176            0.225456
                  84             1101.06             13.4519            0.226701
                  85             991.295             13.4643            0.224504
                  86             972.492             13.4548            0.223121
                  87             941.207             13.4559            0.220568
                  88             916.062             13.4728            0.218804
                  89             952.716             13.4818            0.216378
                  90             893.594             13.4703            0.214184
                  91             884.101             13.4579            0.212104
                  92             957.524             13.4464            0.210759
                  93             941.248             13.4443            0.208583
                  94             926.016             13.4405            0.206401
                  95             771.847             13.4367            0.208773
                  96             919.871             13.4363            0.206586
                  97             970.516             13.4428            0.204651
                  98             892.551             13.4456            0.202857
                  99             855.965             13.4369            0.201375
                 100             974.424             13.4432            0.199608
                   1             488.509             7.77617                   0
                   2             464.202             7.91261            0.433969
                   3             462.354             7.93575            0.285385
                   4             492.643             8.03757             0.22751
                   5             444.856             8.02157            0.241751
                   6             542.297             8.13062            0.340043
                   7              488.05             8.15981            0.287729
                   8             481.454             8.13301             0.25081
                   9             497.393             8.11121            0.231175
                  10             495.554             8.16673            0.209805
                  11             488.977             8.16337            0.190305
                  12             524.992              8.1664            0.196873
                  13             496.135             8.18452             0.18139
                  14             482.399             8.17108            0.168352
                  15             573.459             8.24584            0.197016
                  16             521.965             8.25094             0.19005
                  17             468.129             8.22275            0.181623
                  18             488.899             8.20618            0.171802
                  19             469.275             8.18809            0.164774
                  20             487.425             8.19425            0.156719
                  21             492.252             8.19566            0.149058
                  22             457.702             8.18049            0.146441
                  23             491.557             8.18732            0.140004
                  24             492.221             8.23545             0.14153
                  25             497.509             8.23673            0.135945
                  26             464.093             8.23456            0.133387
                  27             453.075             8.22814            0.132724
                  28             525.266             8.24761            0.130716
                  29             516.878             8.23961            0.130489
                  30             457.666             8.23281            0.128773
                  31             510.816             8.22034            0.128261
                  32              521.73             8.24343            0.125674
                  33             503.325             8.23377            0.123376
                  34             492.413             8.26964            0.124353
                  35              535.31             8.28704            0.123565
                  36             443.949             8.27474            0.123884
                  37             482.493             8.27968            0.120863
                  38              491.52             8.27309            0.117916
                  39             483.914              8.2919            0.116815
                  40             485.577             8.28849            0.113904
                  41               456.6              8.2799            0.112568
                  42             449.642             8.26223            0.111561
                  43             463.528             8.26564            0.110477
                  44             557.414             8.29394            0.112399
                  45             438.401             8.27622            0.112351
                  46             528.657             8.27214            0.113479
                  47             473.936             8.27888            0.111899
                  48             440.846             8.26777            0.111696
                  49             506.139             8.27639            0.109608
                  50             454.992             8.28452            0.110138
                  51             497.785             8.28448            0.108132
                  52             498.086             8.28432            0.106212
                  53             478.931             8.26807            0.105176
                  54             500.488             8.27474            0.103295
                  55             471.467             8.26948             0.10159
                  56             477.667             8.26413           0.0998657
                  57             504.203             8.28047           0.0987025
                  58             500.213             8.28784           0.0970812
                  59             507.305             8.28832           0.0958729
                  60             503.615             8.29864           0.0944735
                  61             452.384             8.28825           0.0936983
                  62              464.83             8.28685           0.0926388
                  63             472.614             8.28108           0.0913074
                  64             507.473             8.29502           0.0903215
                  65             514.201             8.29774           0.0894843
                  66             516.978             8.30902           0.0885379
                  67             488.496             8.30737           0.0872346
                  68             475.103             8.30199           0.0860661
                  69             490.461             8.31016           0.0850773
                  70             508.017             8.30508           0.0847975
                  71             500.427             8.30368           0.0838254
                  72             476.931             8.30615           0.0828742
                  73             507.542             8.30291            0.082387
                  74              452.36             8.29879           0.0820364
                  75             480.012              8.2981           0.0809708
                  76             498.009             8.29319           0.0803463
                  77              468.03             8.28908           0.0794817
                  78             542.838             8.29601           0.0800426
                  79             481.328             8.29217            0.079089
                  80             472.276             8.28688           0.0782289
                  81             490.776             8.28175            0.077513
                  82             507.545             8.28314           0.0767861
                  83             515.712              8.2859            0.076239
                  84             499.679             8.29623           0.0757006
                  85             529.016             8.30141           0.0755176
                  86             475.615             8.29845           0.0747097
                  87             462.476             8.29674           0.0742197
                  88              487.71             8.29027           0.0736768
                  89             473.563             8.28393           0.0730123
                  90               493.2             8.28128           0.0723171
                  91             466.153              8.2783            0.071717
                  92             473.282             8.28166           0.0712849
                  93              495.36             8.27619           0.0709182
                  94             397.498             8.26624           0.0733648
                  95             485.871             8.26536           0.0725946
                  96             445.417             8.26087           0.0724831
                  97             496.594             8.25805           0.0719474
                  98             486.987             8.25858           0.0712065
                  99              467.62             8.26196            0.070928
                 100             466.339             8.25994           0.0703606
                   1             292.023             5.29828                   0
                   2              292.19             5.38076           0.0775755
                   3             307.459             5.45484            0.115872
                   4             295.802             5.43083           0.0842941
                   5              287.61             5.41448           0.0775209
                   6             289.727             5.39312           0.0658689
                   7             290.721             5.36574           0.0594668
                   8             310.237             5.40524           0.0661758
                   9             306.466             5.41601           0.0645455
                  10             308.853             5.43293           0.0629316
                  11               284.7             5.41802           0.0625561
                  12             302.497             5.41954           0.0584662
                  13             302.607             5.41592           0.0557465
                  14             285.124             5.42211           0.0594809
                  15             313.552             5.43385           0.0607724
                  16             299.713             5.43693           0.0568816
                  17             285.223             5.42616           0.0556371
                  18             286.155             5.41466           0.0538984
                  19             300.928             5.42675           0.0516409
                  20             321.612             5.44089           0.0559953
                  21             295.717             5.44528           0.0536466
                  22             297.575             5.44057           0.0513866
                  23              299.76             5.45255           0.0500865
                  24             289.379             5.45822           0.0500036
                  25             300.711             5.45302           0.0487386
                  26             301.465             5.45025           0.0473266
                  27              326.21             5.47366           0.0501337
                  28             295.463             5.46839           0.0484918
                  29             299.776               5.466             0.04693
                  30             306.738             5.46281           0.0465175
                  31             309.063             5.47038           0.0454389
                  32             282.257              5.4645           0.0454983
                  33             285.749              5.4587           0.0448472
                  34              294.02             5.45633           0.0435879
                  35             307.088             5.46066           0.0426232
                  36             329.704             5.47104           0.0454602
                  37              315.32             5.48556           0.0453571
                  38             303.011             5.48532           0.0442357
                  39             326.626             5.48755           0.0467387
                  40             313.392             5.48832           0.0463996
                  41             299.619             5.48609           0.0453046
                  42             302.059             5.48105           0.0446315
                  43             292.388              5.4764           0.0437792
                  44             306.474             5.48085           0.0428672
                  45             283.697             5.47401           0.0425996
                  46             319.071             5.48333           0.0424355
                  47             320.189               5.489             0.04242
                  48             300.788             5.48781           0.0415488
                  49             319.897             5.49607            0.041386
                  50             317.508             5.50126           0.0410625
                  51             310.658             5.50129           0.0405613
                  52             287.985             5.49796           0.0401865
                  53             304.037             5.49757           0.0394578
                  54             307.941             5.49779           0.0388522
                  55             303.851             5.50085           0.0381985
                  56             310.571             5.50047           0.0378154
                  57             281.864             5.49843           0.0381289
                  58             301.381             5.49874           0.0374647
                  59             290.955             5.49429            0.037026
                  60             301.271             5.49656           0.0364617
                  61             295.123             5.49506           0.0359245
                  62             311.344             5.49329           0.0358629
                  63             321.199             5.49588           0.0360345
                  64              322.24             5.50318           0.0360257
                  65             290.536             5.50238           0.0357424
                  66             309.825             5.50494           0.0352704
                  67             289.322             5.50309           0.0349977
                  68             313.672             5.50566           0.0346625
                  69             318.047             5.50783           0.0345627
                  70             317.908             5.50837           0.0345968
                  71             314.131             5.51024           0.0342937
                  72             310.769             5.51199           0.0338906
                  73             307.259             5.51102           0.0335295
                  74             305.873             5.50791           0.0333396
                  75             292.588             5.50761           0.0330847
                  76             271.743             5.50046           0.0336741
                  77             299.551             5.50218           0.0333161
                  78             298.009             5.49959             0.03295
                  79             316.614             5.50013           0.0328933
                  80             318.744              5.5049           0.0327297
                  81              291.15             5.50173           0.0324558
                  82             288.892             5.49983           0.0322559
                  83             286.835             5.49843           0.0321582
                  84             310.958             5.49989           0.0318492
                  85             296.887             5.49997           0.0315193
                  86             301.562             5.49845           0.0311902
                  87             314.083             5.50285             0.03098
                  88             315.157             5.50602           0.0307594
                  89             313.361             5.50867           0.0305058
                  90             294.416             5.50666           0.0302238
                  91             321.232             5.50797           0.0303136
                  92              302.44             5.50994           0.0300379
                  93             299.564             5.50716           0.0298094
                  94             299.768             5.50429           0.0295975
                  95             318.728             5.50701           0.0294866
                  96             293.015             5.50406           0.0292712
                  97             324.322             5.50649           0.0293861
                  98             288.477             5.50641             0.02936
                  99              309.71             5.50803           0.0290931
                 100             316.207             5.51098           0.0289205
                   1             210.603             3.96933                   0
                   2             209.217             3.94259            0.019036
                   3             209.234             3.96061           0.0249101
                   4             203.702             3.90396           0.0446047
                   5             217.541             3.93728           0.0511868
                   6             209.281             3.93209           0.0420063
                   7             212.274             3.92722           0.0381566
                   8             216.224             3.93235           0.0377268
                   9             217.023             3.93227            0.038566
                  10             212.912             3.94874           0.0369651
                  11             219.664             3.97396           0.0376834
                  12             211.764             3.98483           0.0361486
                  13              215.09              3.9873           0.0335839
                  14             182.788             3.95143           0.0531162
                  15             206.627             3.94958           0.0497769
                  16             221.948             3.96257           0.0488505
                  17             210.776              3.9642           0.0458993
                  18              214.98             3.97252           0.0436199
                  19             198.463             3.96364           0.0435611
                  20             214.499             3.96453           0.0416695
                  21             189.416             3.94373           0.0445399
                  22             200.894             3.93727           0.0432293
                  23             207.323             3.93768           0.0413765
                  24             210.409             3.93984           0.0396329
                  25             213.557             3.94481           0.0381847
                  26             209.652             3.95086           0.0370983
                  27             207.324              3.9475           0.0357969
                  28             217.904             3.95534           0.0350539
                  29             199.343             3.94905           0.0345687
                  30              201.97             3.94156           0.0338785
                  31              215.49             3.94436           0.0330672
                  32              204.48             3.93991           0.0322038
                  33             224.089             3.94871           0.0325049
                  34             214.455             3.95031           0.0317001
                  35             198.424             3.94747           0.0316289
                  36             205.243             3.94427           0.0308451
                  37              207.71             3.94432           0.0300181
                  38             204.635             3.93953           0.0294325
                  39             207.972             3.93934           0.0286735
                  40             218.339             3.93998           0.0286379
                  41             199.499             3.93285           0.0284564
                  42             209.647             3.93154           0.0278306
                  43              201.82             3.92983           0.0274222
                  44             200.044             3.92524            0.027105
                  45             210.682             3.92653           0.0265098
                  46              213.39             3.92919           0.0260074
                  47               228.2             3.93432           0.0269466
                  48             208.221             3.93361           0.0263866
                  49              197.71             3.92721           0.0263369
                  50             205.549             3.92699           0.0258596
                  51             229.399             3.93336           0.0266475
                  52              211.28             3.93371           0.0261465
                  53             215.423             3.93477           0.0257866
                  54             206.568              3.9341           0.0253285
                  55             210.416             3.93583           0.0248943
                  56             195.848             3.93379           0.0250644
                  57             210.785             3.93561           0.0246501
                  58             205.476             3.93355            0.024274
                  59             210.548             3.93434           0.0238632
                  60              206.73             3.93316           0.0234819
                  61             208.367              3.9323           0.0231071
                  62             197.476             3.92854           0.0230417
                  63              214.03             3.92946           0.0227447
                  64             202.734             3.92973           0.0225693
                  65             214.767             3.93215           0.0222959
                  66              227.41             3.93595           0.0227311
                  67             206.233             3.93574           0.0224147
                  68              215.69             3.93757           0.0221634
                  69             206.233             3.93791           0.0218859
                  70             202.663             3.93595           0.0216553
                  71             204.991             3.93416           0.0213938
                  72             210.761             3.93552           0.0211132
                  73              206.77             3.93482           0.0208329
                  74             214.775             3.93539           0.0206329
                  75             204.596             3.93653           0.0205152
                  76              202.79             3.93506           0.0203126
                  77             209.612             3.93427            0.020075
                  78             197.493             3.93144           0.0200376
                  79             209.344             3.93097           0.0197945
                  80             206.625             3.93045           0.0195538
                  81             211.648             3.93143           0.0193231
                  82             188.918             3.92682           0.0197021
                  83             206.816             3.92727           0.0194841
                  84             211.572             3.92863           0.0192707
                  85             219.369              3.9303           0.0192298
                  86             213.096             3.93033           0.0190607
                  87              200.67             3.92847           0.0189349
                  88              200.16              3.9276           0.0188467
                  89              206.31             3.92582           0.0186904
                  90             210.437             3.92537           0.0185098
                  91             213.517             3.92726           0.0183497
                  92             207.226             3.92709           0.0181519
                  93              227.55              3.9307           0.0184138
                  94             212.904             3.93118           0.0182421
                  95              207.87             3.93025           0.0180681
                  96             221.464             3.93222           0.0180821
                  97             204.086             3.93172           0.0179296
                  98             210.737             3.93112           0.0177799
                  99             205.359             3.92984           0.0176262
                 100             203.474             3.92863           0.0174851
                   1             148.107             2.88027                   0
                   2              162.36             3.02225            0.142527
                   3             158.598             3.02025           0.0891689
                   4             151.108             2.98872           0.0686238
                   5             148.451             2.95851           0.0595292
                   6             149.476             2.93511            0.051624
                   7             150.125             2.93271           0.0446801
                   8             149.081             2.92631           0.0397149
                   9             159.666             2.93545           0.0396436
                  10             160.425               2.946           0.0387596
                  11             160.313             2.95986           0.0370597
                  12             147.147             2.95312           0.0361918
                  13             149.515             2.94828           0.0339353
                  14             159.619             2.95382           0.0328622
                  15             154.049             2.95383           0.0305986
                  16              146.78             2.94602            0.029968
                  17             157.617             2.95409           0.0287118
                  18             160.462             2.96024           0.0281521
                  19             150.723             2.95725           0.0268575
                  20             154.867             2.95741           0.0255212
                  21             159.908             2.95961           0.0252182
                  22             146.375             2.95199           0.0250876
                  23              149.18             2.94721           0.0243319
                  24             159.901             2.95254           0.0238703
                  25             161.526             2.95658           0.0238007
                  26             152.403             2.95734           0.0229895
                  27             157.493              2.9588            0.022293
                  28             157.481              2.9599           0.0216489
                  29             157.943             2.96326            0.021044
                  30              148.43             2.95854           0.0207471
                  31             161.626             2.96113           0.0207433
                  32             146.475             2.95496           0.0207487
                  33             156.583             2.95643           0.0201576
                  34             150.598              2.9555           0.0197117
                  35             150.827             2.95217           0.0193008
                  36              154.69             2.95331           0.0187711
                  37             156.477             2.95324           0.0183584
                  38             157.193             2.95638           0.0179931
                  39             156.323             2.95779           0.0175569
                  40              160.09             2.95934            0.017412
                  41             153.978             2.95953           0.0169861
                  42             147.107             2.95671           0.0169537
                  43             156.347             2.95862           0.0166017
                  44             162.872             2.96163           0.0167043
                  45             155.391             2.96287           0.0163493
                  46             155.912             2.96444           0.0160233
                  47             155.147              2.9657           0.0157057
                  48             158.263             2.96551           0.0155583
                  49             151.912             2.96509             0.01529
                  50             166.015             2.96966           0.0156577
                  51             162.009             2.97108           0.0156739
                  52             157.998             2.97142           0.0154406
                  53             150.462             2.97114           0.0153031
                  54             150.999             2.97045           0.0151024
                  55             154.757             2.97098            0.014832
                  56              162.03             2.97367           0.0147856
                  57             156.139             2.97438           0.0145302
                  58             155.027             2.97484           0.0142813
                  59             157.657             2.97672           0.0140925
                  60             151.139             2.97581           0.0139207
                  61             153.939             2.97514           0.0137015
                  62             152.016             2.97418            0.013513
                  63             157.277             2.97454           0.0133254
                  64             171.187              2.9783           0.0141276
                  65             157.286             2.97895           0.0139226
                  66              146.88             2.97649           0.0139437
                  67             145.447             2.97527           0.0141238
                  68             158.732             2.97604            0.013964
                  69             151.247              2.9747           0.0138081
                  70             158.886             2.97667           0.0136756
                  71             161.217             2.97865           0.0135933
                  72             156.974             2.97895           0.0134159
                  73             146.664             2.97687           0.0134351
                  74             154.699             2.97721           0.0132569
                  75             155.148             2.97662           0.0130981
                  76             151.299             2.97579           0.0129622
                  77             157.513             2.97657           0.0128092
                  78             161.472             2.97778           0.0127616
                  79             161.695             2.97914           0.0127143
                  80             152.814             2.97866           0.0125684
                  81             160.555             2.97988           0.0124845
                  82             147.955             2.97863           0.0124663
                  83             162.334             2.98058            0.012437
                  84             159.928             2.98195           0.0123398
                  85             157.036               2.982           0.0122082
                  86             152.623             2.98147           0.0120814
                  87             158.215             2.98174           0.0119699
                  88             150.703             2.98067           0.0118795
                  89             157.593             2.98106           0.0117585
                  90             152.027             2.97997           0.0116575
                  91              152.59             2.98002            0.011557
                  92             154.297              2.9793           0.0114472
                  93             162.595             2.97988            0.011484
                  94              146.57              2.9786           0.0115224
                  95             148.795             2.97723           0.0114801
                  96             155.017             2.97713           0.0113605
                  97             152.577              2.9771           0.0112633
                  98             156.371             2.97745           0.0111506
                  99             155.112             2.97713           0.0110439
                 100             144.241             2.97482           0.0111487
                   1             118.403             2.29334                   0
                   2             118.212             2.31257           0.0194825
                   3             118.968             2.31094            0.014084
                   4             127.809             2.34809           0.0485682
                   5             125.427             2.36146           0.0422438
                   6             121.519             2.35796           0.0346601
                   7             124.643             2.37223           0.0309068
                   8             126.319             2.38036           0.0288736
                   9              122.69              2.3832           0.0255617
                  10             116.412             2.37244           0.0260903
                  11             116.259             2.36112           0.0258587
                  12             123.463             2.36435           0.0238281
                  13             118.872               2.359           0.0223757
                  14             122.999             2.35822             0.02108
                  15             125.143             2.36387           0.0202023
                  16              121.18             2.36175           0.0189772
                  17             118.597              2.3586           0.0182154
                  18             116.646             2.35479           0.0180871
                  19             120.036             2.35334           0.0171626
                  20              117.29             2.34964           0.0167541
                  21             119.802               2.347           0.0160605
                  22             119.715             2.34576           0.0153576
                  23              120.06             2.34566           0.0147022
                  24             122.953             2.34686           0.0141952
                  25             122.023             2.34643           0.0137114
                  26             121.211             2.34718           0.0131825
                  27             120.026             2.34552            0.012748
                  28             112.456              2.3422            0.013963
                  29              125.73             2.34491           0.0139451
                  30             120.076             2.34386           0.0134988
                  31             119.825             2.34313           0.0130733
                  32             124.936             2.34591           0.0129191
                  33             129.488             2.35115           0.0135533
                  34             117.174             2.34962           0.0133775
                  35             121.028             2.35062           0.0130201
                  36             119.695             2.34871            0.012738
                  37             119.021             2.34755           0.0124375
                  38             122.913             2.34938           0.0121678
                  39             118.811             2.34812           0.0119077
                  40             126.297             2.35033           0.0119208
                  41             124.124             2.35086           0.0117653
                  42             122.384             2.35174           0.0114976
                  43             122.701             2.35272           0.0112497
                  44             123.596              2.3534           0.0110532
                  45             120.822             2.35359           0.0108108
                  46             120.207             2.35301           0.0105849
                  47             121.503             2.35396           0.0103853
                  48             119.073             2.35216           0.0102542
                  49             118.394             2.35119           0.0101088
                  50             119.396             2.35164          0.00998684
                  51             119.988               2.352          0.00982508
                  52             114.997              2.3502          0.00992662
                  53             120.072             2.34977          0.00974492
                  54             123.335             2.35044          0.00960658
                  55              123.43             2.35117          0.00947372
                  56             124.237             2.35196          0.00938147
                  57             122.288             2.35331          0.00926372
                  58             124.698             2.35462           0.0091848
                  59             117.514             2.35335          0.00911392
                  60             122.691             2.35359          0.00898227
                  61             122.869             2.35415           0.0088516
                  62             121.545             2.35377          0.00872687
                  63             124.285              2.3548          0.00864285
                  64              117.32             2.35377           0.0085952
                  65             119.461             2.35352          0.00848098
                  66             123.409             2.35364          0.00840276
                  67             112.266             2.35095          0.00869469
                  68             119.544              2.3506          0.00857722
                  69             125.737              2.3522          0.00856289
                  70             123.914              2.3526          0.00849076
                  71             113.748             2.35011          0.00863763
                  72             121.816             2.35013          0.00852338
                  73             119.231             2.34962          0.00842065
                  74             126.056             2.35084          0.00841869
                  75              120.78             2.35093          0.00830676
                  76             123.571             2.35123          0.00823266
                  77             117.511             2.35004          0.00818461
                  78             123.839             2.35047           0.0081165
                  79             113.339             2.34897          0.00826108
                  80              117.81             2.34771          0.00821197
                  81             114.623             2.34669          0.00827452
                  82             123.281             2.34703          0.00819902
                  83             128.407             2.34901           0.0082988
                  84             116.685             2.34778           0.0082675
                  85             127.146             2.34942          0.00829925
                  86             115.847              2.3484          0.00829139
                  87              121.81             2.34842          0.00820075
                  88             118.414             2.34783            0.008128
                  89             122.352             2.34797          0.00804524
                  90             116.913             2.34755          0.00801788
                  91             115.051             2.34679          0.00804785
                  92             114.933              2.3452          0.00807086
                  93             116.805              2.3444          0.00802945
                  94             115.961             2.34356          0.00800962
                  95             114.275             2.34269          0.00805177
                  96             117.799             2.34228          0.00799022
                  97             123.983             2.34282          0.00794057
                  98             120.434             2.34269          0.00786012
                  99             122.486             2.34297          0.00779051
                 100             124.603             2.34365          0.00775383
                   1             101.992             1.98249                   0
                   2             98.3449             1.94533           0.0364818
                   3             97.7285             1.93125           0.0267018
                   4             102.078             1.94902           0.0236266
                   5             95.7887             1.93602           0.0252578
                   6             97.6191             1.92926           0.0213429
                   7             99.2541              1.9287           0.0181377
                   8             102.153             1.93388           0.0178491
                   9             98.9605              1.9324           0.0157836
                  10             100.952             1.93675           0.0145192
                  11             95.4454             1.92933           0.0150499
                  12             104.386             1.93831           0.0163034
                  13              95.948             1.93402           0.0160355
                  14             100.919             1.93414           0.0152075
                  15             96.0704             1.93001           0.0148373
                  16             102.396             1.93489           0.0144698
                  17             99.6901             1.93563           0.0135996
                  18             101.759             1.93577           0.0133423
                  19             101.225             1.93871           0.0127862
                  20             96.2094             1.93619           0.0126215
                  21             100.415             1.93654           0.0120599
                  22             97.0268             1.93469           0.0117179
                  23             94.3885             1.93106           0.0120231
                  24             97.8878              1.9305            0.011567
                  25             94.3346             1.92755           0.0117591
                  26             98.6988             1.92756            0.011299
                  27             97.3934             1.92637           0.0109312
                  28             96.4614             1.92541           0.0106916
                  29             94.4271             1.92289           0.0107491
                  30             97.4188             1.92239           0.0104175
                  31             96.2374             1.92073           0.0101906
                  32             96.5052             1.91946          0.00994588
                  33             96.7508             1.91869          0.00969573
                  34             98.4614             1.91947          0.00942959
                  35             98.8214             1.91987          0.00915976
                  36             97.4308             1.91964          0.00892157
                  37             94.0367             1.91843          0.00905202
                  38             95.4205              1.9172          0.00893834
                  39             93.8831             1.91517          0.00898183
                  40             99.2306             1.91525          0.00879157
                  41             94.7268             1.91397          0.00873638
                  42             100.838             1.91572          0.00863752
                  43             97.0824              1.9151          0.00844951
                  44             96.1638             1.91411          0.00830228
                  45             97.8664             1.91359          0.00813146
                  46              98.824             1.91402          0.00796031
                  47             93.6012             1.91254          0.00802199
                  48             98.4638              1.9124          0.00786642
                  49             101.235             1.91412          0.00782648
                  50             101.563             1.91514          0.00781062
                  51             96.4379             1.91454          0.00768315
                  52             94.0485             1.91244          0.00771375
                  53             96.4381             1.91281          0.00764113
                  54             97.1089             1.91277          0.00750775
                  55              97.864             1.91259           0.0073727
                  56              97.764             1.91271          0.00724096
                  57             99.6755             1.91342          0.00713907
                  58             99.3929             1.91392           0.0070322
                  59             96.9014             1.91313           0.0069376
                  60              100.74             1.91402          0.00688358
                  61              97.216             1.91419          0.00678512
                  62             97.2026             1.91456           0.0067051
                  63             104.597              1.9163          0.00693506
                  64             100.536              1.9168           0.0068755
                  65             99.6433             1.91724           0.0067851
                  66             100.982             1.91776          0.00674702
                  67             95.1998             1.91655          0.00671508
                  68               94.46             1.91541          0.00670469
                  69             98.3668             1.91541          0.00660825
                  70              96.496             1.91488           0.0065302
                  71             94.2089              1.9139          0.00652938
                  72             96.7932             1.91399          0.00645893
                  73             99.5871             1.91455          0.00638491
                  74             96.9127              1.9141          0.00630808
                  75             91.3718             1.91293          0.00649457
                  76             97.0673             1.91282          0.00641279
                  77             98.0136             1.91291          0.00632891
                  78             94.1581             1.91191          0.00632141
                  79             98.3061             1.91228          0.00624531
                  80             93.2054             1.91105           0.0062769
                  81             102.238             1.91227          0.00629499
                  82             99.3929              1.9126          0.00622933
                  83             96.4706             1.91221          0.00616377
                  84             90.9774             1.91075           0.0063089
                  85             95.1068             1.91005          0.00626694
                  86             99.3645             1.91042          0.00620491
                  87             99.9852             1.91084          0.00615526
                  88             99.4047             1.91111          0.00609708
                  89             95.8692             1.91071          0.00604402
                  90             97.3228             1.91081          0.00597968
                  91             96.2569             1.91054          0.00592324
                  92             93.7339             1.90971          0.00592398
                  93             98.4885             1.90978          0.00586346
                  94             93.4656             1.90904          0.00587332
                  95              95.084              1.9085          0.00583707
                  96             99.1431             1.90895          0.00578516
                  97             94.5845             1.90863          0.00576784
                  98             94.3245             1.90813          0.00575078
                  99             95.7047             1.90772          0.00570571
                 100             95.0445             1.90738           0.0056731
                   1             81.4368             1.59466                   0
                   2             82.1702             1.61176           0.0115653
                   3             80.9689             1.60651           0.0086773
                   4             81.0638             1.60372          0.00659354
                   5             78.6765             1.59374           0.0120912
                   6             80.7632             1.59145           0.0101024
                   7             82.5472             1.59666          0.00982502
                   8             81.6396             1.59748          0.00864413
                   9             81.8969              1.5987          0.00781442
                  10             80.6649             1.59794          0.00708996
                  11             79.5038             1.59486          0.00710287
                  12              84.165             1.59931          0.00836886
                  13             82.0908             1.59982          0.00783421
                  14             79.9784             1.59836          0.00752741
                  15             79.4923             1.59463          0.00753306
                  16             80.4685             1.59418          0.00710224
                  17             83.6739             1.59692          0.00733748
                  18             85.5896             1.60138          0.00844468
                  19              79.251             1.59896          0.00832859
                  20             80.7678             1.59888          0.00793761
                  21             77.0294             1.59435          0.00860709
                  22             81.1109             1.59472          0.00821335
                  23             80.0106             1.59414          0.00791624
                  24             82.4032             1.59558          0.00766374
                  25             81.6184             1.59596          0.00736074
                  26             77.9261             1.59387           0.0075046
                  27              80.901             1.59369          0.00722282
                  28             82.1565              1.5951          0.00702849
                  29              77.563             1.59273          0.00720009
                  30             81.6227             1.59292          0.00697659
                  31             79.3844             1.59176          0.00682729
                  32             80.5937             1.59132          0.00661915
                  33             85.0497             1.59334          0.00690821
                  34             80.8097             1.59323          0.00670318
                  35             79.9005             1.59249          0.00654194
                  36             79.8536             1.59187           0.0063892
                  37             81.5557             1.59222          0.00622224
                  38             82.2858             1.59286          0.00609544
                  39             82.3507             1.59349            0.005977
                  40             81.2662             1.59361          0.00582662
                  41             78.8138             1.59302          0.00580689
                  42             80.5072             1.59301          0.00567498
                  43             78.8221             1.59215          0.00563342
                  44             79.7304             1.59144          0.00553441
                  45             82.8201             1.59217          0.00547786
                  46             84.9725             1.59379          0.00563741
                  47             81.8158             1.59401          0.00552765
                  48             81.2597             1.59408          0.00541199
                  49             81.0045             1.59381          0.00530726
                  50             78.8063             1.59299          0.00527791
                  51             79.8997             1.59245          0.00519345
                  52              79.464             1.59174          0.00512843
                  53             81.5777             1.59193          0.00503636
                  54             79.7101              1.5911          0.00497894
                  55             79.5005             1.59072          0.00491742
                  56             80.8562             1.59068          0.00482892
                  57              83.704             1.59157          0.00484382
                  58             79.3619             1.59102          0.00479186
                  59             84.9715             1.59249          0.00490435
                  60             85.1451             1.59359           0.0050232
                  61             80.5596             1.59369          0.00494933
                  62             81.2638             1.59362          0.00487168
                  63             83.2251             1.59465          0.00485286
                  64             82.6731             1.59504          0.00480264
                  65             79.6242             1.59479          0.00475495
                  66             78.5036             1.59447          0.00476905
                  67             80.5883             1.59406          0.00470852
                  68             84.3516             1.59503          0.00473834
                  69             82.9589             1.59515          0.00472067
                  70             81.3961             1.59505          0.00465718
                  71             82.0502             1.59507          0.00460576
                  72             81.1036             1.59521          0.00454301
                  73             84.1286             1.59572          0.00456585
                  74             82.1462              1.5959          0.00451212
                  75             79.4112             1.59559          0.00447959
                  76             82.4091             1.59596          0.00443197
                  77             81.6884             1.59626          0.00437826
                  78             79.7916             1.59619          0.00434483
                  79             81.9996             1.59648          0.00429472
                  80             82.0499             1.59665          0.00424647
                  81             78.5031             1.59609          0.00424743
                  82             81.2099             1.59622          0.00419637
                  83             77.6865             1.59553          0.00423171
                  84             78.2798             1.59489          0.00423594
                  85             81.3842              1.5947          0.00419618
                  86              78.045             1.59401          0.00420765
                  87             81.3548             1.59387          0.00416579
                  88             77.5351             1.59316          0.00419637
                  89             78.8811             1.59267          0.00417705
                  90             82.2822             1.59304          0.00414054
                  91             79.2309             1.59269          0.00411364
                  92             78.0677             1.59219          0.00411997
                  93             78.4538              1.5917          0.00411129
                  94             79.8314             1.59154          0.00407453
                  95             80.7366             1.59151          0.00403157
                  96             82.3161             1.59161          0.00400532
                  97             78.3295             1.59106          0.00400044
                  98              79.355             1.59072          0.00397236
                  99             82.6571             1.59095          0.00395072
                 100             83.1079             1.59139           0.0039354
                   1              68.659             1.34762                   0
                   2             68.5034             1.35023          0.00427174
                   3              67.373             1.34643          0.00927797
                   4             67.0248             1.34433          0.00927185
                   5             67.9684             1.34286          0.00752476
                   6              69.677             1.34844          0.00854084
                   7              71.954             1.35879           0.0129395
                   8             69.2476              1.3607           0.0112844
                   9             66.8068             1.35619           0.0108954
                  10             69.7646             1.35788           0.0100616
                  11             68.8786             1.35722          0.00917483
                  12             67.5868             1.35532          0.00858412
                  13              69.002             1.35557          0.00792953
                  14              67.648             1.35393          0.00748533
                  15             70.0148             1.35497          0.00729008
                  16             68.4214             1.35492           0.0068282
                  17             69.6448             1.35476          0.00667301
                  18             69.2082             1.35621           0.0063623
                  19             68.6554             1.35634          0.00601843
                  20             68.8778             1.35661          0.00571025
                  21             68.2526             1.35577          0.00547157
                  22             70.7048             1.35766          0.00551866
                  23              70.237             1.35865          0.00542659
                  24             65.8542             1.35612          0.00577326
                  25             68.5366             1.35641          0.00555303
                  26             70.8106             1.35825          0.00556992
                  27              67.838             1.35783          0.00541342
                  28             68.5626             1.35776          0.00521849
                  29             69.4448             1.35813          0.00505852
                  30             68.4322             1.35775          0.00489666
                  31             67.1058             1.35664          0.00485894
                  32             70.2748              1.3577           0.0048024
                  33             69.3192             1.35791          0.00466871
                  34             67.1054             1.35701          0.00463726
                  35             68.1628             1.35643          0.00452402
                  36             68.4394             1.35644          0.00440108
                  37             70.3752             1.35719          0.00437644
                  38             68.6088             1.35724           0.0042613
                  39              68.176             1.35703          0.00416162
                  40             66.4848             1.35606          0.00421264
                  41             70.8714             1.35706          0.00424492
                  42             71.3164             1.35831          0.00431979
                  43             70.4256             1.35897          0.00428668
                  44             67.1848             1.35835          0.00425659
                  45             65.9774             1.35725          0.00434839
                  46             66.8884             1.35671          0.00433473
                  47             68.6298             1.35676          0.00424178
                  48              69.786             1.35725          0.00417695
                  49             69.2092             1.35761          0.00409744
                  50             70.7666             1.35828          0.00409967
                  51             68.7776             1.35847          0.00402177
                  52              69.268             1.35838          0.00396022
                  53             65.9756              1.3575          0.00402941
                  54             68.0254              1.3574           0.0039647
                  55             67.8528             1.35721           0.0039059
                  56             69.8006              1.3575          0.00385775
                  57             68.2844             1.35754          0.00379597
                  58              69.955             1.35798          0.00375437
                  59             70.3624              1.3587          0.00373391
                  60             68.8288             1.35867          0.00367197
                  61              70.287             1.35904          0.00364874
                  62             71.2272             1.35977          0.00367539
                  63             67.0324              1.3592          0.00366121
                  64              71.639              1.3601          0.00371115
                  65             70.4548             1.36059          0.00368708
                  66              71.369             1.36128          0.00371016
                  67             69.6242             1.36149          0.00366062
                  68              69.045             1.36168          0.00360887
                  69             69.6816             1.36197          0.00356322
                  70             71.2462             1.36263          0.00357374
                  71             69.9192             1.36295          0.00353339
                  72             69.6844             1.36315          0.00348946
                  73             69.8884             1.36333          0.00345135
                  74              66.061             1.36259          0.00349589
                  75             69.7676             1.36274          0.00345669
                  76             72.0126             1.36357          0.00350363
                  77             67.5212             1.36316          0.00347967
                  78              67.217             1.36275          0.00346489
                  79             66.9288             1.36215          0.00346112
                  80             71.9178             1.36282          0.00349873
                  81             71.4526             1.36323          0.00351562
                  82              67.811             1.36295          0.00348473
                  83              67.822             1.36273          0.00345448
                  84             66.3946             1.36218          0.00346854
                  85             69.4478             1.36236          0.00342965
                  86             67.2596             1.36203           0.0034128
                  87             68.0858             1.36195          0.00338056
                  88              67.854             1.36175          0.00335086
                  89             67.1854             1.36141          0.00333583
                  90              68.408             1.36122           0.0033017
                  91             68.4346             1.36115          0.00326675
                  92             70.4408              1.3614          0.00325025
                  93             71.0748             1.36186          0.00324891
                  94               67.66             1.36174          0.00322814
                  95             68.1072             1.36159          0.00319843
                  96             68.5552             1.36163          0.00316729
                  97              66.233             1.36106           0.0031825
                  98             68.0776             1.36082          0.00315541
                  99             69.7476             1.36099          0.00312853
                 100             70.5164             1.36125          0.00311538
