0.5           -0.974176         0.000483622            0.329974             0.26396          0.00656448           0.0370031             79.1508            0.464585
0.65           -0.913653         0.000390669            0.426817            0.120111           0.0009054           0.0094643             32.6377            0.269548
0.8           -0.848116         0.000255486            0.441003            0.047958         -0.00058932          0.00448899             15.1953            0.101783
0.95           -0.782389         0.000244603            0.428841           0.0299663          0.00590712          0.00298102             8.56498           0.0429073
1.1            -0.72056         0.000254701            0.397874           0.0214881          0.00034636          0.00162449             5.59347           0.0271084
1.25           -0.664252         0.000188332            0.358101           0.0112905         -0.00282356          0.00115545             3.96167           0.0148774
1.4           -0.613625         0.000200406            0.317049           0.0088113         -0.00052524         0.000900611             2.97757          0.00936617
1.55           -0.568415         0.000170085            0.281303          0.00563752          0.00049256         0.000795649             2.34977          0.00750329
1.7           -0.528808          0.00017212            0.248801          0.00442834          -0.0005216         0.000628822             1.90073          0.00533847
1.85           -0.493284         0.000190339            0.220974          0.00388871          0.00083192         0.000576268             1.58898          0.00379886
2           -0.462013         0.000191543            0.197025          0.00312604         -0.00179652         0.000519924             1.35611          0.00304311
