                   1             16.2331            0.324661                   0
                   2             17.9107            0.341597             0.47904
                   3             17.6759            0.345764            0.469162
                   4             15.7422            0.338136            0.399024
                   5             13.3652            0.325702            0.859193
                   6             15.4174            0.323379              0.8149
                   7              18.137            0.329353            0.748663
                   8             13.2942            0.322561            0.814855
                   9             16.1839            0.322776            0.730686
                  10             15.9223            0.322344             0.65357
                  11             16.6757            0.323661            0.628317
                  12             17.9518            0.327062            0.624748
                  13             17.9194            0.329618            0.590032
                  14             11.9236            0.324075            0.639551
                  15             14.3416            0.322069            0.637059
                  16             15.4252            0.321274            0.600368
                  17             18.7098            0.324458            0.569564
                  18             14.7375            0.322859            0.541117
                  19             17.5786             0.32446            0.519003
                  20             15.2152            0.323582            0.502689
                  21              15.133            0.322663            0.484231
                  22             15.7269             0.32232            0.463789
                  23             17.1249            0.323237             0.44612
                  24             15.2736            0.322531            0.429768
                  25             17.2955            0.323673            0.427517
                  26             16.1882            0.323687            0.411519
                  27              13.856            0.322131            0.408084
                  28             16.1502            0.322166             0.39348
                  29             15.1682             0.32153            0.380568
                  30             19.3778            0.324072            0.390587
                  31             14.4258            0.322953             0.37958
                  32             18.3142            0.325412            0.434051
                  33             15.1126            0.324769             0.42398
                  34             16.7788            0.325111            0.412635
                  35             14.9312            0.324426            0.404619
                  36             10.1523            0.321713             0.42737
                  37              15.927            0.321627            0.415667
                  38             15.1619            0.321184             0.40665
                  39             17.7291            0.322215            0.404596
                  40             16.2908            0.322305             0.39436
                  41             18.6714            0.323881            0.400217
                  42             11.4381            0.321997            0.407927
                  43             15.3255            0.321644             0.39862
                  44             17.8557            0.322522            0.392621
                  45             16.2904            0.322595             0.38381
                  46             16.1628             0.32262            0.375825
                  47             15.9991            0.322573            0.368158
                  48             15.5351            0.322351            0.361554
                  49             17.7725            0.323071            0.356039
                  50             18.3332            0.323951            0.349165
                  51             15.9074            0.323841             0.34242
                  52             12.3917            0.322515            0.341589
                  53             16.8313            0.322931            0.341464
                  54             13.7608            0.322105            0.337496
                  55             16.9129             0.32245            0.333442
                  56             16.0185            0.322413            0.327443
                  57             17.0729             0.32275            0.321755
                  58             15.6607            0.322617            0.317491
                  59             19.7271            0.324193            0.326344
                  60             18.1028            0.325095            0.331384
                  61             18.4579            0.326068            0.335303
                  62             17.9551              0.3266            0.329851
                  63              16.257            0.326578            0.324583
                  64             14.2743            0.326034            0.323121
                  65             17.0845            0.326425            0.323589
                  66             17.9624            0.326994            0.321213
                  67             16.1226            0.326926            0.316393
                  68             16.9924             0.32712            0.311815
                  69              16.679            0.327215            0.307314
                  70             19.6087            0.328491            0.315017
                  71             14.4056            0.327951            0.311529
                  72             17.1589            0.328177            0.307665
                  73             19.5962            0.329218            0.309036
                  74             17.2152            0.329502            0.307536
                  75             17.9873             0.32993            0.304217
                  76             16.8118            0.330029            0.300714
                  77             16.6637            0.330078            0.297005
                  78             14.3137             0.32963             0.29692
                  79             16.5216            0.329658            0.293732
                  80             16.3992            0.329638            0.290058
                  81             16.1285            0.329559            0.286737
                  82             20.0084            0.330544            0.287169
                  83             13.4637            0.329879            0.285993
                  84              12.957            0.329134            0.285631
                  85             13.4177             0.32853            0.285755
                  86             16.5976             0.32857            0.282413
                  87              14.485            0.328144            0.279798
                  88             15.4711            0.327984            0.278248
                  89             19.9232            0.329015            0.282312
                  90             16.0155            0.328922            0.279264
                  91             16.4934            0.328933             0.27622
                  92             16.8954            0.329042            0.273534
                  93             15.8131            0.328911            0.270767
                  94             14.9596            0.328635            0.269072
                  95             13.9927            0.328205            0.268727
                  96             15.2406            0.327988            0.266698
                  97             17.4832            0.328251            0.265091
                  98             18.6945            0.328777            0.264125
                  99             17.4871            0.329005            0.261902
                 100             20.4714            0.329974             0.26396
                   1             21.0878            0.421756                   0
                   2              19.938            0.410511             0.45638
                   3             22.0626            0.420779            0.276166
                   4               19.64            0.416156            0.816232
                   5             19.4366            0.410694            0.636255
                   6             22.1737            0.416176            0.521902
                   7             22.1057            0.419941            0.450417
                   8             22.8167            0.425092            0.471183
                   9             20.6412            0.423742            0.416991
                  10             19.8689            0.421114            0.374067
                  11             19.7477            0.418836            0.349466
                  12             22.1974            0.421114            0.339862
                  13             21.8043             0.42243            0.329847
                  14             21.9426            0.423637            0.308601
                  15             20.6731            0.422961            0.287505
                  16             22.4509            0.424751            0.284736
                  17              20.098            0.423423            0.268698
                  18             20.9493            0.423456            0.277885
                  19             22.5424            0.424918            0.264673
                  20             20.9868            0.424713            0.255566
                  21             22.5332            0.426001            0.247472
                  22             21.1152            0.426243            0.266534
                  23              21.291             0.42628            0.258618
                  24             21.9114            0.426953             0.25966
                  25             19.6479            0.425834            0.264709
                  26             22.9144             0.42709            0.254928
                  27             21.1148            0.427274            0.266658
                  28             21.6874            0.427509            0.257176
                  29             19.8342            0.426454            0.248603
                  30             20.4045            0.425862            0.241352
                  31             22.5675            0.426684            0.233437
                  32             21.1391            0.426566            0.226242
                  33             20.6835            0.426218            0.221699
                  34             19.2859            0.425046            0.216224
                  35              22.087            0.425529            0.210326
                  36             20.0313             0.42485            0.205076
                  37             21.6388            0.425098            0.201356
                  38             19.9145            0.424404            0.196595
                  39              21.593            0.424604            0.192021
                  40             21.0145             0.42452            0.188407
                  41             23.8193            0.425785            0.183757
                  42             20.8674            0.425638            0.182194
                  43             21.7484            0.425879            0.179203
                  44             19.7983            0.425286            0.179677
                  45             21.3442            0.425331            0.176101
                  46             20.9007             0.42518            0.172638
                  47             19.7024            0.424531            0.169674
                  48             24.3537            0.425905            0.169874
                  49             23.4081            0.426768            0.166414
                  50             21.5765            0.426864             0.16309
                  51             21.2962            0.426861            0.160603
                  52             23.3682            0.427657            0.158412
                  53             22.3847            0.428122             0.15967
                  54             19.6915            0.427594            0.161757
                  55             20.6222            0.427323               0.159
                  56             21.5701             0.42743            0.157687
                  57             18.4823            0.426442            0.156157
                  58             21.4291            0.426579            0.157918
                  59             22.2913            0.426938            0.156697
                  60             23.1137            0.427595            0.156901
                  61             20.6977            0.427378            0.154577
                  62             21.5184            0.427533            0.156555
                  63             20.7717            0.427341            0.154052
                  64             19.2544            0.426688            0.151914
                  65             20.6788            0.426489            0.149683
                  66             21.2514            0.426572            0.151648
                  67             22.6044            0.426966            0.149873
                  68              23.012            0.427508            0.149798
                  69               22.04            0.427706            0.147833
                  70             23.5521            0.428327            0.145807
                  71             19.0099            0.427658            0.144105
                  72             20.0162            0.427295            0.142776
                  73             21.8375            0.427447            0.141648
                  74             20.5196            0.427216            0.139724
                  75             19.5029            0.426729            0.138176
                  76             21.0768            0.426672             0.13679
                  77             21.5056            0.426728            0.135418
                  78             21.3353            0.426728            0.133682
                  79             22.1147            0.426953            0.133098
                  80             19.8613            0.426608            0.132441
                  81             18.7501            0.425974            0.130939
                  82             20.6184            0.425808            0.129337
                  83             21.7963             0.42594            0.128134
                  84             22.5346            0.426235            0.126613
                  85             21.4606             0.42627            0.125114
                  86             20.0809            0.426011            0.124637
                  87              22.524            0.426316            0.124061
                  88             21.8536            0.426464            0.123634
                  89             20.1424            0.426201            0.122301
                  90             22.7426            0.426519            0.120938
                  91             21.8705            0.426642            0.119705
                  92              21.129            0.426705             0.12228
                  93             20.0652            0.426476            0.122475
                  94             22.9219            0.426916            0.124701
                  95             19.7309             0.42658             0.12353
                  96             20.1739            0.426368              0.1232
                  97             22.6421            0.426651            0.122293
                  98             21.8029            0.426754            0.121286
                  99             22.3129            0.426965            0.120514
                 100             20.4873            0.426817            0.120111
                   1             22.5082            0.450163                   0
                   2              22.056            0.445785             0.25824
                   3             22.0291            0.444484            0.347233
                   4             22.8139            0.447433            0.245549
                   5             21.7189            0.445037            0.246703
                   6             21.2748            0.441825            0.211914
                   7             22.1009            0.441977            0.203598
                   8             22.5239            0.443047            0.177614
                   9             22.7064            0.444328             0.16565
                  10             21.1994            0.442313            0.151031
                  11              20.975            0.440299            0.146685
                  12             21.6432            0.439734            0.142019
                  13              23.359            0.441863            0.132914
                  14             19.7746            0.438592            0.129407
                  15             23.7178            0.440987            0.121655
                  16             21.4611            0.440254            0.114087
                  17             21.0425            0.439113            0.107249
                  18             21.7688            0.438925            0.103628
                  19             21.2678            0.438215           0.0985136
                  20             22.6842            0.439003           0.0951312
                  21             23.1099             0.44012           0.0921814
                  22             22.6719            0.440726           0.0879063
                  23             21.8397            0.440599           0.0892325
                  24             21.3998            0.440077            0.085775
                  25             21.1507            0.439395            0.082317
                  26             21.1928            0.438799           0.0792297
                  27             24.2973            0.440557           0.0773665
                  28             22.2844            0.440757           0.0764144
                  29             22.7448            0.441253           0.0746295
                  30              21.463            0.440854           0.0721062
                  31             23.3453            0.441709           0.0714935
                  32             22.2671            0.441867            0.073751
                  33              22.297            0.442042           0.0763132
                  34             20.5581            0.441138           0.0745414
                  35             22.1434            0.441199           0.0733913
                  36             20.7812            0.440491           0.0715148
                  37             21.7131            0.440325           0.0697582
                  38             22.2567            0.440453           0.0680818
                  39             22.5618             0.44073           0.0663135
                  40             22.8614            0.441147           0.0650018
                  41             23.3117            0.441809           0.0675597
                  42             23.3976            0.442432           0.0659329
                  43             21.2429            0.442026           0.0646576
                  44             22.1067            0.442043           0.0643425
                  45             21.2211             0.44168           0.0651057
                  46             22.3372             0.44179            0.063702
                  47             21.0446            0.441348           0.0625885
                  48             22.6609            0.441636           0.0642717
                  49             22.5182            0.441838           0.0646724
                  50             21.6754            0.441673           0.0634849
                  51             22.0344            0.441705           0.0658123
                  52              20.206            0.440991           0.0652003
                  53              21.786            0.440894           0.0641747
                  54             24.2802            0.441742           0.0643761
                  55             22.7552            0.442014           0.0650614
                  56             22.7923            0.442296           0.0660351
                  57             22.3911            0.442396           0.0650467
                  58             23.1438            0.442767           0.0649487
                  59             21.7195            0.442633           0.0643746
                  60                21.6            0.442457           0.0633613
                  61             21.9075            0.442388           0.0623724
                  62              21.331            0.442145           0.0620424
                  63             22.2515            0.442191           0.0610548
                  64             21.7531            0.442083           0.0602886
                  65             21.7767             0.44199           0.0598293
                  66             22.2658            0.442047           0.0592735
                  67             21.8074            0.441961           0.0585247
                  68             20.7947            0.441578            0.057679
                  69             21.1144             0.44133           0.0586034
                  70             22.4468            0.441448           0.0582799
                  71             21.1513            0.441193           0.0576836
                  72             22.1036            0.441205           0.0569028
                  73             21.9159            0.441166            0.056124
                  74             22.4379             0.44127           0.0554182
                  75             22.1212            0.441291           0.0550177
                  76              22.284             0.44135           0.0543575
                  77             22.0332            0.441343           0.0537202
                  78             21.5059            0.441211           0.0536905
                  79             21.4825            0.441065           0.0530308
                  80             22.9538            0.441292             0.05245
                  81             22.4941            0.441416           0.0527883
                  82             23.4023            0.441761            0.053285
                  83             23.1847            0.442026            0.052644
                  84             22.7339            0.442183           0.0523586
                  85             21.8419            0.442123           0.0518736
                  86             20.7057             0.44182           0.0524757
                  87             21.8734            0.441772           0.0519633
                  88             21.5509            0.441664           0.0520798
                  89             21.4863             0.44153           0.0515125
                  90             20.8161            0.441251           0.0509961
                  91             21.3816            0.441108           0.0507625
                  92             22.2508             0.44117           0.0511858
                  93             21.9845            0.441154           0.0506465
                  94             22.2213             0.44119            0.050121
                  95             22.1548             0.44121           0.0495984
                  96             21.9674            0.441197           0.0494192
                  97             22.1021            0.441207           0.0489365
                  98             22.1711            0.441237            0.048787
                  99             21.6891            0.441162           0.0483072
                 100             21.2492            0.441003            0.047958
                   1             21.2271            0.424542                   0
                   2             22.6166            0.438443           0.0515923
                   3             21.3776            0.435491            0.306944
                   4             21.6765            0.435002            0.217399
                   5             20.9155            0.432066            0.234681
                   6             21.4742            0.431638            0.191904
                   7             21.8343            0.432403            0.168438
                   8             21.7231            0.432665            0.146339
                   9             21.7526            0.432943            0.130677
                  10             20.7956            0.431307            0.125752
                  11             22.3081            0.432661            0.114257
                  12             20.8633            0.431404            0.107466
                  13             21.6116            0.431475           0.0997832
                  14             21.2805            0.431063           0.0930546
                  15             20.9106            0.430212           0.0873472
                  16             21.2721             0.42994           0.0846816
                  17             20.6706            0.428972            0.079941
                  18             21.7483            0.429339           0.0787727
                  19             21.3184            0.429184            0.074624
                  20             20.8295            0.428558           0.0711928
                  21              22.398             0.42956           0.0747461
                  22             21.3259            0.429421           0.0712677
                  23             20.9621            0.428982           0.0683302
                  24              21.078            0.428693           0.0671832
                  25              20.493             0.42797           0.0671954
                  26             21.4761            0.428038           0.0652683
                  27             21.5919            0.428181           0.0630163
                  28             21.3606            0.428158            0.061648
                  29             21.5485            0.428294           0.0625872
                  30             21.5739            0.428409           0.0611272
                  31             21.7977            0.428653           0.0591815
                  32              21.108            0.428452           0.0574569
                  33             22.2335            0.428943           0.0557202
                  34             21.5764            0.429023             0.05434
                  35             21.8742            0.429278           0.0536893
                  36             21.9527            0.429563           0.0532398
                  37             21.1678            0.429395           0.0517811
                  38             21.3311            0.429371           0.0538349
                  39             21.5375             0.42941           0.0526951
                  40             22.0222            0.429723            0.053708
                  41             21.1806            0.429576           0.0525028
                  42             21.2301             0.42946           0.0514043
                  43             22.4077            0.429898           0.0503981
                  44             21.8469             0.43006           0.0493417
                  45              21.528            0.430072           0.0482818
                  46             21.4655            0.430062           0.0476273
                  47             20.7857            0.429759           0.0467717
                  48             21.3268            0.429709           0.0468669
                  49             21.8354            0.429852           0.0459371
                  50             20.7463            0.429561           0.0453975
                  51             21.5229            0.429607            0.046201
                  52             20.8733            0.429377           0.0455137
                  53             21.9172            0.429551           0.0449359
                  54             21.3986            0.429529           0.0445274
                  55             20.9789             0.42935           0.0437776
                  56             21.0811            0.429212           0.0429899
                  57             21.2731            0.429158           0.0429291
                  58             20.1536            0.428718           0.0427041
                  59              21.881            0.428869           0.0419761
                  60             21.5516            0.428909           0.0414559
                  61             20.8295            0.428707           0.0407972
                  62             21.9235            0.428865           0.0401401
                  63             21.2535             0.42881           0.0397741
                  64              21.363            0.428786           0.0391533
                  65             21.6652            0.428857            0.038654
                  66             21.8898            0.428993            0.038077
                  67             20.3068            0.428658           0.0379017
                  68             22.0784            0.428849           0.0373929
                  69             21.2668            0.428798            0.036866
                  70             21.7473            0.428892            0.036652
                  71             21.0603            0.428784           0.0361366
                  72             22.0748            0.428964           0.0358221
                  73             20.9387            0.428828           0.0354923
                  74             20.6136            0.428608           0.0352135
                  75             21.4002            0.428601           0.0347967
                  76             22.3441            0.428845           0.0345238
                  77             21.4033            0.428836            0.034145
                  78             21.5565            0.428866           0.0337053
                  79             20.9731            0.428747           0.0332871
                  80             21.2705            0.428705           0.0328774
                  81             22.3205            0.428932           0.0328405
                  82             21.8415             0.42903           0.0325502
                  83              21.379            0.429013             0.03217
                  84             20.7722            0.428853           0.0318673
                  85             21.5132            0.428876           0.0318025
                  86             21.6891            0.428933           0.0314412
                  87             21.2856            0.428898           0.0311558
                  88             20.9196            0.428785           0.0311334
                  89             21.1818            0.428727           0.0307974
                  90             20.7362            0.428572           0.0304647
                  91              21.745            0.428644           0.0302285
                  92             22.4173             0.42886           0.0300076
                  93             21.2266            0.428813            0.029685
                  94             20.9773            0.428718           0.0295364
                  95             21.0965            0.428651           0.0294465
                  96              21.933            0.428755           0.0291383
                  97             21.2032            0.428718           0.0294053
                  98             21.1876            0.428674           0.0293817
                  99             21.6506            0.428718           0.0290839
                 100             21.9298            0.428841           0.0299663
                   1             20.2359            0.404717                   0
                   2             19.4837            0.397196           0.0195422
                   3             20.1864            0.399462            0.086043
                   4             19.9637            0.399553            0.107409
                   5             20.1357            0.400186           0.0833072
                   6             20.2219            0.400898           0.0688905
                   7             19.4835            0.399455           0.0885762
                   8             20.6042            0.401051           0.0790732
                   9             20.0342            0.401212           0.0959711
                  10             20.3466            0.401787           0.0861668
                  11             19.5327            0.400796           0.0800636
                  12              20.645            0.401824            0.074953
                  13             19.6715            0.401191           0.0701379
                  14             20.1671            0.401353            0.065828
                  15             19.1834            0.400186           0.0625922
                  16             19.7707            0.399904           0.0601526
                  17             19.9239            0.399851           0.0593852
                  18             20.2724            0.400162           0.0560421
                  19             20.3939            0.400577           0.0538503
                  20             19.8368            0.400415           0.0536774
                  21             19.4835            0.399923           0.0526439
                  22             19.7818            0.399762           0.0529006
                  23             19.8018            0.399612           0.0514571
                  24             19.6409            0.399347           0.0506002
                  25             20.0355            0.399408           0.0490222
                  26             19.2263            0.398836           0.0471538
                  27             20.5218            0.399279           0.0463527
                  28             19.3552            0.398846           0.0448004
                  29             19.4009            0.398472           0.0432331
                  30             19.4243            0.398139           0.0417679
                  31              19.658            0.397984           0.0407861
                  32             20.4779            0.398355           0.0401819
                  33             20.2289            0.398547           0.0392079
                  34             19.1918            0.398126           0.0388814
                  35             19.8782            0.398113           0.0379612
                  36              20.249             0.39832           0.0379165
                  37             19.8141            0.398283           0.0380159
                  38             20.2101            0.398449           0.0376057
                  39             20.2678            0.398631           0.0369065
                  40             19.9653            0.398657           0.0365668
                  41             20.2941            0.398834           0.0356667
                  42             19.2934            0.398528           0.0349528
                  43             19.6072            0.398379           0.0341421
                  44             20.2456            0.398528           0.0333686
                  45             19.4032            0.398296           0.0326791
                  46             20.1222            0.398404           0.0329721
                  47             19.9457            0.398415           0.0322911
                  48             19.1286            0.398094           0.0321429
                  49             19.7908            0.398049            0.031579
                  50             20.1807            0.398161           0.0309721
                  51             20.1583            0.398265           0.0307107
                  52              19.015            0.397929           0.0305989
                  53             19.6867            0.397859           0.0305271
                  54             19.1221            0.397577           0.0301756
                  55             19.5215            0.397449            0.029691
                  56             19.4477            0.397297           0.0291577
                  57             20.1984            0.397433           0.0296055
                  58              19.785             0.39742           0.0299251
                  59             19.6363             0.39734           0.0294151
                  60             20.4376             0.39753           0.0289216
                  61             19.6677            0.397472           0.0289309
                  62             19.7619            0.397437           0.0285146
                  63             20.6314            0.397678           0.0280733
                  64             19.8341            0.397665            0.027773
                  65             20.0435            0.397719           0.0275423
                  66             19.9387            0.397736           0.0271851
                  67             19.7796            0.397708           0.0269524
                  68              20.851            0.397992           0.0265636
                  69             20.0606            0.398047           0.0265876
                  70             20.0459            0.398089           0.0262262
                  71             19.3425            0.397935           0.0260757
                  72             20.1845            0.398017           0.0258261
                  73             19.7504            0.397981           0.0257005
                  74             20.7362            0.398209           0.0254551
                  75             19.6896            0.398153           0.0252566
                  76             19.9895            0.398176           0.0249943
                  77             19.5565            0.398085           0.0246814
                  78             19.7644            0.398062            0.024934
                  79             19.6246            0.397994           0.0247167
                  80             19.5808            0.397914           0.0244126
                  81              19.509            0.397828           0.0245301
                  82             19.9003            0.397831           0.0242293
                  83             19.8477            0.397821            0.023954
                  84             20.2425            0.397913           0.0240488
                  85             19.8676            0.397907           0.0238103
                  86             19.6663            0.397858           0.0236935
                  87             19.7855            0.397839           0.0236648
                  88             19.9037            0.397841              0.0234
                  89             20.1974            0.397911           0.0231819
                  90             19.7563            0.397882           0.0230096
                  91             19.4961            0.397796           0.0228152
                  92             19.5958            0.397733           0.0225938
                  93             19.2001            0.397587            0.022406
                  94             19.9053            0.397592           0.0221667
                  95              20.384            0.397702           0.0221162
                  96              20.567            0.397847           0.0219603
                  97             19.5777            0.397782            0.021733
                  98             20.1887            0.397843           0.0215101
                  99             20.4809            0.397971           0.0216884
                 100             19.4113            0.397874           0.0214881
                   1             18.0939            0.361879                   0
                   2             17.3926            0.354918           0.0719767
                   3             18.0072             0.35666           0.0416311
                   4             17.7654            0.356324            0.030548
                   5             17.3976            0.354659            0.029458
                   6             17.8353            0.355022            0.032438
                   7             17.8156            0.355218           0.0311013
                   8             17.9707            0.355751           0.0295783
                   9             18.0536            0.356375           0.0336623
                  10             17.9851            0.356713           0.0311815
                  11             18.1641            0.357327           0.0316873
                  12             17.9846            0.357528           0.0296622
                  13             17.6104            0.357123           0.0278996
                  14             17.6061            0.356771           0.0267561
                  15             17.7353            0.356677           0.0311298
                  16             17.4317            0.356179            0.029781
                  17             17.6193            0.355973           0.0300671
                  18             18.1411            0.356354           0.0285338
                  19             17.6449            0.356173           0.0270279
                  20             18.2611            0.356627           0.0258896
                  21             17.6189            0.356426           0.0248031
                  22             17.6064            0.356232           0.0238111
                  23             17.8968            0.356307           0.0227974
                  24             17.4373            0.355996           0.0222343
                  25             17.5002             0.35576           0.0217108
                  26             17.8585            0.355814           0.0208756
                  27             17.9077            0.355908           0.0208637
                  28             18.7484            0.356589           0.0201223
                  29             17.9259            0.356662           0.0200448
                  30             18.2848            0.356967           0.0197815
                  31             17.9108            0.357007            0.019157
                  32             17.3596            0.356703            0.018703
                  33             17.8551            0.356724           0.0189993
                  34             18.0527            0.356853           0.0185573
                  35             18.2437            0.357082            0.018032
                  36              18.221            0.357286           0.0175613
                  37             18.0294            0.357375           0.0170806
                  38             18.2289            0.357566           0.0167045
                  39             17.8306            0.357547           0.0168223
                  40             17.5169             0.35737           0.0167104
                  41             17.8582            0.357365            0.016299
                  42             17.6452            0.357259           0.0159188
                  43             17.9565            0.357314           0.0164959
                  44             17.8593            0.357314           0.0163058
                  45             17.8292            0.357298           0.0159793
                  46             17.8999            0.357314           0.0156657
                  47             18.0672             0.35741           0.0161343
                  48             17.6914            0.357336           0.0158066
                  49             18.0994            0.357431           0.0155001
                  50             17.8545            0.357425           0.0152693
                  51             17.8471            0.357417           0.0150785
                  52             17.9212            0.357437           0.0148546
                  53              17.934             0.35747           0.0152311
                  54             18.2412            0.357627            0.016404
                  55             18.4574            0.357836           0.0161058
                  56             17.8445             0.35782           0.0158745
                  57             18.6875            0.358105           0.0158794
                  58             17.9834            0.358132           0.0156119
                  59             17.6992            0.358062           0.0153876
                  60             17.9948            0.358095           0.0152716
                  61             17.6736             0.35802           0.0150803
                  62             18.2209             0.35813           0.0151831
                  63             17.4499            0.357991           0.0153362
                  64             18.1938            0.358084           0.0151682
                  65             17.8272             0.35806            0.014934
                  66             18.4471            0.358227           0.0148243
                  67             17.6799            0.358159           0.0146346
                  68             18.1708            0.358238            0.014531
                  69              18.084            0.358288            0.014319
                  70             18.3241            0.358416           0.0146929
                  71             18.1326            0.358475           0.0144855
                  72             18.1101            0.358527           0.0142889
                  73             17.1379            0.358311           0.0141141
                  74             17.8438            0.358293           0.0139564
                  75             17.9084            0.358291           0.0137769
                  76             17.9514            0.358301           0.0136177
                  77             17.8522            0.358286           0.0134903
                  78             17.5487            0.358192           0.0133189
                  79             18.0829            0.358238           0.0132885
                  80             17.9782            0.358255           0.0131292
                  81             18.1357            0.358311           0.0130061
                  82             18.0578            0.358346           0.0128828
                  83             17.7873            0.358316           0.0127861
                  84             17.5671            0.358233           0.0126383
                  85             17.6367            0.358169           0.0124965
                  86             18.0999            0.358217           0.0125668
                  87             18.2097            0.358286           0.0124218
                  88             17.9867            0.358303            0.012313
                  89              17.796            0.358278           0.0122382
                  90              18.371            0.358379           0.0121021
                  91             18.4743            0.358501           0.0119764
                  92             17.0045            0.358301           0.0118514
                  93             17.8031            0.358278           0.0117791
                  94             18.1204            0.358323           0.0116946
                  95             17.8067              0.3583           0.0115881
                  96             17.3706            0.358187           0.0114871
                  97             17.9411            0.358194            0.011372
                  98             17.9754            0.358208           0.0112872
                  99             17.2599            0.358077           0.0111896
                 100             18.0033            0.358101           0.0112905
                   1             15.8132            0.316263                   0
                   2             16.0957            0.319137           0.0589697
                   3             16.1868            0.320697           0.0475941
                   4             15.5229            0.318153           0.0401752
                   5             15.8037            0.317737           0.0311455
                   6              16.469            0.319723           0.0356041
                   7             15.6168            0.318684           0.0330489
                   8             15.9618            0.318796           0.0359435
                   9             15.7446            0.318368           0.0325018
                  10             16.0384             0.31861           0.0294376
                  11             15.7186            0.318225           0.0266288
                  12             16.0292            0.318422           0.0244482
                  13             15.6815            0.318073           0.0249822
                  14             15.8742            0.318035           0.0236842
                  15             15.6313            0.317678           0.0225591
                  16             16.2174            0.318095           0.0211049
                  17             15.5849            0.317746           0.0227589
                  18             15.6078            0.317445           0.0223223
                  19             15.6508            0.317221           0.0219986
                  20             15.4767            0.316837           0.0209132
                  21             16.3164            0.317289           0.0198993
                  22             16.2106            0.317607           0.0191958
                  23             15.5812            0.317349           0.0186192
                  24             16.2653            0.317682           0.0179735
                  25             15.4004              0.3173           0.0176157
                  26             15.9841            0.317397           0.0174739
                  27             15.8528            0.317385           0.0168208
                  28             15.6838            0.317252           0.0162205
                  29             15.5795            0.317057           0.0156539
                  30             16.1686            0.317272            0.015569
                  31               15.35            0.316943           0.0151862
                  32             15.6391            0.316817           0.0150599
                  33             15.7767            0.316781           0.0148207
                  34             16.0482            0.316906           0.0145727
                  35             15.6283            0.316782           0.0141555
                  36             15.6793              0.3167           0.0142342
                  37             15.7816            0.316675           0.0141952
                  38             15.4817             0.31649           0.0138249
                  39             15.9548            0.316558           0.0135615
                  40             16.2433            0.316769           0.0134441
                  41             16.2924            0.316993           0.0132536
                  42             16.2654            0.317191           0.0129739
                  43             15.8746            0.317205           0.0131038
                  44             16.2299            0.317374           0.0128807
                  45             15.7597            0.317328            0.012755
                  46             15.9843            0.317379           0.0124877
                  47             16.2676            0.317549           0.0122199
                  48             15.8809            0.317551            0.011992
                  49             15.8737            0.317552           0.0119254
                  50             16.0858            0.317635           0.0116847
                  51             15.5528            0.317506           0.0114897
                  52             15.5688            0.317395            0.011655
                  53             15.9067            0.317409           0.0114586
                  54             16.2154            0.317539           0.0113419
                  55             16.3265            0.317706           0.0113563
                  56             15.5579            0.317589           0.0111524
                  57             15.9691            0.317622           0.0110454
                  58             15.9202            0.317643           0.0113096
                  59             16.5224            0.317861           0.0111581
                  60             16.0039            0.317905             0.01137
                  61             15.3783            0.317735           0.0111928
                  62             16.1519            0.317832           0.0116579
                  63             15.7329            0.317784            0.011609
                  64             15.4962            0.317663           0.0114671
                  65             15.9006            0.317668           0.0112936
                  66             15.7563            0.317633           0.0113051
                  67             15.4044            0.317491           0.0111464
                  68             16.1035            0.317559           0.0110123
                  69              16.088             0.31762           0.0108798
                  70             15.8872            0.317622           0.0107258
                  71             16.3526            0.317758           0.0107386
                  72             15.3081            0.317597           0.0105953
                  73             15.5468            0.317508           0.0105767
                  74             16.3552            0.317639           0.0104804
                  75             15.6416            0.317575           0.0103762
                  76             15.6074            0.317505           0.0103246
                  77             15.8628            0.317505           0.0103169
                  78             16.1031            0.317566           0.0103091
                  79             15.9905            0.317594            0.010182
                  80             15.8733            0.317593           0.0100661
                  81             15.9549            0.317613          0.00999139
                  82             15.3086            0.317473          0.00987046
                  83             16.0045            0.317505          0.00976609
                  84             16.0424            0.317545          0.00965852
                  85             15.6031            0.317482          0.00959068
                  86             15.9525              0.3175          0.00949319
                  87             15.6077            0.317439          0.00941504
                  88             16.0053             0.31747          0.00932634
                  89             15.4147            0.317369          0.00930664
                  90             15.7631            0.317345          0.00920429
                  91             15.7282            0.317317          0.00919575
                  92             15.7769            0.317298          0.00913391
                  93             15.9312            0.317313          0.00903516
                  94             15.7617            0.317293          0.00903547
                  95             15.4428            0.317205          0.00898055
                  96             15.7799            0.317189          0.00894827
                  97             15.2915            0.317077          0.00905391
                  98             15.6419            0.317034          0.00899033
                  99             15.9963            0.317063          0.00889955
                 100             15.7822            0.317049           0.0088113
                   1             13.8276            0.276553                   0
                   2             14.2826            0.281181            0.068513
                   3             13.4616            0.277198           0.0397529
                   4             14.1558             0.27868           0.0286429
                   5             14.1316            0.279473           0.0228403
                   6             14.2609            0.280431           0.0188056
                   7             14.1149            0.280697           0.0158959
                   8             14.0963            0.280887           0.0214194
                   9              14.022            0.280837           0.0188996
                  10             14.0676            0.280893            0.017566
                  11             14.0046            0.280821           0.0160395
                  12             14.1033            0.280925            0.014676
                  13              13.908            0.280712           0.0135231
                  14             13.8174            0.280412           0.0144487
                  15             14.2414            0.280709           0.0138701
                  16              13.945            0.280596            0.012978
                  17              14.448            0.281089           0.0123264
                  18             14.4713            0.281553            0.011727
                  19             13.8744            0.281339           0.0111612
                  20             14.0245            0.281297           0.0106076
                  21             14.3055            0.281527            0.010189
                  22             13.9761            0.281436          0.00975444
                  23             13.9134            0.281299          0.00947351
                  24             13.6516            0.280959          0.00953542
                  25             14.0205            0.280937          0.00914619
                  26             13.7879            0.280739          0.00886375
                  27             14.0969            0.280785          0.00876487
                  28             14.0601              0.2808          0.00844606
                  29              14.146            0.280873          0.00815041
                  30             13.8895            0.280771          0.00793433
                  31             14.3924               0.281          0.00776208
                  32             13.8468            0.280878          0.00805622
                  33             14.3367            0.281056          0.00781296
                  34             13.5989            0.280793          0.00805791
                  35             14.1672            0.280866            0.007825
                  36             14.2153            0.280969          0.00834023
                  37             14.3894            0.281153          0.00813502
                  38             14.0228            0.281148          0.00902707
                  39             14.5755            0.281414          0.00883981
                  40             14.3944            0.281577          0.00865366
                  41             14.1101            0.281592          0.00847292
                  42             14.0142            0.281561          0.00827135
                  43             13.5315            0.281315          0.00862632
                  44             14.2465            0.281399          0.00856094
                  45             13.6937            0.281231          0.00836943
                  46             14.0984            0.281249           0.0082697
                  47             14.1556            0.281288          0.00810603
                  48             14.6871            0.281549          0.00800069
                  49             14.1483            0.281579          0.00790187
                  50             14.0348            0.281563          0.00785506
                  51             14.0899            0.281568          0.00769971
                  52              14.131            0.281588          0.00757405
                  53             13.8749            0.281512          0.00746257
                  54             13.9882            0.281481          0.00745953
                  55             14.3271            0.281576          0.00750916
                  56             13.8201            0.281486          0.00748175
                  57             14.2554            0.281549          0.00735092
                  58             14.2581            0.281612            0.007271
                  59             14.3244            0.281695          0.00718639
                  60             14.1767            0.281727           0.0071547
                  61             13.9218            0.281674          0.00708241
                  62             14.0554            0.281665          0.00696745
                  63              14.197            0.281703          0.00696346
                  64             14.1856            0.281734          0.00685638
                  65             14.0221            0.281714          0.00675801
                  66              13.611            0.281575          0.00690358
                  67             14.0158            0.281559          0.00694158
                  68             14.0152            0.281541          0.00687821
                  69             14.1301            0.281556           0.0067844
                  70             14.4793            0.281671          0.00669005
                  71             14.0358            0.281659          0.00666485
                  72             14.1208             0.28167          0.00657565
                  73             13.5351            0.281521          0.00656735
                  74             14.1117            0.281531          0.00648473
                  75             13.7967            0.281456          0.00640071
                  76             13.3841            0.281279            0.006532
                  77             14.1913            0.281312          0.00644675
                  78             13.7185            0.281224          0.00640243
                  79             14.6105            0.281363          0.00634048
                  80             14.1331            0.281382          0.00638565
                  81              14.054            0.281379          0.00633358
                  82             14.3114            0.281439          0.00629983
                  83              13.875            0.281391          0.00622469
                  84             14.1701            0.281415          0.00616375
                  85              14.223            0.281451          0.00610494
                  86             14.2026            0.281482          0.00604928
                  87             13.9328            0.281451          0.00607643
                  88             13.9521            0.281424          0.00600706
                  89             14.0093             0.28141          0.00594029
                  90             13.6928            0.281326          0.00588286
                  91             13.9689            0.281305          0.00581858
                  92              13.786            0.281244          0.00576568
                  93             13.7946            0.281187          0.00573731
                  94             14.4206            0.281264          0.00568222
                  95             14.1039            0.281278          0.00587921
                  96              13.657            0.281193          0.00581797
                  97             14.1244            0.281207          0.00578927
                  98             14.3966            0.281276          0.00573042
                  99             14.3887            0.281342          0.00569155
                 100             13.8696            0.281303          0.00563752
                   1             12.6319            0.252638                   0
                   2             11.9285            0.245606          0.00626842
                   3             12.4034            0.246427          0.00421036
                   4             12.5182            0.247415          0.00719874
                   5             12.3496             0.24733          0.00560571
                   6             12.2114            0.246818          0.00711375
                   7             12.1081            0.246159          0.00849387
                   8             12.5186            0.246695           0.0105078
                   9             12.4312            0.246911          0.00981469
                  10             12.4257            0.247072          0.00881513
                  11             12.3423            0.247051          0.00800255
                  12             12.2452            0.246873          0.00742454
                  13             12.5744             0.24723          0.00728517
                  14             12.6556             0.24765          0.00679677
                  15             12.2115            0.247422          0.00637485
                  16             12.6634            0.247797          0.00753723
                  17             12.1684            0.247537          0.00721256
                  18             12.6486            0.247841          0.00699811
                  19             12.3965            0.247848          0.00692591
                  20              12.697            0.248152           0.0066145
                  21             12.4926            0.248237          0.00682517
                  22              12.515            0.248334           0.0070393
                  23             12.3514            0.248282          0.00727438
                  24             12.4059            0.248276          0.00713946
                  25             12.5438            0.248385          0.00737839
                  26             12.3257            0.248318          0.00764995
                  27             12.2689            0.248212          0.00757584
                  28             12.5912            0.248341          0.00732052
                  29             12.2201            0.248207          0.00723024
                  30             12.5298            0.248287          0.00701894
                  31             12.3391            0.248239          0.00681378
                  32             12.4491            0.248267          0.00702088
                  33             12.3621            0.248236          0.00680509
                  34             12.3076            0.248175          0.00660661
                  35             12.9219            0.248468           0.0064282
                  36             12.5982            0.248571           0.0067396
                  37             12.2421             0.24847          0.00657204
                  38             12.5711            0.248548          0.00641487
                  39             12.3876            0.248529          0.00637374
                  40             12.2715            0.248455          0.00647464
                  41             12.5185            0.248502          0.00631742
                  42             12.3861            0.248484          0.00622455
                  43             12.2587            0.248408          0.00615684
                  44             12.3574             0.24838          0.00601619
                  45             12.3012            0.248327          0.00588129
                  46              12.709            0.248455           0.0057545
                  47             12.5507            0.248509          0.00564049
                  48             12.5088            0.248544          0.00552192
                  49             12.6493            0.248635          0.00545317
                  50             12.0326            0.248476          0.00534959
                  51             12.4928            0.248503          0.00525282
                  52             12.2907            0.248452          0.00522849
                  53             12.2798              0.2484          0.00521563
                  54             12.1225            0.248292          0.00526652
                  55             12.7056            0.248398          0.00518719
                  56             12.5276            0.248438          0.00518573
                  57             12.3716            0.248421          0.00514281
                  58             12.5735            0.248474          0.00505702
                  59             12.4992            0.248499          0.00497893
                  60             12.2772            0.248455          0.00520978
                  61             12.6828             0.24854          0.00513057
                  62             12.3371            0.248511          0.00505417
                  63             12.0725              0.2484          0.00501729
                  64             12.6842            0.248483          0.00493956
                  65             12.4787              0.2485          0.00489174
                  66             12.2871            0.248459          0.00486058
                  67             12.5063            0.248484          0.00479016
                  68             12.1316            0.248398          0.00476691
                  69             12.2957            0.248363          0.00473639
                  70             12.5476            0.248408          0.00511996
                  71             12.3187            0.248379          0.00504749
                  72             12.3831            0.248375          0.00528961
                  73             11.8648            0.248224          0.00525425
                  74             12.3007            0.248194           0.0051837
                  75             12.7916            0.248296          0.00511522
                  76             12.4443            0.248304           0.0050546
                  77              12.142            0.248233           0.0050035
                  78             12.7563            0.248322          0.00500605
                  79             12.0757            0.248236           0.0049436
                  80             12.7051             0.24831          0.00488212
                  81             12.8087            0.248411          0.00500904
                  82             12.6048            0.248456          0.00494768
                  83             12.6084            0.248501          0.00490532
                  84             12.5868             0.24854          0.00488918
                  85              13.021             0.24868          0.00483318
                  86             12.6383            0.248728          0.00478618
                  87               12.51            0.248746          0.00479944
                  88             12.3567            0.248729          0.00477541
                  89             12.4144            0.248724          0.00472159
                  90             12.4428            0.248728          0.00478329
                  91             12.3433            0.248708          0.00475928
                  92             12.8215            0.248792          0.00471509
                  93             12.4199            0.248788           0.0046643
                  94             12.6065            0.248823          0.00461495
                  95             12.4229             0.24882          0.00458899
                  96             12.4447            0.248821          0.00455108
                  97             12.3122            0.248794          0.00450633
                  98             12.7136             0.24885          0.00446206
                  99             12.3187            0.248827          0.00447178
                 100             12.3115            0.248801          0.00442834
                   1             11.2371            0.224742                   0
                   2             11.2762            0.225139           0.0130526
                   3             10.9974            0.223409          0.00865711
                   4              10.993            0.222528          0.00900493
                   5             10.9926            0.222104           0.0293788
                   6             11.0762            0.222056           0.0291551
                   7             10.7219            0.220967            0.024654
                   8             11.1053            0.221127           0.0228547
                   9             11.1397            0.221315           0.0204588
                  10             10.9363            0.221057           0.0184207
                  11             11.0998            0.221149           0.0172148
                  12             11.0387            0.221121           0.0159478
                  13              11.086            0.221181           0.0158046
                  14             11.1999            0.221382           0.0146355
                  15              10.946             0.22122           0.0137264
                  16             11.0301            0.221191           0.0135562
                  17             11.0852            0.221231            0.013388
                  18             11.1167            0.221297           0.0129528
                  19             11.1474            0.221386           0.0123743
                  20             10.8889            0.221209           0.0119422
                  21             11.0632            0.221212           0.0113628
                  22             11.0745            0.221225           0.0108522
                  23             10.6977            0.220909           0.0103755
                  24             11.2413            0.221077           0.0102334
                  25             11.1734            0.221173          0.00981665
                  26             10.8976             0.22105          0.00946937
                  27             11.0575            0.221054          0.00916625
                  28             10.9798            0.221004          0.00891237
                  29             11.1486            0.221073          0.00867237
                  30             11.2581            0.221216          0.00873537
                  31              11.019            0.221189          0.00847301
                  32             10.7492            0.221001          0.00853536
                  33             11.2385            0.221115          0.00827404
                  34             11.1165            0.221152          0.00811057
                  35             11.2478            0.221267          0.00817384
                  36             11.0691             0.22127          0.00795141
                  37              11.176            0.221331          0.00774179
                  38             11.1074            0.221355           0.0076626
                  39             11.2133             0.22143          0.00747962
                  40              11.206            0.221498          0.00729081
                  41             11.2021            0.221562          0.00720058
                  42             11.2124            0.221632          0.00733341
                  43             11.2441            0.221709          0.00720209
                  44             10.7795             0.22157          0.00703962
                  45             10.8263            0.221458          0.00689268
                  46             10.9443            0.221402           0.0067463
                  47               11.07            0.221402          0.00660121
                  48             10.9345            0.221345           0.0064637
                  49              11.477            0.221513          0.00633261
                  50             11.2506            0.221585          0.00630653
                  51             11.0318            0.221566          0.00618566
                  52             10.8849            0.221492           0.0060658
                  53             10.9113            0.221431          0.00595627
                  54             11.3534            0.221535          0.00585233
                  55             10.9355            0.221486          0.00585191
                  56             11.2386            0.221545          0.00574666
                  57             11.0078            0.221522          0.00569688
                  58             11.0502            0.221513          0.00562351
                  59             11.1623            0.221544          0.00557549
                  60             11.0709            0.221543          0.00552811
                  61             11.0056            0.221519           0.0054429
                  62              10.925            0.221471           0.0053681
                  63             11.0521            0.221465          0.00533066
                  64             11.0814            0.221468          0.00526332
                  65             10.8949            0.221414          0.00519509
                  66             10.7902             0.22133          0.00515654
                  67             11.2533            0.221386          0.00508674
                  68              11.046             0.22138          0.00504905
                  69              10.962            0.221349          0.00498018
                  70              11.072             0.22135          0.00491074
                  71             10.9886            0.221328          0.00484373
                  72             11.0372             0.22132          0.00477652
                  73             11.2437            0.221369          0.00471457
                  74             11.0884            0.221374          0.00465622
                  75             10.8947            0.221328          0.00459447
                  76              10.904            0.221286          0.00456469
                  77             10.9907            0.221267           0.0045123
                  78             11.1089            0.221279           0.0044577
                  79             11.3175            0.221343           0.0044061
                  80             10.9281            0.221309          0.00438276
                  81             11.3227            0.221374          0.00439103
                  82             10.6611            0.221275          0.00433875
                  83             10.8779             0.22123          0.00428649
                  84             10.8225            0.221174           0.0043044
                  85             10.9484            0.221149          0.00425372
                  86             10.8028            0.221089          0.00421037
                  87             10.6753            0.221002          0.00416906
                  88             10.9624            0.220983          0.00413298
                  89             11.0149            0.220976          0.00413287
                  90              10.999            0.220967          0.00415433
                  91             10.9898            0.220954          0.00411677
                  92             10.9415            0.220931          0.00407988
                  93             11.1744            0.220959          0.00403939
                  94             10.8503            0.220917          0.00400581
                  95             10.8809            0.220883          0.00398024
                  96             11.2094            0.220918          0.00395395
                  97             11.1241            0.220934          0.00391351
                  98             11.1807            0.220962           0.0039096
                  99             11.2379            0.221001          0.00389808
                 100              10.913            0.220974          0.00388871
                   1              9.8527            0.197054                   0
                   2             9.86057            0.197184           0.0328447
                   3             9.79748            0.196845           0.0334137
                   4             9.97879             0.19756            0.028341
                   5             10.0155            0.198124           0.0237719
                   6             9.62527            0.197201           0.0206131
                   7             9.73959            0.196861           0.0179229
                   8             9.88552            0.196969           0.0156743
                   9             9.58265             0.19639           0.0147676
                  10             9.83467             0.19642           0.0132198
                  11             9.68348            0.196171           0.0119976
                  12             9.81406            0.196192            0.011995
                  13             9.68427            0.196004           0.0114034
                  14             10.1022            0.196436           0.0106186
                  15             9.70947            0.196287            0.009944
                  16              9.8752            0.196363          0.00935077
                  17             10.1356            0.196739          0.00887754
                  18             9.87957            0.196786          0.00841683
                  19             9.81094            0.196757          0.00799683
                  20             10.2294            0.197153          0.00802645
                  21             9.93379            0.197226          0.00765757
                  22             9.68701             0.19707          0.00744653
                  23             10.0042            0.197201          0.00711653
                  24             9.90514            0.197239          0.00685341
                  25             9.50872            0.196962          0.00684717
                  26             9.75521             0.19689          0.00658342
                  27             9.89781            0.196931          0.00642295
                  28             9.93948            0.196998          0.00619383
                  29             9.94394            0.197065          0.00613768
                  30             9.95787            0.197136           0.0059853
                  31                9.75            0.197067          0.00579247
                  32             9.83276            0.197055          0.00568978
                  33             9.78176            0.197013          0.00556516
                  34             9.84047            0.197008          0.00544848
                  35              9.6969             0.19692          0.00529091
                  36             9.67519            0.196828          0.00528211
                  37             9.82015            0.196817          0.00521035
                  38             9.69758            0.196742          0.00509226
                  39              9.8598            0.196754          0.00495999
                  40             9.66871            0.196674          0.00507493
                  41             9.71065            0.196615          0.00498144
                  42             9.81279            0.196608          0.00495785
                  43             9.85522            0.196622          0.00496879
                  44             9.75379            0.196587          0.00488234
                  45             9.87675            0.196608          0.00477432
                  46             9.74041             0.19657          0.00468097
                  47             9.81327            0.196564          0.00462326
                  48              9.6131            0.196477          0.00464384
                  49             10.0232            0.196558          0.00454861
                  50             9.96152            0.196614          0.00455521
                  51             9.70807             0.19657          0.00466198
                  52             9.80085            0.196559          0.00457927
                  53             9.83122             0.19656          0.00449451
                  54             10.2685            0.196724          0.00441325
                  55             9.84002            0.196725          0.00435127
                  56             9.93767            0.196764          0.00436267
                  57             9.71135            0.196723          0.00446484
                  58             9.74437            0.196692          0.00439602
                  59             10.0318            0.196759          0.00432112
                  60             9.86538            0.196768          0.00426086
                  61             9.68844            0.196719          0.00419812
                  62             9.86144            0.196728          0.00414347
                  63              9.7809             0.19671          0.00407776
                  64             9.89918             0.19673          0.00402957
                  65             10.0339            0.196791          0.00397342
                  66             9.87583            0.196802          0.00391607
                  67             9.91391            0.196825          0.00387014
                  68             9.60034            0.196754          0.00381731
                  69             10.1725            0.196853          0.00386395
                  70              9.6351            0.196795          0.00386842
                  71             9.88673             0.19681           0.0038819
                  72             9.92191            0.196833          0.00383437
                  73             9.88211            0.196844          0.00378269
                  74             9.75079             0.19682          0.00374074
                  75             9.70488            0.196784          0.00369897
                  76             9.90287            0.196804          0.00379104
                  77             9.67648            0.196763          0.00378095
                  78             9.89647            0.196778          0.00373231
                  79             9.82207            0.196774          0.00369973
                  80             9.99697            0.196815          0.00371442
                  81             9.92263            0.196836          0.00367174
                  82              9.9261            0.196856          0.00362689
                  83             9.98285             0.19689          0.00359331
                  84             9.96837             0.19692          0.00356602
                  85             10.0491            0.196968          0.00353444
                  86             9.82536            0.196963          0.00349699
                  87             9.66249             0.19692          0.00345858
                  88             9.73966            0.196896          0.00341913
                  89             9.74032            0.196873          0.00340994
                  90             9.83798            0.196872          0.00338112
                  91             9.69849             0.19684          0.00334483
                  92             9.72368            0.196815          0.00332701
                  93             9.84733            0.196818          0.00332632
                  94             9.86568            0.196823          0.00329159
                  95             9.98173            0.196853          0.00326077
                  96             9.93287            0.196872          0.00325282
                  97             10.2709            0.196961          0.00322204
                  98              10.163            0.197025           0.0031899
                  99             9.68232            0.196991          0.00315764
                 100             10.0184            0.197025          0.00312604
