                   1             18.4175            0.368349                   0
                   2             7.89587            0.271991             3.70635
                   3             13.6539             0.27238             2.14456
                   4             9.90942            0.254296             1.59348
                   5             7.02965            0.233198             1.47193
                   6             10.2289             0.22846             1.20594
                   7             11.6156            0.229016             1.01996
                   8             10.2661            0.226099            0.888916
                   9             8.27039            0.219596            0.813389
                  10             7.55397            0.213029            0.760752
                  11             15.3909            0.224786            0.984827
                  12             13.0238            0.227988            0.916855
                  13             6.48935            0.221069            0.891433
                  14             5.47567            0.213773            0.873091
                  15             16.6337            0.222763            0.882588
                  16             17.1234            0.230876            0.863989
                  17             10.0621            0.229182            0.814561
                  18             17.7269            0.237647             0.85304
                  19             16.1867             0.24248            0.822744
                  20             9.38936            0.239876              0.7874
                  21             15.1141            0.243048             0.75927
                  22             11.7602            0.242695            0.724084
                  23              6.6603            0.238336            0.712259
                  24             10.2148            0.236969            0.684521
                  25             14.2278             0.23938            0.681539
                  26             11.7422            0.239241            0.656581
                  27             10.5727            0.238229            0.632637
                  28             17.8205            0.243027            0.636248
                  29             15.0792            0.245125            0.617386
                  30             14.3965            0.246717             0.60388
                  31             10.3709            0.245509            0.586781
                  32             20.2404            0.251013            0.590605
                  33             19.5301            0.255641            0.588856
                  34             6.36532            0.252273            0.587912
                  35             12.9357             0.25246            0.570988
                  36             24.6373            0.260864            0.619784
                  37             11.7541            0.260169            0.602875
                  38             8.99977            0.258242            0.593398
                  39             10.9609            0.257292            0.579799
                  40             16.5617             0.25923             0.56819
                  41             8.93497            0.257387            0.558444
                  42             12.3533            0.257146            0.545165
                  43             12.2828            0.256881            0.532403
                  44             13.5458            0.257214            0.520632
                  45              10.033            0.256009             0.51074
                  46             14.9158            0.256966            0.500798
                  47             15.6444            0.258388            0.498056
                  48             15.7902            0.259645            0.489575
                  49             14.3396            0.260208            0.479794
                  50             11.2404             0.25954            0.471461
                  51             12.0304             0.25919            0.462869
                  52             6.18538            0.256866            0.463296
                  53             12.9008            0.256888            0.454472
                  54             9.42913            0.255672            0.447591
                  55             16.9035            0.257305            0.443739
                  56             12.2857            0.257098            0.435745
                  57             8.94068            0.255806            0.430677
                  58              13.022            0.255886             0.42319
                  59             12.3711            0.255759            0.416505
                  60             13.1672            0.255887            0.409558
                  61             13.0608            0.255974             0.40279
                  62             11.4451            0.255541            0.396353
                  63             12.8521            0.255565            0.390011
                  64             16.8377            0.257047            0.390694
                  65             13.1689            0.257144            0.384642
                  66             14.6407            0.257701            0.379256
                  67             15.1167            0.258397            0.374486
                  68              12.883            0.258387            0.368985
                  69             11.3202            0.257941            0.364154
                  70             16.8054            0.259156            0.361976
                  71             13.6363            0.259347            0.356847
                  72             12.8972            0.259341            0.352289
                  73             9.15806            0.258353            0.349153
                  74              11.207            0.257934             0.34578
                  75             12.8155            0.257913            0.341152
                  76             13.7951            0.258154            0.336758
                  77             12.7451            0.258113            0.332384
                  78             7.92185            0.256946            0.331512
                  79             13.8589            0.257209            0.327498
                  80             12.5741            0.257138             0.32341
                  81             19.5167            0.258928            0.323717
                  82             11.0948            0.258493            0.320267
                  83             19.4763            0.260403            0.326144
                  84             10.7999            0.259904            0.323127
                  85             9.96931            0.259244            0.320824
                  86             13.8904            0.259471            0.317385
                  87             13.3066            0.259547            0.313716
                  88              14.771            0.259996            0.311314
                  89             9.53105            0.259265            0.309186
                  90             8.10006            0.258263            0.307979
                  91             13.2922            0.258351            0.304728
                  92             13.2302            0.258421            0.301448
                  93             11.0651            0.258038            0.298654
                  94             10.9527            0.257633            0.295741
                  95             10.9059            0.257231            0.292997
                  96              10.056            0.256664            0.290442
                  97             14.9249            0.257121            0.288144
                  98             18.8455            0.258444            0.287972
                  99              13.539            0.258569             0.28505
                 100             14.3223            0.258852            0.282313
                   1             27.1717            0.543435                   0
                   2             27.0656            0.546507              1.8527
                   3             23.1843             0.52019             1.30505
                   4             27.2928            0.526822            0.952838
                   5             25.8399            0.525267            0.798583
                   6             25.6761             0.52338            0.660956
                   7             24.8231            0.521058            0.722142
                   8              25.808            0.521924             0.75345
                   9             27.6467            0.525685            0.687824
                  10             27.1469            0.527657            0.632936
                  11             24.1702            0.526828            0.770361
                  12             27.6772            0.529643            0.735061
                  13             26.0347            0.529714            0.714421
                  14             25.5553            0.528392            0.661788
                  15              25.791            0.527768            0.626337
                  16             23.7721             0.52474              0.5976
                  17             24.7891            0.523043             0.56163
                  18             26.3031             0.52324            0.530916
                  19             24.1144            0.522303            0.555503
                  20             27.2086            0.523447            0.529005
                  21             26.3005            0.523584            0.503777
                  22             24.4657            0.522117            0.484146
                  23             25.6108            0.521737            0.464685
                  24             24.7092            0.520618            0.446107
                  25             27.4637            0.522155             0.44388
                  26             25.4412            0.521643            0.426471
                  27             26.5646            0.522028            0.411403
                  28             25.8098            0.521896            0.399398
                  29             28.7788            0.523751            0.385479
                  30             26.8818            0.524217            0.372519
                  31             29.5256            0.526371            0.360995
                  32             23.7235            0.524837            0.353032
                  33             26.5037            0.525054            0.344411
                  34             25.5604            0.524719            0.336845
                  35             26.4775            0.524922            0.329565
                  36             27.2039            0.525454            0.320289
                  37             25.7992            0.525508            0.322876
                  38             27.9786            0.526447            0.315872
                  39             24.4648            0.525494            0.307678
                  40             25.4619            0.525158            0.302386
                  41             26.8829            0.525497             0.29615
                  42             26.3313            0.525549            0.289912
                  43             24.5841            0.524772            0.283479
                  44             25.1038            0.524421            0.282698
                  45             25.1097             0.52398            0.278199
                  46             28.7966            0.525126            0.272702
                  47             24.9371            0.524686            0.270973
                  48             24.4791            0.523961            0.265441
                  49             25.8988            0.523845            0.260205
                  50             24.7889            0.523288            0.255054
                  51             25.2643            0.522985            0.251703
                  52             27.0445            0.523333            0.246912
                  53             27.4745            0.523953            0.246266
                  54             27.5822            0.524474            0.241971
                  55             25.4394            0.524201            0.237904
                  56             27.1071            0.524574            0.235277
                  57             26.3405            0.524631            0.231674
                  58             26.0221            0.524679            0.231469
                  59              22.764            0.523545            0.228914
                  60             24.5137            0.522999            0.225368
                  61             27.0204            0.523293            0.221896
                  62             25.3214            0.523119             0.22132
                  63             26.7355            0.523317            0.218198
                  64             23.7476            0.522924            0.225719
                  65             26.9928             0.52332            0.226235
                  66             28.6823            0.524084            0.222849
                  67             26.8801            0.524304            0.219991
                  68              27.881            0.524804            0.217002
                  69              25.421            0.524607            0.215001
                  70             26.5028            0.524693            0.212126
                  71              27.647            0.525104            0.209521
                  72             28.6132            0.525762            0.206675
                  73             25.9949            0.525769            0.206326
                  74             26.2967            0.525774            0.203571
                  75             25.2686            0.525557            0.202367
                  76             26.1884            0.525575            0.200848
                  77             26.6421             0.52572            0.199643
                  78             25.5985            0.525549            0.197208
                  79             23.5123            0.524871            0.195328
                  80             23.5346            0.524244              0.1942
                  81             25.8007            0.524168             0.19249
                  82             24.9221            0.524052            0.195413
                  83             25.1811            0.523825            0.193525
                  84             25.8661            0.523755            0.191423
                  85             25.4737            0.523695            0.191957
                  86             24.7148            0.523444            0.192035
                  87             25.9608            0.523484            0.192044
                  88             26.0862            0.523604            0.193315
                  89             28.3205            0.524085            0.191132
                  90             28.2633            0.524543            0.189024
                  91             27.6405            0.524902            0.188088
                  92             27.3716            0.525305            0.189957
                  93             26.7781            0.525424            0.188119
                  94             24.0975            0.524973            0.186381
                  95             24.9317            0.524698            0.184482
                  96              26.284            0.524722            0.182868
                  97             25.4702            0.524586            0.181522
                  98              25.488             0.52446             0.18026
                  99             26.0579            0.524439            0.178727
                 100             25.8735            0.524372            0.176995
                   1             25.3394            0.506788                   0
                   2              26.147            0.514913            0.156231
                   3             25.5814            0.513818             0.09044
                   4             24.3001            0.506865           0.0642575
                   5             24.4199            0.503611            0.232846
                   6             24.9541            0.502856            0.190139
                   7             24.3051            0.500594            0.190259
                   8             25.4301            0.501595             0.16481
                   9             25.4763            0.503253            0.257707
                  10             24.5197            0.501968            0.230591
                  11             24.7867            0.501574            0.226918
                  12             26.2042             0.50354            0.216467
                  13             23.4385            0.500881            0.200483
                  14             25.5028            0.501652            0.196563
                  15             24.7371            0.501193            0.183137
                  16             24.4741            0.500561            0.180207
                  17             24.7229            0.500202            0.169311
                  18             24.0642            0.499199            0.163482
                  19             25.5698            0.499844            0.154907
                  20             23.1901            0.498053             0.14804
                  21             23.2679            0.496497            0.140914
                  22              24.423             0.49615            0.135897
                  23             24.4443            0.495998            0.142453
                  24             23.7347            0.495118            0.136918
                  25             24.6839            0.495194            0.140851
                  26             24.3921            0.494922            0.136064
                  27             25.1753             0.49524            0.130928
                  28             23.7751            0.494576            0.128992
                  29             23.6299            0.493845              0.1262
                  30             25.4362            0.494342            0.121986
                  31             26.9424            0.495779            0.118126
                  32             25.0706            0.496002            0.117366
                  33             22.9103            0.494876            0.115079
                  34             22.9469            0.493821            0.111793
                  35             24.3844             0.49373            0.113706
                  36             24.3633             0.49355            0.110508
                  37             25.4686            0.493978            0.107481
                  38             24.6704            0.493969            0.104957
                  39             28.6017            0.495971             0.10224
                  40             24.3642            0.495763            0.100238
                  41             25.5213            0.496133            0.098445
                  42              23.678            0.495706             0.10247
                  43             24.7907            0.495717            0.100522
                  44             23.2266            0.495009           0.0982209
                  45             24.4002            0.494854           0.0960688
                  46             23.9357             0.49457           0.0974947
                  47             22.9192            0.493831            0.097114
                  48             25.2104            0.494052           0.0953067
                  49             24.6877            0.494049           0.0934951
                  50             23.0224            0.493395           0.0925673
                  51             26.1631            0.493989           0.0911295
                  52             23.9882            0.493822           0.0946377
                  53             26.5317            0.494526           0.0933679
                  54             25.1178            0.494689           0.0924846
                  55             24.8744            0.494828           0.0949048
                  56             23.9569            0.494588           0.0950127
                  57             23.2081            0.494068           0.0939791
                  58             26.7044            0.494848           0.0960746
                  59             24.6449            0.494815           0.0944337
                  60              27.051            0.495605           0.0937627
                  61             25.3519            0.495825           0.0936046
                  62             26.5811            0.496456           0.0943392
                  63             23.5049            0.496041           0.0930086
                  64             23.6907            0.495698           0.0916773
                  65             25.1165            0.495801           0.0903187
                  66             25.1342            0.495913           0.0892634
                  67             25.2719            0.496083           0.0889781
                  68             26.2053            0.496495            0.087661
                  69             22.7642            0.495899           0.0864358
                  70             25.3033            0.496084           0.0867977
                  71             23.3914            0.495697           0.0859557
                  72             24.5446            0.495638            0.085052
                  73             24.8445            0.495655           0.0838862
                  74             24.0884            0.495502           0.0840481
                  75             23.1167             0.49506           0.0829483
                  76             25.2656            0.495207            0.082269
                  77             24.5704              0.4952           0.0827679
                  78             25.5953            0.495419           0.0818599
                  79             24.2721             0.49531           0.0814691
                  80             26.0989            0.495648           0.0806205
                  81             23.5899            0.495367            0.080118
                  82             25.3274            0.495527             0.07997
                  83             25.6099            0.495729           0.0790487
                  84             26.5015            0.496241           0.0818162
                  85             24.1272            0.496092           0.0812519
                  86              25.741            0.496316           0.0805367
                  87              24.987            0.496359             0.07974
                  88             24.9728            0.496394           0.0788303
                  89              25.359            0.496516           0.0779399
                  90             24.4702            0.496441           0.0772058
                  91              24.586            0.496391           0.0764376
                  92             25.1879            0.496479           0.0758528
                  93             25.0699            0.496535           0.0751407
                  94             25.1879            0.496611           0.0743371
                  95             22.9727            0.496266           0.0750951
                  96              25.452              0.4964           0.0743461
                  97             26.5741            0.496762           0.0735761
                  98             23.7275            0.496545           0.0731511
                  99             24.2998            0.496443           0.0725742
                 100              25.453            0.496579             0.07219
                   1             23.0788            0.461576                   0
                   2             22.0784            0.451607            0.105816
                   3             22.3523            0.450097           0.0709534
                   4             22.9567            0.452357            0.050914
                   5             22.5793            0.452254           0.0709751
                   6             22.5207            0.452045           0.0933439
                   7             22.5647            0.451943           0.0805628
                   8             22.9184             0.45275           0.0706651
                   9             23.7553            0.455305           0.0783862
                  10             23.3966            0.456568           0.0702755
                  11               23.06            0.457028           0.0716617
                  12             22.9035            0.457196           0.0794703
                  13             22.4572            0.456598           0.0763581
                  14             23.1843            0.457127           0.0740479
                  15             23.7225            0.458447           0.0901022
                  16             23.4096            0.459061           0.0849581
                  17             21.9211            0.457849           0.0799971
                  18             22.4262            0.457338            0.076167
                  19             22.0962             0.45653           0.0723515
                  20             22.6086            0.456312           0.0686718
                  21             21.6457            0.455229           0.0682853
                  22             22.6752            0.455187           0.0686408
                  23             22.3787            0.454856           0.0656841
                  24             23.0454            0.455112           0.0631584
                  25             22.0978            0.454586           0.0606185
                  26             22.7497            0.454635           0.0613223
                  27             22.1067            0.454199           0.0614863
                  28             23.4996            0.454764           0.0593853
                  29             22.5571            0.454646           0.0578425
                  30             22.6732            0.454613           0.0563892
                  31             22.9499            0.454776            0.056426
                  32             22.5511            0.454692           0.0572746
                  33             23.3403            0.455066           0.0560533
                  34             22.1719            0.454729           0.0547551
                  35             23.8277            0.455391           0.0562092
                  36             21.4314             0.45465           0.0548194
                  37             22.5046             0.45453           0.0536121
                  38             21.7459            0.454014           0.0521866
                  39              21.774            0.453542            0.051076
                  40             22.2033             0.45332           0.0508026
                  41             21.7991            0.452897           0.0495558
                  42             23.0825            0.453148           0.0511849
                  43             22.7781            0.453205           0.0500314
                  44             23.6314            0.453717           0.0534363
                  45             21.1344             0.45303            0.052342
                  46              24.167            0.453698           0.0518415
                  47             23.4195            0.454037           0.0521765
                  48             22.3111            0.453888           0.0518876
                  49             23.5233             0.45423           0.0510523
                  50             22.2839            0.454063           0.0502549
                  51             23.2994            0.454297           0.0492613
                  52             22.2684            0.454127           0.0484069
                  53             22.4761            0.454043            0.047682
                  54             23.2064            0.454235           0.0470834
                  55             22.7484            0.454252           0.0464125
                  56             22.6013            0.454216            0.045804
                  57             23.1604            0.454376           0.0450976
                  58             22.4858            0.454305           0.0448008
                  59             23.0346            0.454413           0.0440362
                  60             22.3322            0.454284           0.0433245
                  61             21.5944            0.453918           0.0426754
                  62             21.5681            0.453556           0.0420729
                  63                22.4            0.453479           0.0419861
                  64             21.7695            0.453209           0.0419856
                  65             23.0707            0.453343           0.0417334
                  66             22.3842            0.453282           0.0423831
                  67              23.005            0.453384           0.0417522
                  68             21.6284            0.453078           0.0411363
                  69             22.6774            0.453086           0.0405834
                  70             22.9722            0.453177           0.0400005
                  71             21.3665            0.452821           0.0398058
                  72             22.3287            0.452735           0.0392911
                  73             21.8129            0.452509           0.0387497
                  74             22.4869            0.452482           0.0387439
                  75             22.0648            0.452333           0.0382319
                  76             23.4464            0.452564           0.0382665
                  77             22.5937            0.452555           0.0377718
                  78             24.0874             0.45294           0.0378543
                  79             23.2181            0.453085           0.0373827
                  80             24.0586            0.453437           0.0369618
                  81             22.8664            0.453485           0.0365042
                  82             22.6605            0.453486           0.0362666
                  83             23.7637            0.453748           0.0358328
                  84             22.6804             0.45375           0.0355609
                  85             24.4486             0.45417           0.0354432
                  86             22.7282            0.454176           0.0350669
                  87                22.9            0.454226           0.0349401
                  88             23.3257            0.454371           0.0348061
                  89             22.1576            0.454245            0.034413
                  90             23.0218            0.454316           0.0341318
                  91             21.2582            0.453996           0.0337682
                  92             22.6593            0.453988           0.0334349
                  93             22.9906            0.454057           0.0333507
                  94             20.6129            0.453627           0.0337049
                  95             21.9641            0.453479           0.0334994
                  96             22.2098            0.453395           0.0337087
                  97             22.5678            0.453378           0.0335068
                  98             22.9015            0.453432            0.033469
                  99             21.7097            0.453245           0.0334428
                 100             21.5677            0.453028           0.0331878
                   1             20.5083            0.410165                   0
                   2             20.0742            0.405941            0.144945
                   3             20.0694            0.404503            0.117131
                   4             20.9467            0.408121           0.0857842
                   5             20.1179             0.40697           0.0668731
                   6             20.5051            0.407492           0.0546135
                   7             19.8825            0.406095           0.0488042
                   8             20.2883            0.406055           0.0425693
                   9             20.2996            0.406058           0.0403549
                  10             20.7721            0.406997           0.0363159
                  11             20.2219            0.406767           0.0334839
                  12             21.2022            0.408207            0.030612
                  13             21.1875            0.409402           0.0281718
                  14             20.2901            0.409167           0.0312087
                  15             19.6157            0.408044           0.0291553
                  16             19.5347            0.406961           0.0274314
                  17             20.6724            0.407363           0.0295781
                  18             20.7749            0.407816            0.028164
                  19              20.367            0.407847           0.0352225
                  20             20.1777            0.407641           0.0346481
                  21             21.6479            0.408891           0.0378919
                  22             20.4011            0.408855           0.0364844
                  23             19.8758            0.408364           0.0351124
                  24             20.4652            0.408404           0.0337906
                  25             21.5894            0.409347           0.0330669
                  26             20.4539            0.409341           0.0322196
                  27              21.189            0.409902           0.0339553
                  28             20.3751            0.409824           0.0334076
                  29             20.1864            0.409655           0.0359071
                  30             20.8979            0.409932           0.0347359
                  31             20.9781            0.410248           0.0340845
                  32              20.443            0.410206            0.033167
                  33             20.9355            0.410469            0.032552
                  34             20.3034            0.410355           0.0328172
                  35             20.7974            0.410516           0.0319978
                  36             20.6501            0.410603           0.0325237
                  37             20.9108            0.410811           0.0317481
                  38             19.9689            0.410512           0.0310242
                  39             20.8254            0.410678           0.0311787
                  40             19.9995            0.410418           0.0308688
                  41             20.3998             0.41036           0.0302229
                  42             21.8449            0.410994           0.0295804
                  43             20.2029            0.410837           0.0292421
                  44              20.023            0.410605            0.028828
                  45             19.2738            0.410053           0.0287001
                  46             19.7096            0.409709           0.0280704
                  47             20.9341            0.409901           0.0275998
                  48             20.3071            0.409825           0.0271688
                  49             20.6569            0.409894           0.0266713
                  50             20.7893            0.410012           0.0261592
                  51             20.0294            0.409828           0.0256713
                  52             19.8711             0.40959           0.0252268
                  53             20.7458             0.40969           0.0247509
                  54             21.0084            0.409895           0.0250481
                  55             20.5438            0.409913           0.0245902
                  56              20.355            0.409865           0.0242704
                  57             19.7734            0.409627           0.0248126
                  58             20.4883            0.409632           0.0245467
                  59             20.7665            0.409729           0.0241716
                  60             20.5242            0.409746           0.0240615
                  61             20.8656            0.409883           0.0243733
                  62             19.9789             0.40972            0.024174
                  63             20.7928            0.409817           0.0237885
                  64             20.4912            0.409825           0.0238457
                  65             20.5437            0.409841           0.0234763
                  66             20.0316            0.409706           0.0233869
                  67             20.8544            0.409821           0.0232612
                  68             20.2193            0.409748           0.0233189
                  69             20.7051            0.409812           0.0229864
                  70             20.6676            0.409868           0.0229893
                  71             21.2805             0.41009           0.0226735
                  72             20.6305             0.41013           0.0226329
                  73             20.9123            0.410242           0.0223662
                  74             21.1684             0.41042           0.0220853
                  75             20.6379            0.410452           0.0218627
                  76             20.3333            0.410404           0.0216744
                  77             20.3514            0.410367           0.0217368
                  78              20.455            0.410351           0.0214569
                  79             20.3231            0.410302           0.0212059
                  80             20.4579            0.410288           0.0209474
                  81             20.8963            0.410383           0.0207126
                  82             20.3308            0.410339           0.0205838
                  83             20.8044            0.410413           0.0205585
                  84             20.6456            0.410445            0.020435
                  85             20.2445             0.41038           0.0201973
                  86             20.5747            0.410393           0.0199941
                  87             20.7983            0.410459           0.0198405
                  88             20.6301            0.410483           0.0196144
                  89             20.4119            0.410458           0.0194001
                  90             20.4361            0.410439           0.0191851
                  91             20.1008            0.410351              0.0192
                  92             20.6231            0.410379           0.0192598
                  93             20.6417            0.410409           0.0192014
                  94             19.7965            0.410259           0.0191918
                  95             21.2314            0.410412           0.0190629
                  96             20.9014            0.410491           0.0188796
                  97              20.424            0.410471           0.0187254
                  98             20.3846            0.410447           0.0187341
                  99             20.4323            0.410431           0.0186454
                 100             20.4126            0.410413           0.0186232
                   1             17.7519            0.355038                   0
                   2             18.0825            0.358376           0.0584385
                   3             18.3196            0.361069           0.0469043
                   4             17.9222            0.360467           0.0566692
                   5             18.0728            0.360666           0.0442917
                   6             18.3627            0.361805           0.0468936
                   7             18.2079            0.362147            0.041018
                   8             18.3532            0.362765           0.0363026
                   9             18.2747            0.363072           0.0327666
                  10             17.6697            0.362105             0.02947
                  11             18.1282            0.362187           0.0342189
                  12             17.9917            0.362008           0.0338118
                  13             18.7328            0.362982           0.0314015
                  14              17.792            0.362497           0.0328266
                  15             18.8191            0.363423           0.0305733
                  16             17.8278            0.362995           0.0287066
                  17             18.6314            0.363572           0.0284177
                  18             18.3389            0.363754           0.0273021
                  19              18.438            0.364073           0.0317831
                  20             18.3806            0.364265           0.0316407
                  21             18.3398            0.364385           0.0300977
                  22             18.0251            0.364215           0.0293111
                  23             18.3739            0.364372           0.0293344
                  24             17.7851            0.364012           0.0281825
                  25             18.9049            0.364581           0.0273882
                  26              18.319             0.36465           0.0263187
                  27             18.7085            0.365003           0.0253269
                  28             17.6125            0.364549            0.024501
                  29             18.0126            0.364402           0.0238051
                  30             17.9858            0.364247           0.0231109
                  31             18.6645            0.364549           0.0232253
                  32             17.7258            0.364239           0.0228729
                  33             18.7919            0.364598           0.0228001
                  34             17.7439            0.364312           0.0221409
                  35              18.167            0.364316           0.0238453
                  36             18.3176            0.364394           0.0246546
                  37             17.8321            0.364185           0.0239817
                  38             18.3522             0.36426            0.023363
                  39             18.1436            0.364229           0.0230307
                  40             18.3901            0.364321           0.0226414
                  41             17.5806            0.364042           0.0240278
                  42             18.5604            0.364212           0.0234618
                  43             17.9406            0.364087           0.0229276
                  44             18.2876            0.364126           0.0224561
                  45             17.8246             0.36396           0.0221866
                  46              18.318            0.364029           0.0226246
                  47             18.6213            0.364219           0.0228375
                  48             17.7781            0.364041            0.022481
                  49             18.0982            0.363999           0.0220629
                  50             18.6251            0.364175           0.0218919
                  51              18.843            0.364424           0.0214627
                  52             18.1664            0.364403           0.0210492
                  53             18.2775            0.364427           0.0207645
                  54             17.6676            0.364223           0.0204334
                  55             17.9501            0.364128           0.0200601
                  56             18.6262             0.36428           0.0197978
                  57             18.2536            0.364293           0.0194484
                  58             18.5356            0.364412           0.0195211
                  59             18.9617            0.364665           0.0192973
                  60             17.8718            0.364545           0.0189932
                  61              18.064            0.364492           0.0186799
                  62             18.0027             0.36442           0.0183844
                  63             18.1703             0.36442           0.0188762
                  64             18.2521            0.364437           0.0189154
                  65             19.0651            0.364697           0.0186458
                  66             18.4977            0.364798           0.0193951
                  67             18.2943            0.364815           0.0191185
                  68             18.4589            0.364879           0.0188464
                  69             18.3774            0.364922           0.0187664
                  70             17.9564             0.36484           0.0185004
                  71             18.1648            0.364818           0.0182405
                  72              17.788            0.364693            0.018052
                  73             18.5248            0.364773           0.0178143
                  74             18.1418            0.364752           0.0177766
                  75             18.3313            0.364779           0.0176276
                  76             18.3263            0.364802           0.0173997
                  77             17.9521            0.364727           0.0171783
                  78             17.9787            0.364665           0.0171071
                  79             17.9114            0.364583           0.0168898
                  80             18.1553            0.364565           0.0166787
                  81             17.7869            0.364456           0.0164982
                  82             17.8524            0.364366           0.0163087
                  83             18.2061            0.364364           0.0161154
                  84             18.0382            0.364333           0.0164442
                  85             18.6856            0.364444           0.0162699
                  86             17.9737            0.364387            0.016102
                  87              18.312            0.364408           0.0159293
                  88             18.1108            0.364389           0.0159938
                  89              18.477            0.364449           0.0159083
                  90             18.7937            0.364576           0.0157343
                  91             18.2617            0.364584           0.0155625
                  92             18.1569            0.364568           0.0153924
                  93             17.9274            0.364504           0.0152403
                  94             17.4931            0.364348           0.0150781
                  95             18.3655             0.36438            0.014977
                  96              18.104            0.364358           0.0148689
                  97             18.2922            0.364376           0.0148379
                  98             18.1984            0.364372           0.0146881
                  99              18.384            0.364408           0.0146172
                 100             17.7492            0.364316           0.0145703
                   1             16.7988            0.335975                   0
                   2             16.4605            0.332593          0.00446508
                   3             15.9876            0.328467           0.0741925
                   4             16.1684            0.327252           0.0659792
                   5             16.4558            0.327634           0.0528546
                   6             16.0947            0.326679           0.0433499
                   7             15.9822            0.325684           0.0385396
                   8             15.5963            0.324008           0.0393018
                   9             16.0942            0.323777           0.0353763
                  10             16.1679            0.323736           0.0317027
                  11             16.4063            0.324142           0.0296664
                  12             16.1094            0.324006           0.0303753
                  13              16.098             0.32385           0.0281466
                  14             15.4718            0.322821           0.0260828
                  15             16.1231            0.322797           0.0243481
                  16             15.8421            0.322432           0.0235728
                  17             16.1412            0.322462           0.0228603
                  18             16.0108            0.322337            0.021602
                  19             16.4161             0.32266           0.0211405
                  20             16.0313            0.322561           0.0203341
                  21              15.938            0.322402           0.0213778
                  22             16.3056            0.322572           0.0205397
                  23             16.3039            0.322725           0.0196459
                  24             16.1632            0.322749           0.0189081
                  25             15.9715            0.322619           0.0184089
                  26             16.1113            0.322604           0.0176959
                  27             15.8996            0.322437           0.0173427
                  28             15.9576            0.322322           0.0169115
                  29             15.9753            0.322226           0.0163554
                  30             16.1924            0.322288           0.0164836
                  31             16.3305            0.322432           0.0162934
                  32             16.1592            0.322459           0.0160875
                  33             16.8006            0.322879           0.0164114
                  34             15.9247            0.322753           0.0161201
                  35             15.6984            0.322508           0.0161035
                  36             15.8515            0.322357           0.0157677
                  37             15.8791             0.32223           0.0154296
                  38             16.3713            0.322368           0.0151228
                  39             16.7086            0.322671           0.0147426
                  40             16.5645            0.322886           0.0143944
                  41             15.4994            0.322572            0.014043
                  42             15.8512             0.32244           0.0137069
                  43             15.1713            0.321998           0.0133928
                  44             16.5813            0.322219           0.0132865
                  45             16.3441            0.322343           0.0143333
                  46             15.7044            0.322167           0.0142003
                  47             15.6514            0.321973           0.0139214
                  48             16.5801            0.322182           0.0141302
                  49             16.0104            0.322141           0.0138412
                  50             15.5562             0.32193           0.0140598
                  51             16.9008            0.322247           0.0138672
                  52             16.6751            0.322463           0.0136003
                  53             16.0269            0.322427           0.0133454
                  54             16.2029            0.322457            0.013104
                  55             16.0331            0.322426           0.0129255
                  56             15.9622            0.322371           0.0128004
                  57             15.9999            0.322332           0.0126968
                  58             16.4169            0.322435           0.0124767
                  59             16.1754            0.322453           0.0122667
                  60             15.9473            0.322396           0.0121217
                  61             15.9023             0.32233           0.0122117
                  62             16.3517            0.322407           0.0120281
                  63             15.7989            0.322305           0.0118411
                  64             16.6607            0.322481           0.0119835
                  65              16.236            0.322515           0.0118018
                  66             16.0761              0.3225           0.0116226
                  67             16.1785            0.322517           0.0114601
                  68             16.3771            0.322591           0.0112949
                  69             15.9103            0.322528           0.0111828
                  70             16.9118            0.322754           0.0111085
                  71             16.4394            0.322841           0.0110584
                  72             16.3273            0.322892           0.0109051
                  73             16.6256            0.323026           0.0108647
                  74             16.5113            0.323125           0.0107827
                  75             16.1621            0.323127           0.0106911
                  76             15.8708            0.323056           0.0107471
                  77             15.6488            0.322925           0.0106092
                  78              15.957            0.322877           0.0104852
                  79             16.2836            0.322913           0.0103522
                  80             16.5288            0.323009           0.0102593
                  81             16.3461            0.323059           0.0102152
                  82             15.8298             0.32298           0.0101005
                  83             16.7622            0.323132           0.0101634
                  84             15.9442            0.323081           0.0100427
                  85              16.263            0.323107             0.00993
                  86             15.9976            0.323071          0.00983672
                  87             16.5095            0.323153          0.00972614
                  88             16.1442             0.32315          0.00961547
                  89             15.9694            0.323108          0.00952036
                  90             15.9124            0.323054           0.0094258
                  91             15.6252            0.322938          0.00932446
                  92             16.7655            0.323073          0.00922835
                  93             15.6592            0.322971          0.00931897
                  94             15.9418            0.322934          0.00954042
                  95             16.0608            0.322916          0.00943949
                  96             16.3131            0.322954          0.00948336
                  97             16.4289            0.323012           0.0093913
                  98              16.452            0.323073            0.009296
                  99             15.9805             0.32304          0.00926053
                 100             16.1282            0.323039          0.00931246
                   1             14.2848            0.285697                   0
                   2             14.2777             0.28565           0.0368134
                   3             14.1418            0.284719           0.0257452
                   4             14.5845             0.28647           0.0211943
                   5             14.5931            0.287554           0.0182487
                   6             14.3569            0.287487           0.0155447
                   7             14.0065            0.286472           0.0217843
                   8             14.2174            0.286275           0.0296404
                   9             14.3411            0.286338           0.0264218
                  10             14.1479             0.28606           0.0305181
                  11             14.3329            0.286117           0.0277848
                  12             13.8627            0.285379           0.0253974
                  13             14.1851            0.285251           0.0234589
                  14             14.0524            0.284951           0.0217216
                  15             14.2816            0.284999           0.0205377
                  16             14.2141            0.284955           0.0192123
                  17             14.0097            0.284685           0.0190505
                  18             14.2013             0.28465           0.0181156
                  19             14.2504             0.28467            0.017279
                  20             14.6837            0.285127             0.01683
                  21             14.1082            0.284987           0.0161615
                  22             14.0513            0.284811           0.0157316
                  23             14.6092            0.285131           0.0150456
                  24             14.6823            0.285486           0.0144072
                  25             13.9391            0.285223           0.0142236
                  26              14.501            0.285408           0.0136948
                  27             14.0814             0.28527            0.013289
                  28             13.8941            0.285028           0.0145304
                  29             14.3922            0.285126           0.0140312
                  30             13.8152            0.284832           0.0135861
                  31             14.3768            0.284922           0.0132976
                  32              14.285            0.284946           0.0128845
                  33             14.0149            0.284805           0.0124889
                  34             14.0004            0.284675           0.0128729
                  35             14.1809            0.284649           0.0127191
                  36              14.517            0.284808           0.0124211
                  37              14.625            0.285024           0.0125556
                  38             14.1017             0.28495           0.0124833
                  39             14.8084            0.285238            0.012175
                  40             14.3004            0.285271           0.0126301
                  41              14.458            0.285368           0.0124353
                  42             14.1394             0.28531           0.0122939
                  43             14.3449            0.285347           0.0120072
                  44             14.0154            0.285235           0.0118595
                  45             14.1536            0.285195           0.0120213
                  46             14.2467            0.285193           0.0119488
                  47             13.9929            0.285081           0.0117513
                  48             14.2813            0.285093           0.0115736
                  49             14.5396            0.285211           0.0113691
                  50             14.1673            0.285174           0.0111532
                  51             14.6091            0.285314           0.0110723
                  52             14.4263             0.28538           0.0110529
                  53             14.2073            0.285357           0.0108434
                  54             14.2263            0.285344           0.0107621
                  55             14.2666            0.285346           0.0106539
                  56             14.0249            0.285259           0.0104639
                  57             14.1407            0.285217           0.0103152
                  58             14.4572            0.285285           0.0101511
                  59             14.3001            0.285299           0.0100655
                  60             14.4852            0.285373          0.00989656
                  61             14.2076            0.285355          0.00983638
                  62              14.624             0.28547          0.00967824
                  63             14.1359            0.285428          0.00961575
                  64             14.4349             0.28548           0.0094887
                  65             14.5676            0.285571          0.00935933
                  66             14.1845            0.285542          0.00922512
                  67             13.7609            0.285389          0.00913954
                  68             14.5867            0.285483          0.00901315
                  69             14.0462            0.285418          0.00891584
                  70             14.0559            0.285356          0.00878805
                  71             14.1246            0.285316           0.0086683
                  72              13.913            0.285219          0.00858895
                  73             14.1446            0.285187          0.00847591
                  74             14.0846             0.28514          0.00837072
                  75             14.1844            0.285122          0.00830001
                  76             14.5317            0.285195          0.00822123
                  77             14.1854            0.285176          0.00812408
                  78             14.0245            0.285116          0.00802136
                  79             13.8405            0.285011          0.00791972
                  80             14.1219            0.284979          0.00782469
                  81             14.0965            0.284941           0.0077397
                  82             14.1694            0.284923          0.00767129
                  83             14.4018            0.284961          0.00760079
                  84             13.5148            0.284786          0.00751116
                  85             14.5855            0.284869          0.00747124
                  86              13.998            0.284812           0.0074028
                  87             14.3726            0.284842          0.00731865
                  88             14.1373            0.284819           0.0072365
                  89              14.419            0.284859          0.00716916
                  90             14.2531            0.284865          0.00724274
                  91             14.5831             0.28494          0.00717903
                  92             14.1704            0.284924          0.00714068
                  93              14.093            0.284891          0.00707673
                  94             14.1925            0.284881           0.0070131
                  95             14.4431            0.284925          0.00701568
                  96             14.5381            0.284985          0.00694815
                  97             14.5607             0.28505          0.00689977
                  98             13.8448            0.284967          0.00684523
                  99             14.3218            0.284982          0.00677639
                 100              14.375            0.285008          0.00671848
                   1             12.8146            0.256293                   0
                   2             12.2513            0.250674           0.0200197
                   3             12.6577            0.251503           0.0137125
                   4             12.5289            0.251283           0.0154701
                   5             12.4786            0.250979           0.0228108
                   6              12.359             0.25035           0.0195801
                   7             12.7905             0.25113            0.016604
                   8              12.617            0.251284           0.0150069
                   9             12.0636            0.250172           0.0133194
                  10             12.8568            0.250869           0.0119726
                  11             12.6276            0.251022           0.0108368
                  12             12.7806            0.251405           0.0101045
                  13             12.5392            0.251359          0.00951876
                  14             12.7676            0.251659           0.0111448
                  15             12.0746            0.250981           0.0105234
                  16             12.5419            0.251003           0.0133346
                  17             12.7103            0.251192           0.0125646
                  18             12.7397            0.251393           0.0119504
                  19             12.5139            0.251335            0.011331
                  20             12.4948            0.251263           0.0107537
                  21             12.6727            0.251383           0.0116906
                  22             12.8226            0.251616           0.0113032
                  23             12.6549             0.25168           0.0108011
                  24             12.5213            0.251633           0.0107272
                  25             12.4508            0.251528           0.0102943
                  26             12.3978            0.251391          0.00990972
                  27             12.7838             0.25155          0.00953651
                  28             12.6992             0.25164          0.00944842
                  29             12.4461            0.251549          0.00935419
                  30             12.6534            0.251603          0.00927475
                  31             12.5806            0.251604          0.00897789
                  32             12.4344            0.251514           0.0088038
                  33             12.1921            0.251282          0.00859641
                  34             12.6589            0.251338          0.00834673
                  35             12.5261            0.251317          0.00828577
                  36              12.305            0.251173          0.00808794
                  37             12.4713            0.251126           0.0078864
                  38             12.2109            0.250946          0.00782764
                  39             12.7607            0.251057          0.00768727
                  40              12.506            0.251034          0.00751212
                  41             12.2528            0.250888          0.00733688
                  42             12.4455            0.250842          0.00722573
                  43             12.5419            0.250842           0.0070783
                  44             12.5809             0.25086          0.00694131
                  45             12.1896            0.250703          0.00678857
                  46             12.5714            0.250722          0.00682683
                  47             12.7734            0.250828          0.00699471
                  48             12.5702            0.250841          0.00687769
                  49             12.7259            0.250916          0.00676682
                  50             12.5947            0.250936          0.00663062
                  51             12.6525            0.250979          0.00661981
                  52             12.5357            0.250975          0.00651193
                  53             12.3588            0.250906          0.00655108
                  54             12.4754            0.250881          0.00652618
                  55             12.6494            0.250924          0.00664248
                  56             12.4428            0.250887          0.00652601
                  57             12.3112            0.250805          0.00641249
                  58             12.5474            0.250808          0.00630438
                  59             12.5559            0.250814          0.00621011
                  60             12.3419            0.250747          0.00611676
                  61             12.4224             0.25071          0.00604692
                  62             12.5272            0.250709          0.00603578
                  63             12.7718            0.250786          0.00602338
                  64             12.6505            0.250823          0.00607654
                  65             12.8193            0.250911          0.00605803
                  66             12.7655            0.250983          0.00624895
                  67             12.5466            0.250982          0.00616006
                  68             12.5511            0.250984          0.00614709
                  69             12.8551            0.251074          0.00608745
                  70              12.686            0.251112          0.00602795
                  71              12.787            0.251177          0.00595324
                  72             12.4768            0.251155          0.00589366
                  73             12.2951            0.251084          0.00585199
                  74             12.6276            0.251104          0.00577887
                  75             12.3437            0.251051          0.00585675
                  76             12.4916            0.251037          0.00587325
                  77             12.5427            0.251035          0.00579988
                  78             12.6709            0.251065           0.0057251
                  79             12.7855            0.251129          0.00583034
                  80             12.2425             0.25105          0.00576472
                  81             12.9532            0.251149          0.00569587
                  82             12.4366             0.25112          0.00563733
                  83             12.3007            0.251059          0.00560514
                  84             12.3788             0.25102          0.00563437
                  85              12.279            0.250956          0.00557272
                  86             12.7487            0.251003          0.00552556
                  87             12.5415            0.251001          0.00546405
                  88             12.5234            0.250996           0.0054341
                  89             12.7306             0.25104          0.00549708
                  90              12.823              0.2511          0.00544376
                  91             12.5873            0.251108          0.00538919
                  92             12.3337             0.25106          0.00533813
                  93             12.7946            0.251113          0.00532666
                  94             12.3829            0.251078          0.00533116
                  95             12.6548            0.251099          0.00527478
                  96             12.6346            0.251116          0.00522797
                  97             12.3003            0.251065          0.00524551
                  98             12.4232            0.251038          0.00520513
                  99             11.8974            0.250906          0.00515742
                 100             12.5651             0.25091          0.00510976
                   1             10.9387            0.218774                   0
                   2             11.0987            0.220392           0.0212219
                   3              11.193            0.221573           0.0218506
                   4              11.006            0.221218           0.0179204
                   5             10.8912            0.220542           0.0146356
                   6              11.423            0.221862            0.012388
                   7             11.1328            0.221976           0.0106518
                   8              11.069            0.221907           0.0103106
                   9             11.1079            0.221957           0.0127796
                  10              11.059            0.221899           0.0139069
                  11             11.1746             0.22205           0.0132349
                  12             11.1762            0.222195            0.014302
                  13             11.1208            0.222212           0.0131596
                  14             11.1989            0.222344           0.0126991
                  15             11.0981            0.222319           0.0118295
                  16             11.1723            0.222393           0.0113563
                  17             11.1082            0.222382           0.0109072
                  18             11.1911            0.222463           0.0103291
                  19             11.3884            0.222743          0.00985753
                  20              10.712            0.222318          0.00935688
                  21             11.0663            0.222271          0.00890026
                  22             11.1099            0.222267          0.00849283
                  23             11.1566            0.222307          0.00825224
                  24             11.2217            0.222395          0.00790192
                  25             11.1196            0.222395          0.00758553
                  26             10.8215            0.222166           0.0072898
                  27             11.0714            0.222141          0.00717007
                  28             10.6873            0.221843          0.00715668
                  29             11.5119            0.222133          0.00691386
                  30             11.1831            0.222185          0.00672123
                  31             11.2294            0.222264          0.00663075
                  32             11.0309            0.222213          0.00643059
                  33             10.9726            0.222134          0.00656191
                  34             11.1107            0.222139          0.00652872
                  35             11.1723            0.222178          0.00649624
                  36             11.0893            0.222169          0.00642152
                  37             11.0908            0.222164          0.00649008
                  38             11.3664            0.222302           0.0064803
                  39             11.0475            0.222271          0.00652043
                  40             11.0794            0.222254          0.00639692
                  41             10.6953            0.222051          0.00627108
                  42             11.4391            0.222211          0.00612691
                  43             11.0639             0.22219          0.00598593
                  44             11.1031            0.222187          0.00586884
                  45             11.2504             0.22225          0.00576904
                  46               11.29             0.22233          0.00580323
                  47             10.8173            0.222203          0.00569045
                  48             11.3483            0.222304           0.0056215
                  49              11.029            0.222271          0.00563619
                  50             11.1969            0.222307          0.00568404
                  51             11.2585            0.222363          0.00557243
                  52             11.2636             0.22242           0.0054698
                  53             11.2997             0.22249           0.0054855
                  54             11.4159            0.222597           0.0053835
                  55             10.9879            0.222548          0.00537211
                  56             11.3745            0.222636          0.00528399
                  57             11.3462            0.222712          0.00521495
                  58             11.0411             0.22268          0.00516228
                  59                  11            0.222635          0.00508329
                  60             11.1605            0.222645          0.00502353
                  61             10.9629             0.22259          0.00495097
                  62             11.0759            0.222573          0.00487485
                  63             10.9678            0.222523           0.0048451
                  64             11.2976            0.222576          0.00477725
                  65             11.1278            0.222576          0.00470737
                  66             11.0991            0.222568          0.00466077
                  67             11.4093            0.222654          0.00471802
                  68             11.1747            0.222667          0.00467617
                  69             11.3551            0.222733          0.00470666
                  70             11.0492            0.222709          0.00466102
                  71             10.9155            0.222647          0.00459519
                  72             10.9566              0.2226          0.00462305
                  73             11.1843            0.222616          0.00462481
                  74             11.2532            0.222649          0.00456786
                  75             11.0404            0.222626          0.00454057
                  76             11.1233            0.222624          0.00449016
                  77             11.0732            0.222609          0.00444055
                  78             11.1281            0.222608          0.00438332
                  79              11.186            0.222623          0.00435968
                  80             11.0584            0.222605          0.00430684
                  81             10.6989            0.222499          0.00426813
                  82             10.9993            0.222469          0.00425782
                  83             11.1057            0.222466           0.0042363
                  84             10.9477            0.222424          0.00419192
                  85             10.9858            0.222393          0.00417704
                  86             11.0722            0.222383          0.00415625
                  87             11.1205            0.222383          0.00413092
                  88             11.0234            0.222362          0.00408796
                  89             10.9241            0.222319          0.00409192
                  90             11.0619            0.222309          0.00410317
                  91              11.004            0.222285          0.00409675
                  92             11.4617            0.222362          0.00410663
                  93             11.1019            0.222359          0.00406417
                  94             11.0113            0.222337          0.00402836
                  95             10.9764            0.222307           0.0039858
                  96             11.0891            0.222302          0.00396937
                  97             11.1171            0.222304          0.00396866
                  98             10.9354            0.222267          0.00392967
                  99             11.2668            0.222299          0.00393757
                 100             10.9667             0.22227          0.00390039
                   1             9.86646            0.197329                   0
                   2             9.84436            0.197116           0.0123713
                   3             9.72817            0.196276           0.0127699
                   4             9.80808            0.196282            0.018107
                   5              10.024            0.197126           0.0146618
                   6              9.7965            0.196927           0.0120431
                   7             10.0328            0.197463           0.0105905
                   8             9.90578            0.197545          0.00919315
                   9             9.89364            0.197591          0.00962538
                  10             9.73766            0.197309          0.00881643
                  11             9.52554            0.196691          0.00798782
                  12              9.9633            0.196908          0.00767103
                  13              9.9426            0.197059          0.00718322
                  14             9.95051            0.197199          0.00670427
                  15              9.8431            0.197184          0.00717406
                  16             10.0077            0.197371          0.00680764
                  17             9.83217             0.19733          0.00652624
                  18             9.78786            0.197243          0.00622979
                  19             9.69721            0.197072          0.00609515
                  20             9.93909            0.197164          0.00636854
                  21             10.1937            0.197484          0.00608818
                  22             9.76168            0.197382           0.0058579
                  23             9.92481            0.197432          0.00570519
                  24             10.0598            0.197589          0.00548139
                  25             10.2672            0.197899          0.00528389
                  26             9.78848             0.19782          0.00532396
                  27             9.82112            0.197769          0.00516363
                  28             9.77635            0.197689          0.00497614
                  29             10.1151            0.197848          0.00480401
                  30             10.2099             0.19806          0.00470632
                  31             9.90171             0.19806          0.00455211
                  32             9.94048            0.198085          0.00456911
                  33             9.72689             0.19798          0.00458341
                  34              9.8411            0.197947           0.0045375
                  35             9.76905            0.197877          0.00462624
                  36              9.7696            0.197808          0.00452836
                  37             9.93985            0.197838          0.00461641
                  38             10.2183             0.19801          0.00449546
                  39             10.0731              0.1981          0.00445065
                  40             9.90059            0.198098          0.00434185
                  41             9.81482            0.198055          0.00430173
                  42             9.93077            0.198069          0.00422452
                  43             10.0584            0.198141          0.00412689
                  44             10.2005            0.198277          0.00417405
                  45             9.99016            0.198311           0.0040869
                  46             9.90429            0.198307          0.00405173
                  47             9.73713            0.198232          0.00401622
                  48             9.69186            0.198141          0.00393635
                  49             9.58092             0.19801          0.00395604
                  50             9.84134            0.197987          0.00390565
                  51             9.93943            0.198003          0.00387492
                  52             9.98225            0.198035           0.0038368
                  53             10.0176             0.19808          0.00379962
                  54             9.54516            0.197948          0.00382563
                  55             10.0922             0.19802           0.0038097
                  56             10.1128            0.198096          0.00375445
                  57             9.86762            0.198085          0.00380907
                  58             9.96139            0.198106          0.00377529
                  59             9.89868            0.198105          0.00377438
                  60             9.85947             0.19809          0.00372567
                  61             10.1166             0.19816          0.00366677
                  62             10.0365            0.198201          0.00361433
                  63             9.92634            0.198207          0.00357782
                  64             9.93331            0.198214          0.00352331
                  65              9.6758            0.198142          0.00347263
                  66             9.87447            0.198132          0.00342141
                  67               9.873            0.198122          0.00337907
                  68             9.91955            0.198126          0.00334283
                  69             10.0925             0.19818          0.00329802
                  70             9.92688            0.198186          0.00328256
                  71             9.74822            0.198141          0.00323724
                  72             9.92698            0.198147          0.00322873
                  73             10.1699            0.198219          0.00319323
                  74             9.86902            0.198208          0.00315821
                  75              10.096            0.198258          0.00312206
                  76             9.68401            0.198198          0.00310125
                  77              9.9398            0.198206          0.00306079
                  78             9.58066            0.198121           0.0030219
                  79             9.77165            0.198087          0.00299012
                  80             10.4295            0.198219          0.00296588
                  81             9.68546            0.198164           0.0029548
                  82             9.92451            0.198168          0.00291917
                  83             9.72421            0.198123          0.00288482
                  84             9.71064            0.198077           0.0028678
                  85             9.74917            0.198041          0.00283405
                  86             9.98811            0.198061          0.00280616
                  87             9.91182            0.198064          0.00281572
                  88             10.1245            0.198115          0.00280571
                  89             9.88555            0.198111          0.00279281
                  90             9.82065            0.198092          0.00276165
                  91             10.0807             0.19813          0.00273138
                  92              10.118            0.198176          0.00270235
                  93             10.1138            0.198221          0.00267528
                  94             9.95756            0.198231          0.00265052
                  95             9.98546            0.198246          0.00262757
                  96             9.73587             0.19821          0.00260033
                  97             9.76554             0.19818           0.0025974
                  98             9.90145            0.198179          0.00257079
                  99             10.1778            0.198233          0.00256448
                 100             9.89376            0.198232          0.00261265
