19.0189 19.1418 20.5971 20 20 20
19.894 19.8595 19.352 20 20 20
19.2002 19.0621 19.3344 19.0869 20.0416 19.2218
19.4094 17.9804 18.4485 17.747 19.9722 18.7779
19.8732 16.9357 17.463 17.747 19.9722 18.7779
19.8732 16.9357 17.463 17.8486 19.9118 19.1658
19.2823 16.2893 17.5622 18.7649 20.4645 18.7899
18.3476 17.3351 16.6155 18.7532 20.8091 18.5759
18.0873 16.885 17.8803 19.5967 19.2837 19.2115
18.0873 16.885 17.8803 19.5967 19.2837 19.2115
18.7077 15.9614 17.2574 19.5967 19.2837 19.2115
19.3838 14.7639 17.5507 19.5967 19.2837 19.2115
20.1458 13.747 17.1512 19.5967 19.2837 19.2115
20.1458 13.747 17.1512 19.5967 19.2837 19.2115
20.1458 13.747 17.1512 19.4422 19.2942 17.9309
21.1533 13.3804 16.2364 19.6782 18.9648 17.8797
19.8534 13.7873 15.7069 18.9172 19.1099 18.6501
19.8534 13.7873 15.7069 18.617 19.5821 17.2055
19.9541 13.2388 15.8113 18.617 19.5821 17.2055
18.7388 12.7873 15.0468 17.7237 20.6104 18.059
18.1995 13.0322 14.3361 17.9579 20.4821 17.8393
17.4227 11.8969 13.0947 17.9662 20.4365 15.7935
17.4227 11.8969 13.0947 17.9662 20.4365 15.7935
17.4035 12.5136 12.5135 18.0377 19.5459 15.5346
16.4377 13.0257 12.4876 17.5885 19.343 16.1499
16.0682 12.3167 12.346 16.9631 19.6694 16.331
15.0677 11.5369 12.6078 17.7049 18.6763 14.9628
14.6491 11.627 12.0005 17.7049 18.6763 14.9628
14.3994 11.3365 11.1414 17.1076 18.575 14.7189
14.3994 11.3365 11.1414 16.6905 18.7576 15.4774
14.3994 11.3365 11.1414 16.8351 18.7511 14.0269
13.8227 10.4327 10.6486 16.8351 18.7511 14.0269
13.6421 11.4005 9.74372 18.1159 17.9153 13.4556
13.6421 11.4005 9.74372 16.9304 17.3489 14.3053
13.7519 10.4017 10.0694 16.9304 17.3489 14.3053
14.4605 10.265 9.02152 16.1021 17.4929 14.467
14.4605 10.265 9.02152 16.1021 17.4929 14.467
14.8254 11.1459 9.18785 15.8115 17.0887 13.7643
14.8254 11.1459 9.18785 13.7133 14.3327 14.2394
13.7371 10.2049 9.11385 14.0904 15.0241 13.1542
13.1366 9.59605 9.54558 14.1217 15.0687 12.221
13.1366 9.59605 9.54558 13.5285 14.2736 12.8982
13.1725 9.85052 9.00948 13.5285 14.2736 12.8982
13.1725 9.85052 9.00948 13.0902 13.5303 13.7662
13.1725 9.85052 9.00948 12.3114 13.1595 13.4711
13.1725 9.85052 9.00948 12.0988 13.3401 13.518
13.6997 9.96679 8.78163 12.0988 13.3401 13.518
13.2812 11.109 8.10347 12.0988 13.3401 13.518
13.4887 11.4855 7.54823 12.0988 13.3401 13.518
12.4503 12.6117 6.81541 12.0988 13.3401 13.518
12.6336 11.4119 5.68297 13.548 13.0487 13.1545
12.7843 11.0453 6.07555 13.3084 12.2123 13.489
12.7843 11.0453 6.07555 13.3084 12.2123 13.489
11.7448 11.0439 5.10201 12.7073 11.4538 12.2197
11.7448 11.0439 5.10201 12.2574 12.0279 11.9469
11.8809 11.5008 4.51104 12.2574 12.0279 11.9469
11.8809 11.5008 4.51104 12.2254 11.7064 12.6282
11.8809 11.5008 4.51104 12.0288 11.6563 11.56
12.9575 10.5313 3.35987 11.1815 10.6493 12.1534
12.1101 10.9821 3.9328 10.4438 9.73156 13.2245
12.1101 10.9821 3.9328 9.99647 9.32524 14.3406
12.1101 10.9821 3.9328 9.95904 9.70833 14.9778
12.1101 10.9821 3.9328 10.2396 9.07376 14.9386
11.2177 10.0014 4.26289 10.0821 8.30443 14.9912
11.2177 10.0014 4.26289 10.0821 8.30443 14.9912
10.5412 10.6766 3.08754 9.91731 8.60701 14.4469
10.5412 10.6766 3.08754 9.91731 8.60701 14.4469
10.5412 10.6766 3.08754 9.91731 8.60701 14.4469
10.5412 10.6766 3.08754 9.93176 9.58159 13.688
10.5412 10.6766 3.08754 10.2281 9.86521 12.6799
9.31068 10.6237 3.15736 8.99771 10.7604 12.9075
10.3062 11.0395 3.99348 9.14441 9.91859 12.3935
10.8919 10.2544 3.57453 8.10769 10.232 11.2138
11.7286 9.63354 4.06558 8.31811 8.94897 11.6151
11.7286 9.63354 4.06558 8.30436 8.26232 11.722
11.7286 9.63354 4.06558 7.15686 7.05802 11.9371
11.7286 9.63354 4.06558 7.15686 7.05802 11.9371
11.7286 9.63354 4.06558 7.15686 7.05802 11.9371
10.5083 9.60864 4.59462 7.85045 6.02412 11.8906
9.40038 8.76592 4.58922 7.85045 6.02412 11.8906
9.40038 8.76592 4.58922 7.53075 5.41205 11.6208
9.06796 8.20564 5.77106 8.00113 5.79301 10.8153
8.50125 8.98068 5.08832 7.72786 5.86658 10.4488
8.79392 8.72697 5.82663 7.72786 5.86658 10.4488
8.79392 8.72697 5.82663 5.7248 6.12745 10.7705
8.79392 8.72697 5.82663 6.04993 5.46375 10.1215
7.95057 8.57581 6.64439 5.89177 5.47516 8.85709
6.94675 8.31303 6.34102 5.54875 4.09684 8.12897
7.70184 7.85311 5.90008 4.71592 3.62819 9.17446
6.55952 6.78555 6.44727 3.88183 3.30564 8.51147
7.17747 8.07814 5.29524 3.88183 3.30564 8.51147
7.17747 8.07814 5.29524 4.08532 2.74412 8.09633
6.69723 8.90781 4.06854 3.57006 2.80116 7.52425
5.7242 8.25703 4.81818 3.13678 3.13189 8.27906
6.28994 7.74989 4.40246 3.13678 3.13189 8.27906
5.3087 7.06142 3.31521 4.32642 3.88544 7.21919
6.56304 7.75844 4.58243 4.87277 4.05919 7.53201
5.68224 6.45937 5.09948 5.13242 4.26872 6.49743
5.68224 6.45937 5.09948 5.42517 4.1108 6.13426
6.64377 5.23724 5.14048 5.89533 4.2795 5.04335
7.21811 4.19113 4.34641 4.56676 3.84485 5.3246
7.10659 3.91052 4.58237 4.56676 3.84485 5.3246
6.39565 3.67667 3.84188 2.8349 5.36608 4.40546
6.10191 3.02714 4.67766 3.54637 5.67261 3.71846
6.39874 2.63925 4.56976 2.5854 6.97256 1.98211
5.3906 2.54715 5.77601 1.75661 6.73303 1.66358
4.22153 2.77672 4.57366 1.75661 6.73303 1.66358
4.22153 2.77672 4.57366 1.75661 6.73303 1.66358
4.22153 2.77672 4.57366 0.378788 5.48084 0.558462
3.16409 2.04827 4.29686 0.378788 5.48084 0.558462
2.25044 1.60193 4.63489 0.378788 5.48084 0.558462
2.25044 1.60193 4.63489 0.378788 5.48084 0.558462
1.00487 0.945713 5.53092 -0.848605 4.96461 0.474394
1.00487 0.945713 5.53092 -1.02368 4.83523 0.125943
1.00487 0.945713 5.53092 -1.02368 4.83523 0.125943
1.98894 -0.144069 5.88312 -1.02368 4.83523 0.125943
2.94462 -0.307731 5.25507 -1.02368 4.83523 0.125943
3.31654 -1.51499 4.13792 -1.02368 4.83523 0.125943
3.07365 -0.925635 3.21276 -0.516409 4.70603 1.02474
2.13493 -0.392787 2.70193 -0.516409 4.70603 1.02474
2.13493 -0.392787 2.70193 0.178925 4.77709 -0.266598
0.941225 0.667137 2.02144 -0.0761095 3.42025 0.265049
0.941225 0.667137 2.02144 0.557158 3.70892 0.308256
0.816058 1.06314 1.83063 0.610673 4.14737 1.18253
0.816058 1.06314 1.83063 0.866357 3.82364 1.37502
0.451591 1.09165 3.09085 -0.317651 3.32581 1.76324
0.451591 1.09165 3.09085 -0.743218 2.99532 1.63759
-0.633475 2.04596 2.53342 -1.40674 2.18328 3.12869
-0.633475 2.04596 2.53342 -0.878891 0.816643 3.50384
-0.117341 0.787519 1.38711 -0.334264 1.70278 2.98956
-0.117341 0.787519 1.38711 1.05331 2.33247 1.96753
-0.117341 0.787519 1.38711 0.382787 1.25533 2.10486
-0.117341 0.787519 1.38711 0.470021 0.212942 2.0981
-0.117341 0.787519 1.38711 0.470021 0.212942 2.0981
-0.117341 0.787519 1.38711 1.81943 -1.36898 1.41982
0.676036 0.133464 0.155258 1.81943 -1.36898 1.41982
0.676036 0.133464 0.155258 1.63632 -1.83802 0.842561
0.676036 0.133464 0.155258 1.63632 -1.83802 0.842561
0.676036 0.133464 0.155258 1.63632 -1.83802 0.842561
-0.127477 0.191198 -0.678707 0.156334 -2.75007 1.32219
-0.127477 0.191198 -0.678707 -0.82684 -2.52045 0.234733
-0.127477 0.191198 -0.678707 -0.511293 -0.823157 1.87892
-0.127477 0.191198 -0.678707 -0.511293 -0.823157 1.87892
-0.127477 0.191198 -0.678707 -0.511293 -0.823157 1.87892
0.822456 -0.45244 -1.22546 0.44636 -0.35529 0.272532
0.822456 -0.45244 -1.22546 0.285588 -0.346105 -0.557025
0.964228 -0.312071 -1.18624 0.285588 -0.346105 -0.557025
0.964228 -0.312071 -1.18624 0.285588 -0.346105 -0.557025
-0.221212 -0.786592 -1.8762 0.285588 -0.346105 -0.557025
-0.135868 -0.449523 -0.621652 0.285588 -0.346105 -0.557025
-0.135868 -0.449523 -0.621652 0.528129 -0.428831 0.0952133
-0.135868 -0.449523 -0.621652 0.528129 -0.428831 0.0952133
-0.135868 -0.449523 -0.621652 1.06321 0.340806 0.86642
0.197996 0.242143 -0.759439 0.706247 0.172963 0.771847
0.197996 0.242143 -0.759439 0.706247 0.172963 0.771847
0.197996 0.242143 -0.759439 0.0867719 1.07706 -0.295439
-0.689019 0.147187 -1.18834 0.14483 0.642186 -0.530206
-0.689019 0.147187 -1.18834 0.14483 0.642186 -0.530206
-0.767246 -0.12944 -0.4332 -0.63926 0.278328 0.440311
-0.767246 -0.12944 -0.4332 -0.388412 0.253552 1.27806
-0.767246 -0.12944 -0.4332 -0.442672 -1.56424 1.3359
0.357649 0.638407 0.661216 0.541823 -1.67312 0.539734
0.29341 0.578345 -0.440282 0.541823 -1.67312 0.539734
0.29341 0.578345 -0.440282 1.13013 -1.19045 -0.147137
-0.332983 0.1168 -1.41772 0.627902 0.189265 0.0614307
-1.07154 1.08337 -0.567084 0.627902 0.189265 0.0614307
0.226915 0.586238 -1.56125 0.84475 0.529384 0.125869
0.226915 0.586238 -1.56125 0.84475 0.529384 0.125869
0.226915 0.586238 -1.56125 0.84475 0.529384 0.125869
0.226915 0.586238 -1.56125 0.84475 0.529384 0.125869
0.226915 0.586238 -1.56125 0.84475 0.529384 0.125869
0.395592 0.397277 -1.88089 0.84475 0.529384 0.125869
0.103755 -0.0620817 -1.23672 1.27615 -0.329284 0.32744
0.103755 -0.0620817 -1.23672 1.27615 -0.329284 0.32744
0.103755 -0.0620817 -1.23672 1.27615 -0.329284 0.32744
0.48574 -0.114662 -1.41821 1.27615 -0.329284 0.32744
0.48574 -0.114662 -1.41821 1.37066 -0.125955 -0.242373
-0.265433 0.228122 -1.12647 1.37066 -0.125955 -0.242373
-0.265433 0.228122 -1.12647 0.69922 0.612603 1.35007
-0.265433 0.228122 -1.12647 1.69918 0.965778 0.507988
0.850399 1.14814 -0.784517 1.45592 -0.186526 0.199759
0.850399 1.14814 -0.784517 1.71616 0.0742382 -0.133416
0.697533 -0.00357479 -1.23938 0.930765 -0.75806 -0.739834
0.697533 -0.00357479 -1.23938 -0.25858 -0.37785 -1.43533
-0.160263 0.0347055 -0.0959794 -0.25858 -0.37785 -1.43533
-0.160263 0.0347055 -0.0959794 0.0826677 -0.478991 -1.22829
-0.160263 0.0347055 -0.0959794 -0.568608 -0.912811 -0.552254
0.719368 -0.159533 1.04445 -0.246369 -1.03315 0.156626
1.31764 0.402548 0.232239 -0.0807057 -0.610176 -0.861395
1.31764 0.402548 0.232239 -0.49907 -0.554237 -1.43906
1.02717 -0.14776 -0.769658 -1.5449 -0.24597 0.0444565
0.830919 -0.223756 0.362668 -1.27366 -0.120962 -0.093137
0.830919 -0.223756 0.362668 -1.27366 -0.120962 -0.093137
0.811362 -0.183491 -0.167689 -1.27366 -0.120962 -0.093137
0.811362 -0.183491 -0.167689 -1.06011 -0.028587 0.457997
-0.318713 -0.62028 -1.44198 -1.06011 -0.028587 0.457997
-1.06516 -0.298527 -1.0708 -0.730524 -0.462901 -0.546511
-1.9323 -0.132219 -0.32745 -0.372187 0.816189 -0.679869
-1.21426 0.858404 -0.958906 -0.172632 0.554444 0.215089
-1.21426 0.858404 -0.958906 0.0954972 -0.335458 0.309964
-1.21426 0.858404 -0.958906 0.0954972 -0.335458 0.309964
-1.69552 -0.131624 -0.376669 0.0954972 -0.335458 0.309964
-1.23396 0.302181 -0.428989 0.0954972 -0.335458 0.309964
-1.23396 0.302181 -0.428989 0.0954972 -0.335458 0.309964
-0.151301 0.530081 -0.788335 0.0954972 -0.335458 0.309964
-0.151301 0.530081 -0.788335 0.173454 0.535591 0.514473
-0.151301 0.530081 -0.788335 0.173454 0.535591 0.514473
-0.3115 -0.371556 -0.131031 0.173454 0.535591 0.514473
0.625658 -0.0405521 -1.08151 0.173454 0.535591 0.514473
0.434444 -0.212144 -1.12988 0.173454 0.535591 0.514473
0.434444 -0.212144 -1.12988 0.111174 -0.0643053 -0.175676
0.434444 -0.212144 -1.12988 0.111174 -0.0643053 -0.175676
0.434444 -0.212144 -1.12988 0.0618564 -0.455191 0.454454
0.434444 -0.212144 -1.12988 0.0618564 -0.455191 0.454454
0.312437 -1.13729 -1.50838 -0.0816363 -0.643314 -0.599517
-0.931659 -0.942418 -1.34346 -0.0816363 -0.643314 -0.599517
-0.281882 -1.34445 -0.097089 -0.0816363 -0.643314 -0.599517
0.161737 -0.123125 0.78878 -0.0816363 -0.643314 -0.599517
0.161737 -0.123125 0.78878 -0.0816363 -0.643314 -0.599517
0.161737 -0.123125 0.78878 -0.719511 -1.18411 -0.439558
0.161737 -0.123125 0.78878 -0.719511 -1.18411 -0.439558
0.198224 -0.495004 -0.335192 -0.212672 -1.25998 -0.257147
0.198224 -0.495004 -0.335192 0.621418 -0.613693 0.0209833
0.198224 -0.495004 -0.335192 0.621418 -0.613693 0.0209833
0.198224 -0.495004 -0.335192 0.621418 -0.613693 0.0209833
0.198224 -0.495004 -0.335192 0.813572 0.471474 -0.416664
0.198224 -0.495004 -0.335192 0.813572 0.471474 -0.416664
0.198224 -0.495004 -0.335192 0.813572 0.471474 -0.416664
0.198224 -0.495004 -0.335192 0.813572 0.471474 -0.416664
0.198224 -0.495004 -0.335192 0.43426 -0.818662 0.681878
0.198224 -0.495004 -0.335192 0.43426 -0.818662 0.681878
0.198224 -0.495004 -0.335192 0.43426 -0.818662 0.681878
0.198224 -0.495004 -0.335192 0.43426 -0.818662 0.681878
0.173791 0.302418 0.109391 1.19255 -0.453592 0.0639311
0.173791 0.302418 0.109391 1.19255 -0.453592 0.0639311
0.173791 0.302418 0.109391 1.19255 -0.453592 0.0639311
-0.40301 1.28595 0.218225 1.48499 0.0894511 -0.202524
0.406229 0.757488 1.09479 1.48499 0.0894511 -0.202524
0.406229 0.757488 1.09479 1.48499 0.0894511 -0.202524
0.406229 0.757488 1.09479 1.48499 0.0894511 -0.202524
0.406229 0.757488 1.09479 1.48499 0.0894511 -0.202524
-0.225081 -0.0191146 0.421808 1.05938 -0.640845 -0.902064
0.609342 -0.257786 0.456624 -0.699844 -0.432394 -0.11743
0.609342 -0.257786 0.456624 -0.699844 -0.432394 -0.11743
0.609342 -0.257786 0.456624 -0.937479 -0.620531 0.797898
0.609342 -0.257786 0.456624 -0.937479 -0.620531 0.797898
0.609342 -0.257786 0.456624 -0.937479 -0.620531 0.797898
0.307642 -0.672946 -0.352321 -0.937479 -0.620531 0.797898
0.307642 -0.672946 -0.352321 -0.937479 -0.620531 0.797898
0.307642 -0.672946 -0.352321 -0.582697 -0.509425 0.595541
0.307642 -0.672946 -0.352321 -0.742448 -0.573461 1.17166
0.71356 0.457117 0.537414 -0.742448 -0.573461 1.17166
0.71356 0.457117 0.537414 -0.205283 -1.61686 1.79141
0.71356 0.457117 0.537414 -0.848992 -0.931976 2.56053
-0.0814763 1.03695 0.352234 -0.234347 0.0854635 1.28895
-0.059439 -0.116134 -0.0277719 -0.234347 0.0854635 1.28895
-0.059439 -0.116134 -0.0277719 -0.234347 0.0854635 1.28895
-0.059439 -0.116134 -0.0277719 0.0539438 0.542434 0.327358
-0.059439 -0.116134 -0.0277719 0.0539438 0.542434 0.327358
-0.059439 -0.116134 -0.0277719 0.0539438 0.542434 0.327358
-0.059439 -0.116134 -0.0277719 0.162937 0.650081 -0.150961
-0.059439 -0.116134 -0.0277719 0.162937 0.650081 -0.150961
-0.059439 -0.116134 -0.0277719 -0.0597892 0.269722 -1.12208
-0.059439 -0.116134 -0.0277719 -0.400316 0.342506 0.67196
-0.059439 -0.116134 -0.0277719 -0.859551 0.797215 0.620674
-0.661611 -1.29507 -0.979795 -0.859551 0.797215 0.620674
0.37495 -0.321572 -0.282245 -0.859551 0.797215 0.620674
0.214531 -1.28069 0.421939 -0.670774 1.69265 -0.133805
-0.423317 -0.258646 0.980727 -0.670774 1.69265 -0.133805
-0.423317 -0.258646 0.980727 -0.670774 1.69265 -0.133805
-0.0888942 -0.579111 0.812798 -0.128474 1.14399 -1.08964
-0.0742304 0.180256 0.00998078 -0.128474 1.14399 -1.08964
-1.2264 0.582786 0.687788 -0.128474 1.14399 -1.08964
-1.00431 0.873646 0.106063 0.188871 -0.143513 -0.811174
-1.00431 0.873646 0.106063 0.188871 -0.143513 -0.811174
-0.142469 1.05006 0.753046 0.188871 -0.143513 -0.811174
-0.275151 -0.162323 0.0250725 0.188871 -0.143513 -0.811174
-0.275151 -0.162323 0.0250725 -0.0297339 -0.739325 -0.533577
-0.275151 -0.162323 0.0250725 -0.0297339 -0.739325 -0.533577
-0.275151 -0.162323 0.0250725 -0.0297339 -0.739325 -0.533577
-0.44517 0.607837 0.347787 0.469838 -1.5121 0.292786
-0.624648 -0.193781 -0.388199 0.469838 -1.5121 0.292786
-0.624648 -0.193781 -0.388199 0.172274 -0.37572 -0.598979
-0.624648 -0.193781 -0.388199 0.172274 -0.37572 -0.598979
-0.624648 -0.193781 -0.388199 -0.2246 -0.591217 0.107277
0.15472 -0.887738 -0.64592 -0.2246 -0.591217 0.107277
0.720962 -2.05198 -0.427975 -0.2246 -0.591217 0.107277
-0.276417 -1.60871 -1.08516 -0.2246 -0.591217 0.107277
-0.276417 -1.60871 -1.08516 -0.2246 -0.591217 0.107277
0.559253 -0.377486 -0.153509 -0.2246 -0.591217 0.107277
0.559253 -0.377486 -0.153509 -1.25108 0.918014 0.0801256
0.304377 -0.92066 -0.249678 -0.168852 0.283858 1.0111
0.304377 -0.92066 -0.249678 -0.256841 0.980156 2.14962
0.304377 -0.92066 -0.249678 -0.256841 0.980156 2.14962
0.734121 0.0208011 -0.978289 -0.256841 0.980156 2.14962
0.734121 0.0208011 -0.978289 -0.256841 0.980156 2.14962
0.734121 0.0208011 -0.978289 0.0968844 0.870618 2.20948
0.626279 -0.143306 -0.209686 0.0968844 0.870618 2.20948
0.626279 -0.143306 -0.209686 0.0968844 0.870618 2.20948
0.626279 -0.143306 -0.209686 0.0968844 0.870618 2.20948
-0.468819 -0.569717 -0.113156 -1.11259 0.954084 1.71394
-0.468819 -0.569717 -0.113156 -1.33908 -0.484989 1.5818
-0.468819 -0.569717 -0.113156 -1.33908 -0.484989 1.5818
-0.468819 -0.569717 -0.113156 -0.925792 0.224248 0.856192
0.728491 -0.220312 -1.30003 -0.600994 0.152253 1.48065
0.728491 -0.220312 -1.30003 -0.868901 -0.501386 1.67751
1.17468 -0.140408 -0.616336 -0.868901 -0.501386 1.67751
0.200605 0.448167 -1.5737 -0.847983 -1.19748 2.35166
-0.258174 0.875253 -2.10831 -0.847983 -1.19748 2.35166
-0.0765768 0.976173 -1.21379 -0.847983 -1.19748 2.35166
-0.0765768 0.976173 -1.21379 -0.3759 -1.26228 2.37911
-0.0765768 0.976173 -1.21379 -0.3759 -1.26228 2.37911
0.621066 0.628192 -1.56338 -0.391979 -0.135919 2.15498
-0.328648 1.49521 -1.31744 -0.213001 -0.0561583 1.89637
-0.482799 1.05816 -0.466305 -0.213001 -0.0561583 1.89637
-1.05683 0.752374 0.509178 -0.544268 -0.670886 1.24478
-1.05683 0.752374 0.509178 -0.544268 -0.670886 1.24478
-0.464759 0.837012 0.290748 -0.544268 -0.670886 1.24478
0.23784 0.489648 0.730092 -1.41304 -0.694012 0.8085
0.23784 0.489648 0.730092 -0.431219 -1.08177 0.777809
0.23784 0.489648 0.730092 -0.431219 -1.08177 0.777809
-0.669367 -0.226894 1.24123 -0.431219 -1.08177 0.777809
-0.669367 -0.226894 1.24123 0.131344 -0.957283 1.2885
-0.669367 -0.226894 1.24123 0.542576 -0.623401 1.48975
-0.135846 0.719125 0.057894 1.30199 -1.19786 0.26221
-0.158184 0.72208 -0.400834 0.478592 -1.02538 -0.566309
-0.158184 0.72208 -0.400834 -0.674953 -0.797926 -0.376385
-0.158184 0.72208 -0.400834 -0.674953 -0.797926 -0.376385
-0.158184 0.72208 -0.400834 -0.674953 -0.797926 -0.376385
-0.158184 0.72208 -0.400834 0.340688 -1.45483 -0.109319
-0.158184 0.72208 -0.400834 1.51459 -0.196425 -0.927716
0.93519 -0.0818582 -0.945784 1.60773 -0.896235 -0.585708
1.28538 0.827727 -1.43648 0.813562 -0.14127 0.272364
1.40372 0.65201 -1.29106 0.813562 -0.14127 0.272364
0.619202 0.399099 -1.3227 0.813562 -0.14127 0.272364
0.751734 0.173743 -1.16236 0.813562 -0.14127 0.272364
0.751734 0.173743 -1.16236 0.813562 -0.14127 0.272364
0.751734 0.173743 -1.16236 0.813562 -0.14127 0.272364
0.751734 0.173743 -1.16236 0.813562 -0.14127 0.272364
0.751734 0.173743 -1.16236 0.813562 -0.14127 0.272364
1.36461 -0.333036 0.0428673 1.73875 1.16925 1.78963
0.556113 -0.326836 0.437318 1.19024 1.28768 1.5058
0.556113 -0.326836 0.437318 1.19024 1.28768 1.5058
0.303507 0.120701 0.202121 1.57124 0.708791 1.31454
1.39863 0.185171 0.725278 1.81499 0.253589 1.52883
1.39863 0.185171 0.725278 1.99846 -0.243576 2.10627
0.997712 0.244765 0.645925 0.255788 -0.39349 2.80058
1.08636 1.54091 1.49454 0.304272 -1.14229 2.33294
1.08636 1.54091 1.49454 0.0108022 -0.707852 1.54976
1.08636 1.54091 1.49454 0.0108022 -0.707852 1.54976
1.08636 1.54091 1.49454 0.920849 0.766238 0.315925
0.875317 0.312779 2.06159 1.18073 0.237457 0.213505
1.05383 1.23905 1.15081 1.15486 -0.0637392 0.0113359
1.70269 1.39337 0.596732 1.15486 -0.0637392 0.0113359
1.70269 1.39337 0.596732 1.15486 -0.0637392 0.0113359
1.33072 0.56867 0.847632 -0.0368052 -1.2158 0.458044
1.33072 0.56867 0.847632 0.598735 -1.20837 -0.091657
1.18689 0.373393 0.845349 0.758584 -0.235723 0.193161
0.114997 1.38986 0.691995 0.758584 -0.235723 0.193161
-1.05509 0.217047 1.06483 0.758584 -0.235723 0.193161
-1.05509 0.217047 1.06483 0.758584 -0.235723 0.193161
-1.05509 0.217047 1.06483 0.758584 -0.235723 0.193161
-1.05509 0.217047 1.06483 1.40148 0.124217 0.993647
-1.05509 0.217047 1.06483 0.729417 0.177844 0.893073
-1.07118 -0.381855 0.551659 0.729417 0.177844 0.893073
-0.389329 -0.0572093 0.109646 0.729417 0.177844 0.893073
-0.389329 -0.0572093 0.109646 1.31472 0.573981 0.320206
-0.389329 -0.0572093 0.109646 0.317966 1.5897 -0.354723
-0.389329 -0.0572093 0.109646 0.761747 1.74283 -1.33382
-0.389329 -0.0572093 0.109646 0.761747 1.74283 -1.33382
0.158247 -0.849004 0.126872 0.761747 1.74283 -1.33382
0.158247 -0.849004 0.126872 0.0648736 1.40142 -1.36528
-0.746417 -0.123269 1.0101 0.0650512 0.255491 0.131149
-0.746417 -0.123269 1.0101 0.0650512 0.255491 0.131149
-0.746417 -0.123269 1.0101 0.0650512 0.255491 0.131149
-0.53768 1.1387 -0.164572 0.493025 -0.0638344 -0.132601
-0.53768 1.1387 -0.164572 0.493025 -0.0638344 -0.132601
-0.468181 0.688238 0.728701 0.244001 0.734037 1.31285
-0.468181 0.688238 0.728701 0.745252 1.09871 0.978535
-0.5849 0.0225892 1.33735 0.705119 1.44481 0.818665
-0.270029 -0.763793 1.60621 0.165491 0.299216 0.396391
-0.270029 -0.763793 1.60621 0.165491 0.299216 0.396391
0.547633 -0.639623 0.993337 0.165491 0.299216 0.396391
0.547633 -0.639623 0.993337 0.240962 0.625875 0.354853
-0.0349657 -1.09056 0.650822 0.240962 0.625875 0.354853
-0.0349657 -1.09056 0.650822 1.4497 0.0835625 1.38258
1.12731 -1.1159 0.239415 0.281224 -0.0580791 0.025924
1.12731 -1.1159 0.239415 0.281224 -0.0580791 0.025924
-0.00387652 -1.6248 0.445186 0.281224 -0.0580791 0.025924
-0.00387652 -1.6248 0.445186 0.281224 -0.0580791 0.025924
-0.589681 -0.522742 -0.783716 0.26495 0.0841644 -0.290324
-0.589681 -0.522742 -0.783716 0.26495 0.0841644 -0.290324
-0.589681 -0.522742 -0.783716 0.26495 0.0841644 -0.290324
-0.607993 -1.80161 -1.77817 0.26495 0.0841644 -0.290324
0.68896 -2.78259 -0.720266 0.26495 0.0841644 -0.290324
0.68896 -2.78259 -0.720266 0.26495 0.0841644 -0.290324
0.68896 -2.78259 -0.720266 -0.482387 0.304722 -0.696363
0.68896 -2.78259 -0.720266 -0.482387 0.304722 -0.696363
0.68896 -2.78259 -0.720266 -0.482387 0.304722 -0.696363
0.68896 -2.78259 -0.720266 -0.241539 0.363097 0.0171608
1.5508 -1.96298 -0.283956 -0.241539 0.363097 0.0171608
1.5508 -1.96298 -0.283956 -0.241539 0.363097 0.0171608
1.7628 -0.802035 -0.172407 -0.241539 0.363097 0.0171608
1.7628 -0.802035 -0.172407 -0.241539 0.363097 0.0171608
0.670561 -0.514183 -0.803351 -0.241539 0.363097 0.0171608
1.11669 -0.895793 0.0325649 -0.241539 0.363097 0.0171608
0.0886837 -1.30856 -0.617102 -0.241539 0.363097 0.0171608
-0.3501 -0.0580316 0.0634355 -0.241539 0.363097 0.0171608
-0.402411 -0.151568 0.430896 -0.241539 0.363097 0.0171608
0.161152 1.07959 -0.769934 -0.241539 0.363097 0.0171608
0.161152 1.07959 -0.769934 0.290476 0.0828593 -1.02799
-0.97417 1.01999 -0.255191 -0.460413 -0.765124 -0.205457
-0.97417 1.01999 -0.255191 0.520609 -0.30351 1.31977
-0.97417 1.01999 -0.255191 0.0601259 0.0744312 1.02488
-0.814471 0.100722 -0.356413 -0.372868 0.0992664 -0.701927
-0.814471 0.100722 -0.356413 -0.372868 0.0992664 -0.701927
-0.814471 0.100722 -0.356413 -0.372868 0.0992664 -0.701927
-0.884966 -1.09848 0.65439 -0.372868 0.0992664 -0.701927
-0.884966 -1.09848 0.65439 -0.372868 0.0992664 -0.701927
-0.884966 -1.09848 0.65439 -0.372868 0.0992664 -0.701927
-0.884966 -1.09848 0.65439 -0.825039 -0.594148 -0.0813709
-0.884966 -1.09848 0.65439 -0.825039 -0.594148 -0.0813709
0.414518 -0.42022 -0.549101 -0.825039 -0.594148 -0.0813709
0.456472 0.801767 0.592643 -1.18394 0.744933 -0.0189046
0.343416 -0.169615 1.73886 -1.18394 0.744933 -0.0189046
0.343416 -0.169615 1.73886 -0.782342 -0.621532 -0.872648
1.14675 -1.07396 1.63401 -1.00319 -1.59467 -1.24517
1.79012 -0.361305 1.04561 -0.508421 -1.82101 -0.917588
1.79012 -0.361305 1.04561 -0.508421 -1.82101 -0.917588
1.12699 0.0254298 1.80945 -0.166599 -2.21025 -0.323902
0.771878 1.01858 1.22398 -0.166599 -2.21025 -0.323902
0.771878 1.01858 1.22398 1.1632 -1.39621 0.519065
0.771878 1.01858 1.22398 1.1632 -1.39621 0.519065
0.771878 1.01858 1.22398 1.67672 -1.95731 1.4634
0.874055 1.38275 0.55096 2.75468 -0.646688 0.663181
0.874055 1.38275 0.55096 2.8848 0.403393 0.671121
0.42723 1.46254 0.432137 2.8848 0.403393 0.671121
0.42723 1.46254 0.432137 2.87061 0.572833 1.16905
0.42723 1.46254 0.432137 1.88682 1.46033 2.14936
0.42723 1.46254 0.432137 1.02324 1.60836 2.71328
0.0628476 0.537776 0.553248 -0.223319 2.46653 2.54626
0.0628476 0.537776 0.553248 -0.223319 2.46653 2.54626
0.0628476 0.537776 0.553248 0.772712 2.46402 2.76824
-0.90672 1.27079 0.243313 1.51225 2.01171 0.871338
-0.960974 0.363153 0.747147 1.51225 2.01171 0.871338
-0.960974 0.363153 0.747147 -0.0706386 1.20763 0.710675
-0.339648 0.468172 -0.0293483 -0.044534 0.499294 -0.985757
-0.339648 0.468172 -0.0293483 -0.044534 0.499294 -0.985757
-0.818658 -0.543347 0.309361 -0.044534 0.499294 -0.985757
-0.818658 -0.543347 0.309361 -0.044534 0.499294 -0.985757
-0.818658 -0.543347 0.309361 -0.044534 0.499294 -0.985757
-0.818658 -0.543347 0.309361 -0.217244 -1.08531 -0.461681
-0.818658 -0.543347 0.309361 -0.217244 -1.08531 -0.461681
-0.818658 -0.543347 0.309361 -0.217244 -1.08531 -0.461681
-0.818658 -0.543347 0.309361 0.0140345 -0.252471 0.0404783
-0.818658 -0.543347 0.309361 0.0140345 -0.252471 0.0404783
0.0123655 0.42618 1.55425 -0.555762 -0.478805 -0.251011
0.0123655 0.42618 1.55425 -0.723757 0.0746536 -0.649059
0.0123655 0.42618 1.55425 -0.723757 0.0746536 -0.649059
0.0123655 0.42618 1.55425 -0.723757 0.0746536 -0.649059
-1.08013 0.385909 1.44805 -0.197194 -0.8767 1.02478
0.193666 0.130681 1.3499 -0.197194 -0.8767 1.02478
0.0738533 0.705324 0.391237 -0.197194 -0.8767 1.02478
0.0738533 0.705324 0.391237 -0.197194 -0.8767 1.02478
0.451875 -0.293697 1.63702 0.249865 -0.711255 0.737665
0.961538 0.187944 1.87855 0.131082 -0.817837 1.38835
-0.131648 1.32844 0.98984 0.131082 -0.817837 1.38835
-0.131648 1.32844 0.98984 0.131082 -0.817837 1.38835
0.787999 1.46349 0.733482 0.242391 -0.591289 1.6542
0.787999 1.46349 0.733482 0.242391 -0.591289 1.6542
-0.0785187 1.76592 -0.528979 0.242391 -0.591289 1.6542
0.128452 1.05011 -1.16939 0.485688 -0.0554705 1.10698
1.09171 0.761788 -0.37692 0.485688 -0.0554705 1.10698
0.696353 1.53477 0.310362 0.485688 -0.0554705 1.10698
0.696353 1.53477 0.310362 0.485688 -0.0554705 1.10698
1.17392 0.570357 0.590705 0.485688 -0.0554705 1.10698
1.17392 0.570357 0.590705 0.485688 -0.0554705 1.10698
0.912853 1.64449 0.815096 0.9932 0.679966 1.83075
0.912853 1.64449 0.815096 0.9932 0.679966 1.83075
0.912853 1.64449 0.815096 1.89782 -0.946903 1.43474
1.53694 1.58628 0.629902 2.00447 -0.505414 0.981343
1.87477 1.3703 -0.393265 2.00447 -0.505414 0.981343
1.87477 1.3703 -0.393265 2.00447 -0.505414 0.981343
0.937797 1.18741 -0.0254082 1.42247 0.468246 0.577035
1.17057 0.82008 -0.62158 0.874287 -0.263523 0.610897
1.17057 0.82008 -0.62158 0.874287 -0.263523 0.610897
1.38757 -0.225565 -1.11993 0.874287 -0.263523 0.610897
1.38757 -0.225565 -1.11993 0.874287 -0.263523 0.610897
0.386786 -0.731973 -0.0272198 0.874287 -0.263523 0.610897
0.386786 -0.731973 -0.0272198 1.0442 0.256778 0.16784
0.386786 -0.731973 -0.0272198 0.582295 0.877228 0.230083
0.393605 -1.24791 0.149774 0.103068 0.753248 0.384119
0.393605 -1.24791 0.149774 0.103068 0.753248 0.384119
0.442775 -0.473074 0.674026 -0.237161 1.62029 0.135294
0.380232 -1.42936 -0.0170747 -0.237161 1.62029 0.135294
1.5389 -1.09311 -0.694954 -0.224432 -0.357866 -0.0807078
1.35164 0.130714 -0.152845 -0.224432 -0.357866 -0.0807078
1.35164 0.130714 -0.152845 -0.224432 -0.357866 -0.0807078
1.35164 0.130714 -0.152845 -0.535805 -0.457228 -1.36882
0.495317 0.598273 -0.524802 -0.510835 -1.60828 0.00630547
0.495317 0.598273 -0.524802 -1.14988 -1.16488 0.283609
0.495317 0.598273 -0.524802 -0.519355 -1.10835 0.284359
0.495317 0.598273 -0.524802 -0.519355 -1.10835 0.284359
0.495317 0.598273 -0.524802 -0.519355 -1.10835 0.284359
0.495317 0.598273 -0.524802 -0.83076 -1.19136 0.127059
0.495317 0.598273 -0.524802 -0.83076 -1.19136 0.127059
0.495317 0.598273 -0.524802 -0.851779 -0.814496 0.145787
1.16233 -0.547074 0.382865 -1.08399 -0.0108094 0.486666
1.16233 -0.547074 0.382865 -1.08399 -0.0108094 0.486666
1.39657 0.444444 -0.409923 0.455898 -0.617586 0.665257
2.52284 -0.548032 0.542397 0.455898 -0.617586 0.665257
2.52284 -0.548032 0.542397 -0.19562 0.828498 0.767941
2.52284 -0.548032 0.542397 -0.19562 0.828498 0.767941
2.27128 0.380632 1.22977 -0.19562 0.828498 0.767941
2.15921 1.1452 0.662943 0.47945 1.02746 0.0710184
2.15921 1.1452 0.662943 0.315173 0.550483 0.455155
1.17314 1.74274 0.0580379 0.222949 0.322159 -0.328449
1.17314 1.74274 0.0580379 0.0829004 0.620033 0.759404
1.17314 1.74274 0.0580379 -0.857047 0.737319 0.150668
0.865669 0.715025 -0.952891 -1.37371 0.284098 -0.384519
0.865669 0.715025 -0.952891 -1.39542 -0.0320379 -0.704391
0.890697 0.577968 -0.613263 -1.18577 -0.0593186 -0.896533
1.4495 -0.587466 -0.0540328 -1.36139 0.026439 -0.266946
1.39666 0.171385 0.269406 -0.111217 0.603248 0.265622
1.39666 0.171385 0.269406 -0.111217 0.603248 0.265622
0.706994 -0.117448 -0.564833 -0.111217 0.603248 0.265622
-0.427027 -0.254483 -0.331876 -0.111217 0.603248 0.265622
0.132232 -1.00325 -0.233575 -1.33336 0.441978 0.451164
0.132232 -1.00325 -0.233575 -1.33336 0.441978 0.451164
0.318435 -0.446436 0.506155 -0.70989 0.586585 0.265755
0.318435 -0.446436 0.506155 -0.946634 1.16325 -0.768907
0.0572926 -0.618647 -0.348348 -1.07298 1.32456 0.574446
0.0220571 0.174946 -0.0624372 -1.07298 1.32456 0.574446
0.08496 0.578091 0.191256 -1.0227 0.0881754 0.894701
0.08496 0.578091 0.191256 -0.971209 0.300273 0.721358
-0.280982 0.970538 -0.67002 0.225112 0.481599 -0.0475755
-0.280982 0.970538 -0.67002 0.445378 0.635445 0.309706
-0.280982 0.970538 -0.67002 0.445378 0.635445 0.309706
0.820999 0.77621 0.516217 0.445378 0.635445 0.309706
0.820999 0.77621 0.516217 0.445378 0.635445 0.309706
0.820999 0.77621 0.516217 0.445378 0.635445 0.309706
0.820999 0.77621 0.516217 0.445378 0.635445 0.309706
0.820999 0.77621 0.516217 0.445378 0.635445 0.309706
-0.295813 0.844865 0.44552 0.445378 0.635445 0.309706
-0.295813 0.844865 0.44552 -0.723525 1.45287 0.452387
-0.934188 1.82186 0.486344 -0.971793 1.13384 -0.0681398
-0.0467368 1.64368 1.18343 -0.971793 1.13384 -0.0681398
-0.0264158 0.609314 2.22852 -0.990571 -0.16451 -0.506788
0.187475 -0.536745 1.98764 -1.12687 -0.00193935 0.731145
1.13624 -1.56049 1.3593 -1.42727 -0.154756 0.916637
-0.034562 -1.38424 0.770224 -1.42727 -0.154756 0.916637
-0.034562 -1.38424 0.770224 -1.154 -0.166947 0.354496
-0.647766 -1.69948 0.631809 -1.154 -0.166947 0.354496
-0.647766 -1.69948 0.631809 -1.5826 -0.166628 1.20128
-0.647766 -1.69948 0.631809 -1.5826 -0.166628 1.20128
-1.38871 -0.735576 0.379079 -1.5826 -0.166628 1.20128
-0.292844 -0.503472 0.67639 -1.26994 -1.12327 1.17446
0.566317 -1.53166 -0.517831 -0.462963 -0.975042 1.71804
0.566317 -1.53166 -0.517831 -0.462963 -0.975042 1.71804
1.48388 -0.363557 -0.13136 -0.462963 -0.975042 1.71804
1.48388 -0.363557 -0.13136 -0.462963 -0.975042 1.71804
1.48388 -0.363557 -0.13136 -0.533184 0.336909 0.767993
0.771205 -1.06605 0.965122 -0.69418 -0.0742695 0.000758983
0.309482 -1.18143 0.299359 -0.69418 -0.0742695 0.000758983
-0.8066 -2.12499 -0.94483 -0.69418 -0.0742695 0.000758983
-0.8066 -2.12499 -0.94483 -0.69418 -0.0742695 0.000758983
-1.44633 -2.01427 -2.09533 -0.69418 -0.0742695 0.000758983
-1.40819 -0.88301 -3.14945 0.361656 -0.286125 -0.0288924
-1.52521 -0.837142 -2.09248 0.361656 -0.286125 -0.0288924
-0.72729 0.0217511 -1.62345 -0.406876 -0.256239 -0.110032
-0.167498 -0.25716 -2.37367 0.423875 -0.583951 -0.17821
-0.167498 -0.25716 -2.37367 0.423875 -0.583951 -0.17821
-0.167498 -0.25716 -2.37367 0.423875 -0.583951 -0.17821
0.557152 -0.749582 -2.13436 0.423875 -0.583951 -0.17821
0.629367 -0.456521 -2.42971 -0.559687 -0.593553 0.196123
0.415042 -0.385796 -2.28872 -0.117041 -0.667331 -0.320369
1.12278 0.571326 -1.35386 -0.117041 -0.667331 -0.320369
1.12278 0.571326 -1.35386 -0.117041 -0.667331 -0.320369
1.12278 0.571326 -1.35386 -0.117041 -0.667331 -0.320369
0.972862 1.13904 -1.37059 -0.117041 -0.667331 -0.320369
0.459536 1.57462 -0.791715 -0.117041 -0.667331 -0.320369
0.427565 1.29544 -0.218777 0.138459 -0.289522 -0.400693
0.427565 1.29544 -0.218777 -0.415598 -0.145319 -1.02079
1.04122 2.55517 0.348496 -0.065819 0.756543 -0.053052
1.04122 2.55517 0.348496 -0.065819 0.756543 -0.053052
1.15086 2.72426 -0.366141 0.118925 -0.0594787 0.389703
0.256223 1.61236 -1.63604 0.118925 -0.0594787 0.389703
0.256223 1.61236 -1.63604 0.118925 -0.0594787 0.389703
0.053344 0.411698 -0.828781 0.118925 -0.0594787 0.389703
0.053344 0.411698 -0.828781 0.118925 -0.0594787 0.389703
0.053344 0.411698 -0.828781 0.118925 -0.0594787 0.389703
0.053344 0.411698 -0.828781 0.118925 -0.0594787 0.389703
0.828382 1.28453 -0.32191 0.118925 -0.0594787 0.389703
0.076298 1.11397 -1.19452 0.118925 -0.0594787 0.389703
-0.612905 1.2585 -1.61961 0.279328 -0.0267489 1.24124
-0.612905 1.2585 -1.61961 0.279328 -0.0267489 1.24124
-0.612905 1.2585 -1.61961 0.135392 -0.0814757 1.18759
0.0915584 1.37652 -1.57998 -0.510954 0.06125 0.957603
0.0915584 1.37652 -1.57998 -0.510954 0.06125 0.957603
1.139 0.733212 -2.00826 -0.510954 0.06125 0.957603
1.139 0.733212 -2.00826 0.740354 0.339708 -1.29348
1.139 0.733212 -2.00826 0.740354 0.339708 -1.29348
1.139 0.733212 -2.00826 0.740354 0.339708 -1.29348
1.4684 0.309803 -1.0309 0.740354 0.339708 -1.29348
2.28602 0.55473 -1.34206 0.672633 -0.379389 -1.22156
1.73489 0.223781 -1.39205 0.672633 -0.379389 -1.22156
0.838364 0.793461 -1.94226 0.672633 -0.379389 -1.22156
0.339924 1.52053 -2.63137 0.672633 -0.379389 -1.22156
0.822272 1.85291 -2.29082 0.672633 -0.379389 -1.22156
1.68573 0.853911 -1.0133 -0.237385 -0.701669 -1.11183
1.68573 0.853911 -1.0133 -0.281162 0.0375391 -0.465862
1.68573 0.853911 -1.0133 0.472627 -0.354724 -0.082039
1.68573 0.853911 -1.0133 0.472627 -0.354724 -0.082039
1.68573 0.853911 -1.0133 0.472627 -0.354724 -0.082039
1.26887 0.193071 -1.14577 0.472627 -0.354724 -0.082039
1.26887 0.193071 -1.14577 1.04245 -1.1886 -0.00870965
0.00522966 -0.933485 -1.11812 0.264464 -0.445004 0.0452511
-0.954712 -1.83068 -0.10635 0.264464 -0.445004 0.0452511
-0.17053 -1.08595 -0.108632 0.264464 -0.445004 0.0452511
0.237704 -0.62241 -1.3891 0.264464 -0.445004 0.0452511
0.237704 -0.62241 -1.3891 0.264464 -0.445004 0.0452511
0.237704 -0.62241 -1.3891 0.264464 -0.445004 0.0452511
0.544065 -0.0674103 -1.40642 0.264464 -0.445004 0.0452511
0.325274 -0.792853 -0.117555 0.264464 -0.445004 0.0452511
0.325274 -0.792853 -0.117555 -0.545715 -0.254335 1.15544
0.332178 0.147257 -0.170172 -0.545715 -0.254335 1.15544
0.332178 0.147257 -0.170172 -0.364726 -1.27878 0.608498
0.332178 0.147257 -0.170172 -1.20865 -0.257333 0.57936
0.332178 0.147257 -0.170172 0.0093378 0.456181 -0.288416
0.332178 0.147257 -0.170172 0.0093378 0.456181 -0.288416
0.332178 0.147257 -0.170172 0.0093378 0.456181 -0.288416
0.332178 0.147257 -0.170172 0.0093378 0.456181 -0.288416
0.332178 0.147257 -0.170172 0.0093378 0.456181 -0.288416
0.332178 0.147257 -0.170172 0.0093378 0.456181 -0.288416
0.332178 0.147257 -0.170172 0.0093378 0.456181 -0.288416
0.332178 0.147257 -0.170172 0.0093378 0.456181 -0.288416
0.332178 0.147257 -0.170172 0.0093378 0.456181 -0.288416
0.332178 0.147257 -0.170172 0.224645 -0.087455 0.021057
0.743666 0.0665577 -0.242749 0.224645 -0.087455 0.021057
0.743666 0.0665577 -0.242749 0.224645 -0.087455 0.021057
-0.0671989 0.856886 -0.0397825 0.224645 -0.087455 0.021057
-0.0671989 0.856886 -0.0397825 0.224645 -0.087455 0.021057
0.320335 1.18806 -0.905667 0.224645 -0.087455 0.021057
0.678703 1.70808 -0.674657 0.224645 -0.087455 0.021057
0.678703 1.70808 -0.674657 0.224645 -0.087455 0.021057
0.0378344 2.81222 -0.558493 -0.173086 0.329142 0.262956
1.02663 3.44673 -1.3147 -0.216774 0.339433 -0.253151
1.02663 3.44673 -1.3147 -0.216774 0.339433 -0.253151
0.277188 3.44357 -1.74676 -0.216774 0.339433 -0.253151
0.277188 3.44357 -1.74676 -0.216774 0.339433 -0.253151
-0.488194 3.42168 -0.843384 -0.216774 0.339433 -0.253151
-0.68508 2.80083 -2.0519 -0.216774 0.339433 -0.253151
-0.68508 2.80083 -2.0519 -0.216774 0.339433 -0.253151
-0.68508 2.80083 -2.0519 -0.216774 0.339433 -0.253151
-0.105044 3.04423 -1.03049 -0.216774 0.339433 -0.253151
-0.105044 3.04423 -1.03049 -0.260616 0.783597 -0.530565
-0.741296 2.31916 -0.664144 -0.260616 0.783597 -0.530565
-0.105373 2.07422 -0.117401 -0.260616 0.783597 -0.530565
-0.105373 2.07422 -0.117401 -0.260616 0.783597 -0.530565
0.076452 0.866703 -0.327778 -0.260616 0.783597 -0.530565
0.076452 0.866703 -0.327778 -1.33546 0.778486 -0.249435
-0.458239 -0.0738725 0.968742 -1.03072 0.735456 0.170408
-0.458239 -0.0738725 0.968742 0.236812 -0.327318 0.817291
-0.458239 -0.0738725 0.968742 -0.260831 -0.0763563 1.61906
-0.458239 -0.0738725 0.968742 0.0584294 -1.13087 1.78581
-0.458239 -0.0738725 0.968742 0.0584294 -1.13087 1.78581
-0.458239 -0.0738725 0.968742 -0.229763 -2.14282 3.30846
-1.54094 -0.247655 -0.315211 0.63019 -1.76879 3.56073
-1.54094 -0.247655 -0.315211 -0.553956 -2.63858 2.47619
-1.57185 0.853645 0.225297 -1.06752 -0.634043 1.88981
-1.57185 0.853645 0.225297 -1.06752 -0.634043 1.88981
-2.25531 1.41115 0.901821 -0.424609 -0.526186 0.820947
-1.62487 0.188239 0.96379 -0.424609 -0.526186 0.820947
-0.696865 -0.597442 0.634999 -0.424609 -0.526186 0.820947
-0.68755 -1.6041 1.35254 -0.424609 -0.526186 0.820947
0.576662 -1.2377 0.195745 -0.424609 -0.526186 0.820947
0.576662 -1.2377 0.195745 -0.424609 -0.526186 0.820947
0.148086 -0.391002 0.193014 -0.424609 -0.526186 0.820947
0.148086 -0.391002 0.193014 -0.424609 -0.526186 0.820947
0.148086 -0.391002 0.193014 -0.239006 0.364083 0.432532
0.689236 0.406205 0.675723 -0.239006 0.364083 0.432532
-0.0326611 0.587037 -0.090863 -0.239006 0.364083 0.432532
-0.0326611 0.587037 -0.090863 -0.239006 0.364083 0.432532
-0.0326611 0.587037 -0.090863 -0.239006 0.364083 0.432532
-0.0326611 0.587037 -0.090863 -0.239006 0.364083 0.432532
-0.0326611 0.587037 -0.090863 -0.239006 0.364083 0.432532
-1.13309 0.466267 -0.125515 -0.239006 0.364083 0.432532
-1.13309 0.466267 -0.125515 -0.239006 0.364083 0.432532
-1.13309 0.466267 -0.125515 -0.878028 -0.623834 0.381519
-0.991135 1.08633 0.31332 -0.878028 -0.623834 0.381519
-1.47301 0.625622 -0.637843 -0.878028 -0.623834 0.381519
-1.22254 0.628477 -0.854425 -0.393755 -0.224434 1.15653
-1.22254 0.628477 -0.854425 -0.445013 -0.123652 0.769666
-1.22254 0.628477 -0.854425 -0.731181 -0.377998 0.588888
-0.262227 1.74259 -1.41972 -0.731181 -0.377998 0.588888
-0.814304 0.889209 -2.32423 -0.731181 -0.377998 0.588888
-0.814304 0.889209 -2.32423 -0.731181 -0.377998 0.588888
-2.07622 0.489944 -2.10862 -0.731181 -0.377998 0.588888
-2.07622 0.489944 -2.10862 -0.731181 -0.377998 0.588888
-1.96653 -0.13251 -2.00225 -0.731181 -0.377998 0.588888
-0.937704 -0.83116 -1.6304 0.578026 0.152209 0.643655
-0.617186 -1.18796 -0.515274 0.182175 0.761274 0.41497
-0.617186 -1.18796 -0.515274 0.182175 0.761274 0.41497
0.148664 -1.08592 -0.236441 0.587337 -0.497338 -1.09984
0.148664 -1.08592 -0.236441 0.56238 0.510788 -2.10075
-0.272343 -0.96676 0.476361 0.421351 0.255903 -2.50894
-0.272343 -0.96676 0.476361 -0.0902554 -0.30176 -2.2989
0.794234 -0.145076 1.01249 -0.0902554 -0.30176 -2.2989
0.794234 -0.145076 1.01249 -0.525476 0.180118 -2.09878
0.794234 -0.145076 1.01249 -0.525476 0.180118 -2.09878
0.794234 -0.145076 1.01249 -0.525476 0.180118 -2.09878
1.60413 0.30207 1.44152 -0.305994 0.125427 -1.57313
1.60413 0.30207 1.44152 0.0326153 0.115449 -0.131514
1.60413 0.30207 1.44152 0.0326153 0.115449 -0.131514
1.60413 0.30207 1.44152 0.0326153 0.115449 -0.131514
1.35156 -0.221261 1.36251 0.75056 0.470068 0.0238818
2.56957 -0.49303 0.226485 0.475572 1.41201 -0.0301802
2.56957 -0.49303 0.226485 -0.257402 3.0244 -0.689222
1.55851 0.521433 1.19318 0.878113 2.75666 -0.362918
2.46806 1.13795 0.870567 0.878113 2.75666 -0.362918
2.46806 1.13795 0.870567 0.878113 2.75666 -0.362918
1.32005 1.24004 1.697 1.29706 2.24597 -0.436019
1.32005 1.24004 1.697 0.61728 1.07611 -0.310343
0.781679 0.959413 1.47983 0.690269 1.97409 -1.23499
1.40969 0.801804 0.297296 0.690269 1.97409 -1.23499
1.40969 0.801804 0.297296 1.48973 2.09122 -1.34062
1.40969 0.801804 0.297296 2.26434 1.01287 -1.09633
0.280304 1.31904 0.592529 2.26434 1.01287 -1.09633
0.280304 1.31904 0.592529 2.26434 1.01287 -1.09633
0.280304 1.31904 0.592529 1.86332 1.28833 -1.62637
0.164761 0.728373 1.69058 1.86332 1.28833 -1.62637
0.280496 1.53389 1.25383 1.86332 1.28833 -1.62637
-0.359026 0.258196 1.87208 1.02747 1.78403 -1.6806
-1.42417 0.38202 2.21075 1.12764 0.987799 -0.865926
-0.605169 0.308769 1.48791 1.12764 0.987799 -0.865926
-0.605169 0.308769 1.48791 1.11617 0.166326 0.167942
-0.605169 0.308769 1.48791 1.11617 0.166326 0.167942
-0.605169 0.308769 1.48791 -0.392556 0.963294 -0.372554
-0.605169 0.308769 1.48791 -0.392556 0.963294 -0.372554
0.051842 -0.83227 0.770624 -0.392556 0.963294 -0.372554
0.051842 -0.83227 0.770624 -0.392556 0.963294 -0.372554
0.051842 -0.83227 0.770624 0.75228 0.0658416 0.259748
0.0869888 -1.38611 -0.105101 0.75228 0.0658416 0.259748
0.0424637 -0.783891 -0.892603 0.75228 0.0658416 0.259748
0.325895 -1.56116 -0.846528 0.75228 0.0658416 0.259748
0.325895 -1.56116 -0.846528 0.75228 0.0658416 0.259748
0.325895 -1.56116 -0.846528 0.619841 0.255955 -0.291544
0.325895 -1.56116 -0.846528 0.619841 0.255955 -0.291544
0.325895 -1.56116 -0.846528 1.62101 -0.482013 0.513566
1.47103 -1.16524 0.203654 1.62101 -0.482013 0.513566
0.68501 -0.609988 0.267651 1.62101 -0.482013 0.513566
0.68501 -0.609988 0.267651 1.62101 -0.482013 0.513566
0.559928 0.231918 -0.567478 2.06167 -1.29915 0.424006
-0.31145 -0.786955 -0.522576 2.06167 -1.29915 0.424006
-0.31145 -0.786955 -0.522576 0.421166 0.959461 1.23617
-1.1196 0.499778 0.599549 0.00055536 1.2238 0.278048
-1.1196 0.499778 0.599549 0.232049 1.12575 -0.692361
-1.1196 0.499778 0.599549 0.232049 1.12575 -0.692361
-0.397889 1.25734 0.139384 0.232049 1.12575 -0.692361
-0.301529 1.51826 0.561166 -0.0556741 0.190278 -1.46544
-0.301529 1.51826 0.561166 -0.0750061 0.0147312 -1.34677
-0.0571787 0.709199 0.890853 -0.0750061 0.0147312 -1.34677
-0.180688 0.742044 1.1856 0.499484 -0.732221 -1.26688
-0.814886 1.06055 0.68039 -1.84911 -0.137506 -0.573267
0.380037 1.13938 0.178815 -1.84911 -0.137506 -0.573267
0.867854 0.963021 -0.684909 -1.25553 -0.420186 -1.32555
0.0234177 0.852675 -0.301357 -1.21124 -1.01555 -0.54815
0.0234177 0.852675 -0.301357 -1.21124 -1.01555 -0.54815
0.0798938 -0.055532 -0.756861 -1.32689 -1.05944 -0.110943
0.0798938 -0.055532 -0.756861 -1.32689 -1.05944 -0.110943
0.0798938 -0.055532 -0.756861 -1.32689 -1.05944 -0.110943
0.0798938 -0.055532 -0.756861 -1.32689 -1.05944 -0.110943
0.0798938 -0.055532 -0.756861 -1.32689 -1.05944 -0.110943
0.0798938 -0.055532 -0.756861 -0.688326 -1.77843 -0.211637
0.0798938 -0.055532 -0.756861 0.741004 -1.45031 0.72925
0.0798938 -0.055532 -0.756861 0.700472 -1.84184 0.00677707
0.0798938 -0.055532 -0.756861 0.700472 -1.84184 0.00677707
0.0798938 -0.055532 -0.756861 0.700472 -1.84184 0.00677707
0.0798938 -0.055532 -0.756861 0.700472 -1.84184 0.00677707
-0.930379 0.117798 -1.03305 1.20679 -1.40318 1.42067
-0.0291523 -0.743177 -1.05462 1.20679 -1.40318 1.42067
-0.0291523 -0.743177 -1.05462 1.20679 -1.40318 1.42067
-0.0291523 -0.743177 -1.05462 1.20679 -1.40318 1.42067
-0.754707 0.0168807 -1.56751 2.27547 -0.54914 1.30939
-1.201 -0.472372 -0.390098 1.54007 -0.670555 -0.110785
-1.201 -0.472372 -0.390098 1.54007 -0.670555 -0.110785
-1.201 -0.472372 -0.390098 1.13726 -0.944667 0.65596
-1.201 -0.472372 -0.390098 -0.265167 -1.0558 -0.162966
-1.201 -0.472372 -0.390098 -0.343676 0.502091 -0.565174
-0.495902 0.746371 -0.0626427 -0.107883 0.347284 -0.965811
-0.495902 0.746371 -0.0626427 -0.107883 0.347284 -0.965811
-0.495902 0.746371 -0.0626427 0.119346 0.439464 -0.813759
-1.01383 0.747539 -0.369516 0.330681 -0.203526 -0.326124
-1.01383 0.747539 -0.369516 0.330681 -0.203526 -0.326124
-1.01383 0.747539 -0.369516 0.122908 0.243185 0.27947
-1.01383 0.747539 -0.369516 0.122908 0.243185 0.27947
-1.01383 0.747539 -0.369516 0.122908 0.243185 0.27947
-1.60067 1.07694 0.169859 0.122908 0.243185 0.27947
-1.02675 1.69674 -0.227549 0.122908 0.243185 0.27947
-0.458367 0.814245 -1.25943 0.122908 0.243185 0.27947
-0.458367 0.814245 -1.25943 0.122908 0.243185 0.27947
-0.458367 0.814245 -1.25943 -0.520353 -1.12141 -0.632734
0.465169 -0.0290748 -1.61637 -0.520353 -1.12141 -0.632734
0.40966 0.148431 -0.5119 -0.520353 -1.12141 -0.632734
0.208914 0.710705 -0.422606 -0.326903 -0.902771 -0.820842
-0.416929 0.0290899 -0.691676 -0.326903 -0.902771 -0.820842
-0.416929 0.0290899 -0.691676 -0.0599875 -2.42371 -0.0835088
-0.806337 0.406252 0.0900431 -0.0599875 -2.42371 -0.0835088
-0.806337 0.406252 0.0900431 -0.0599875 -2.42371 -0.0835088
-1.15938 0.058947 0.823454 0.208094 -1.40503 0.605202
-0.330223 -0.747693 0.14351 0.208094 -1.40503 0.605202
-0.644255 -0.95386 0.412183 0.37002 -0.300883 0.649067
-0.644255 -0.95386 0.412183 0.37002 -0.300883 0.649067
-0.644255 -0.95386 0.412183 0.579502 -0.316269 0.210624
-0.644255 -0.95386 0.412183 0.034455 0.332541 0.456155
-1.81205 -1.2594 0.609492 -1.10156 0.114143 0.109763
-1.81205 -1.2594 0.609492 -1.10156 0.114143 0.109763
-1.81205 -1.2594 0.609492 -1.10156 0.114143 0.109763
-0.990422 -1.53965 0.678877 -0.99017 -0.444991 0.413154
-0.990422 -1.53965 0.678877 -0.951139 0.0159987 0.923843
-1.08781 -2.14986 0.3784 -0.951139 0.0159987 0.923843
-1.08781 -2.14986 0.3784 -0.951139 0.0159987 0.923843
-0.301112 -1.08478 1.03977 -0.951139 0.0159987 0.923843
-0.838754 -0.7064 1.06272 -0.550722 0.96134 1.26206
-0.650778 -1.769 0.562844 -0.183966 0.945875 0.636793
-0.72359 -1.04086 0.0312632 -0.183966 0.945875 0.636793
-0.495288 0.155506 -0.429964 -0.517769 1.27871 -0.0868264
-1.05498 0.233386 -0.759796 1.19795 1.20443 -0.0720903
-1.1893 -0.513632 -0.174786 1.19795 1.20443 -0.0720903
-1.1893 -0.513632 -0.174786 1.19795 1.20443 -0.0720903
-1.1893 -0.513632 -0.174786 1.19795 1.20443 -0.0720903
-1.22064 0.541468 0.577788 1.19795 1.20443 -0.0720903
-0.224988 0.419001 0.00151837 1.19795 1.20443 -0.0720903
-0.313416 0.210907 0.595896 0.193384 1.69252 -0.422773
-0.519499 0.0176489 0.753169 0.241327 1.49769 -0.450271
-0.519499 0.0176489 0.753169 -0.0500079 0.136993 -1.03815
-0.519499 0.0176489 0.753169 -0.0500079 0.136993 -1.03815
0.143804 0.15686 0.828117 -0.0500079 0.136993 -1.03815
0.143804 0.15686 0.828117 -0.813633 0.381783 -0.440601
0.143804 0.15686 0.828117 -0.213121 1.33934 0.334061
0.143804 0.15686 0.828117 -0.213121 1.33934 0.334061
0.143804 0.15686 0.828117 -0.213121 1.33934 0.334061
0.143804 0.15686 0.828117 0.196658 1.6826 -0.443583
0.143804 0.15686 0.828117 1.08056 0.79781 -1.11371
0.143804 0.15686 0.828117 -0.813773 1.54639 -1.01923
-0.874988 0.857591 0.0722724 0.165812 2.05809 -0.646318
-0.874988 0.857591 0.0722724 0.515982 0.614115 0.240378
-0.285436 0.576897 -0.422123 0.515982 0.614115 0.240378
-0.285436 0.576897 -0.422123 0.515982 0.614115 0.240378
-0.285436 0.576897 -0.422123 0.515982 0.614115 0.240378
0.285156 0.141159 -0.491809 0.515982 0.614115 0.240378
0.285156 0.141159 -0.491809 0.203226 0.473387 0.817954
1.26692 -0.244579 -0.446023 0.100178 0.725031 0.469717
1.22204 -0.18252 -0.407383 0.79998 0.148115 0.539978
1.48031 -0.054174 0.0789996 1.58707 -0.732198 -0.657247
1.26008 0.901718 0.287301 1.58707 -0.732198 -0.657247
0.450512 0.625649 -0.400545 1.58707 -0.732198 -0.657247
-0.336382 0.698246 -0.635915 1.58707 -0.732198 -0.657247
-0.336382 0.698246 -0.635915 0.603986 -1.0662 0.259432
-0.336382 0.698246 -0.635915 0.603986 -1.0662 0.259432
-0.336382 0.698246 -0.635915 0.771072 -0.338561 0.0757431
-0.336382 0.698246 -0.635915 0.452992 -0.819275 -0.316299
-0.0491657 0.76861 -0.170219 1.1755 -0.753539 -1.21316
-0.0491657 0.76861 -0.170219 0.626785 -0.162895 -0.536915
-0.0491657 0.76861 -0.170219 1.12914 -0.559505 -0.838482
-0.380879 -0.0418319 0.675092 1.12914 -0.559505 -0.838482
-0.380879 -0.0418319 0.675092 1.14028 -0.191425 -1.15718
-0.510572 -0.583593 0.421817 1.14028 -0.191425 -1.15718
-0.510572 -0.583593 0.421817 0.832945 -0.145328 -1.36276
-0.378417 -0.194161 -0.254896 0.832945 -0.145328 -1.36276
-0.683563 -0.111388 0.144024 0.832945 -0.145328 -1.36276
-0.173805 0.330306 -0.46154 -0.465107 0.208964 -0.907542
-0.173805 0.330306 -0.46154 -0.465107 0.208964 -0.907542
-0.236144 0.705183 0.525502 -0.465107 0.208964 -0.907542
0.907642 0.7594 0.414443 -0.759297 0.281736 0.0896782
1.09172 -0.0650991 -0.427245 -0.759297 0.281736 0.0896782
1.09172 -0.0650991 -0.427245 -1.01008 0.975969 -0.0580491
0.802651 1.05573 0.445413 -1.01008 0.975969 -0.0580491
0.802651 1.05573 0.445413 -0.361464 0.00717865 -0.605992
0.802651 1.05573 0.445413 -0.361464 0.00717865 -0.605992
1.38311 -0.142424 -0.506803 -0.361464 0.00717865 -0.605992
2.05675 -0.707997 -1.35746 -0.361464 0.00717865 -0.605992
2.05675 -0.707997 -1.35746 -1.13532 0.0303768 -0.610063
1.13734 0.0515472 -1.4161 -1.13532 0.0303768 -0.610063
1.13734 0.0515472 -1.4161 -0.723031 -0.253567 0.772582
1.13734 0.0515472 -1.4161 0.620502 0.073935 0.29764
1.34736 -0.211017 -1.04861 1.12058 -0.0776946 0.527328
0.661698 0.780511 -1.27754 0.447395 0.739652 0.608466
0.661698 0.780511 -1.27754 0.447395 0.739652 0.608466
1.71863 0.41561 0.019788 0.513174 0.602869 1.43125
1.02332 1.00348 0.589983 0.723894 0.256278 1.68224
1.02332 1.00348 0.589983 0.156989 -0.208475 1.53919
-0.0368351 0.217113 -0.385709 1.50227 -0.153782 0.0104169
0.537955 0.146035 0.041128 1.36443 -0.242857 -0.44086
-0.282269 0.348019 -0.675474 1.36443 -0.242857 -0.44086
-0.282269 0.348019 -0.675474 1.27781 -0.694918 0.705282
-0.282269 0.348019 -0.675474 0.23916 -0.0668458 1.45415
-0.490338 1.21111 0.323238 -0.338302 0.0395229 1.28012
-0.490338 1.21111 0.323238 -0.338302 0.0395229 1.28012
-0.490338 1.21111 0.323238 0.896967 0.741628 0.539322
-0.742066 0.578618 -0.625048 0.625224 -0.406159 1.5138
-0.916739 1.31854 0.37013 0.625224 -0.406159 1.5138
-0.916739 1.31854 0.37013 0.625224 -0.406159 1.5138
-0.0959412 2.09246 -0.0198585 0.625224 -0.406159 1.5138
-0.149778 1.63093 -1.23377 0.625224 -0.406159 1.5138
0.70885 0.963939 -0.739354 1.20665 -1.54765 1.32466
0.70885 0.963939 -0.739354 2.34828 -1.41254 1.75232
1.03269 0.368314 -0.00561314 1.72922 -2.66983 0.824474
0.727953 1.18088 -0.887891 1.72922 -2.66983 0.824474
1.53478 0.586914 0.231356 1.72922 -2.66983 0.824474
0.295318 1.28284 -0.451126 2.76186 -2.20727 0.408248
-0.0272355 1.0063 0.738325 2.88724 -1.58057 -0.153067
0.511664 0.943923 -0.38521 1.35567 -2.29665 0.46296
0.275347 1.17956 -0.135396 1.35567 -2.29665 0.46296
1.28296 0.452382 0.313032 1.35567 -2.29665 0.46296
1.28296 0.452382 0.313032 0.879325 -1.398 1.55401
0.494365 0.595609 -0.431348 1.00288 -2.82259 -0.181968
0.494365 0.595609 -0.431348 0.497901 -3.42077 -0.896002
-0.586721 -0.266656 0.181271 0.45657 -3.09287 -0.715522
0.421879 0.293794 0.913386 -0.134732 -2.51868 -1.7142
-0.81758 -0.085836 -0.352347 0.247653 -1.44085 -1.24557
-1.12617 0.0602572 -0.953756 1.05637 -1.01142 -1.18064
-1.12617 0.0602572 -0.953756 1.05637 -1.01142 -1.18064
-1.12617 0.0602572 -0.953756 0.151976 0.105761 0.117613
-0.59733 0.606514 -0.867954 0.151976 0.105761 0.117613
-0.448091 1.55163 -1.07523 0.151976 0.105761 0.117613
-0.448091 1.55163 -1.07523 0.151976 0.105761 0.117613
-1.36577 0.453327 -2.19936 0.235269 0.148264 0.214332
-0.971639 0.0741154 -2.94894 0.235269 0.148264 0.214332
-0.24547 1.15993 -2.04013 0.235269 0.148264 0.214332
-0.472581 -0.0250209 -1.19248 0.475914 -0.431655 -0.417793
-0.472581 -0.0250209 -1.19248 0.475914 -0.431655 -0.417793
-0.472581 -0.0250209 -1.19248 0.475914 -0.431655 -0.417793
0.182319 0.441315 -0.483864 1.42927 0.403217 0.298092
0.305766 0.534488 -0.209584 1.42927 0.403217 0.298092
0.305766 0.534488 -0.209584 1.15666 0.517946 1.46903
0.305766 0.534488 -0.209584 1.15666 0.517946 1.46903
0.305766 0.534488 -0.209584 1.01681 0.210523 1.51363
0.305766 0.534488 -0.209584 1.01681 0.210523 1.51363
0.305766 0.534488 -0.209584 1.61929 0.182387 1.98193
0.276801 -0.423541 -0.179308 1.44358 0.366327 1.12738
0.276801 -0.423541 -0.179308 1.43302 0.82341 0.706957
0.276801 -0.423541 -0.179308 -0.0297695 1.29374 0.643867
0.276801 -0.423541 -0.179308 -0.776525 0.132206 0.605941
0.276801 -0.423541 -0.179308 0.266945 -0.247571 0.949903
-0.500999 -0.140464 -0.749422 0.266945 -0.247571 0.949903
-0.500999 -0.140464 -0.749422 0.266945 -0.247571 0.949903
-0.500999 -0.140464 -0.749422 -0.337116 -0.0549625 0.526038
-0.500999 -0.140464 -0.749422 -0.337116 -0.0549625 0.526038
-0.500999 -0.140464 -0.749422 -0.337116 -0.0549625 0.526038
-0.500999 -0.140464 -0.749422 -0.337116 -0.0549625 0.526038
-0.500999 -0.140464 -0.749422 -0.411432 0.94423 1.0882
-0.500999 -0.140464 -0.749422 -0.603363 1.04793 0.587216
-0.500999 -0.140464 -0.749422 0.168721 -0.184584 0.502793
-0.500999 -0.140464 -0.749422 0.822682 -0.71866 0.875572
-0.735325 -0.147699 -0.0867708 0.604009 -1.83596 1.20544
0.162941 0.677284 -1.13109 0.614583 -2.48889 0.147423
0.643751 -0.255816 -0.505237 0.614583 -2.48889 0.147423
0.643751 -0.255816 -0.505237 0.00621437 -1.24518 0.263851
-0.626964 0.468066 -0.84494 0.513673 -0.69466 0.236011
-0.626964 0.468066 -0.84494 0.513673 -0.69466 0.236011
-0.626964 0.468066 -0.84494 0.513673 -0.69466 0.236011
-1.05777 0.673924 0.14781 0.222528 -0.970086 -0.438852
-1.05777 0.673924 0.14781 0.0590054 -0.606566 0.423841
-0.391001 1.26724 -0.401469 0.0590054 -0.606566 0.423841
-0.391001 1.26724 -0.401469 0.0590054 -0.606566 0.423841
-0.572803 1.04637 -1.49024 0.280226 -0.67397 0.684825
-0.978497 0.466841 -2.39706 0.717395 0.0461085 1.20478
-1.29833 1.76229 -1.3248 0.717395 0.0461085 1.20478
-1.29833 1.76229 -1.3248 0.717395 0.0461085 1.20478
-1.29833 1.76229 -1.3248 -0.0668383 -0.275341 1.30817
-1.29833 1.76229 -1.3248 -0.0668383 -0.275341 1.30817
-1.29833 1.76229 -1.3248 0.565376 -1.10374 1.54014
-0.147617 1.12332 -0.274901 0.801724 -0.861737 1.67828
-0.147617 1.12332 -0.274901 0.801724 -0.861737 1.67828
-0.147617 1.12332 -0.274901 0.801724 -0.861737 1.67828
-0.147617 1.12332 -0.274901 0.801724 -0.861737 1.67828
-0.445539 0.711301 0.243307 0.801724 -0.861737 1.67828
-0.445539 0.711301 0.243307 0.801724 -0.861737 1.67828
-0.445539 0.711301 0.243307 0.801724 -0.861737 1.67828
-0.445539 0.711301 0.243307 1.39663 -1.01949 1.2573
-0.167671 1.98457 -0.783681 2.0682 -0.692728 0.230866
-0.167671 1.98457 -0.783681 2.05045 -0.519933 -0.129565
-0.167671 1.98457 -0.783681 1.13597 0.46037 -1.57803
-0.167671 1.98457 -0.783681 1.04921 0.487588 -1.69513
0.214268 0.738833 -2.03204 1.04921 0.487588 -1.69513
1.10017 1.10153 -1.09107 0.27398 1.08445 -1.62341
1.10017 1.10153 -1.09107 0.27398 1.08445 -1.62341
1.10017 1.10153 -1.09107 0.27398 1.08445 -1.62341
1.86314 0.3614 -0.740052 0.432064 1.65681 -1.4176
0.993317 1.12784 -1.08118 0.432064 1.65681 -1.4176
0.836058 0.239093 -2.27401 1.12301 0.835227 -2.06716
0.836058 0.239093 -2.27401 1.12301 0.835227 -2.06716
1.39161 0.659942 -1.57225 1.12301 0.835227 -2.06716
0.767751 0.449554 -1.61008 2.30732 0.13046 -1.79752
0.767751 0.449554 -1.61008 2.86033 0.619919 -0.308929
0.767751 0.449554 -1.61008 2.35891 0.834622 -0.346727
-0.436721 0.982089 -1.44118 1.07421 0.359476 0.789314
0.298145 0.883174 -0.238126 0.630906 0.915253 1.03895
0.298145 0.883174 -0.238126 0.630906 0.915253 1.03895
