20.5443 17.8244 20.9292 18.7271 15.7127 16.5503
18.8667 20.7109 23.6474 17.2664 14.7642 16.7113
16.7507 20.3608 22.1087 17.2664 14.7642 16.7113
16.7507 20.3608 22.1087 14.6113 12.3317 17.6215
16.2368 21.8325 22.6218 14.6113 12.3317 17.6215
15.5458 22.3842 21.3652 14.4655 12.3043 17.5465
12.9835 20.8989 22.1727 13.2896 12.5711 18.1767
12.3303 19.0488 22.1467 13.2896 12.5711 18.1767
10.8996 17.1255 23.5341 13.2896 12.5711 18.1767
11.5199 14.8171 22.8403 11.8394 11.8683 20.1316
12.0665 13.1218 21.6534 11.8394 11.8683 20.1316
9.22485 13.4759 20.1079 11.8572 12.966 18.4959
6.35319 15.9942 17.9599 10.6491 13.4377 15.7698
6.35319 15.9942 17.9599 10.6491 13.4377 15.7698
6.35319 15.9942 17.9599 10.6491 13.4377 15.7698
6.35319 15.9942 17.9599 9.1686 12.3412 16.9181
6.26727 16.8908 16.8978 9.56999 11.0855 17.1506
6.96939 14.7537 17.8679 11.7546 9.41959 19.4259
6.87775 11.9847 15.4515 12.4236 7.6861 18.4535
4.43304 12.9244 15.8947 12.4236 7.6861 18.4535
4.43304 12.9244 15.8947 13.397 5.96983 16.698
5.30082 12.456 13.3263 10.8093 8.8045 17.6381
2.63073 10.211 14.3942 12.2757 9.41843 16.3021
5.50027 7.3387 12.8139 12.9017 6.24449 17.3285
3.87612 6.02383 12.5452 12.9017 6.24449 17.3285
3.17191 8.1544 11.5457 13.0974 5.8497 18.0082
6.0347 5.83071 10.1842 13.4492 5.27416 17.2093
6.0347 5.83071 10.1842 13.5348 6.88809 13.0605
5.0782 4.13045 12.7329 13.5348 6.88809 13.0605
7.32315 6.88868 11.4671 12.3142 9.16373 14.2676
5.8571 5.84869 11.192 12.3142 9.16373 14.2676
3.48452 7.77462 11.9121 12.3142 9.16373 14.2676
3.48452 7.77462 11.9121 13.7038 9.29773 16.651
1.66781 8.5741 9.56825 13.7038 9.29773 16.651
1.22908 11.1419 6.92111 13.7038 9.29773 16.651
0.212637 9.06018 4.11076 14.03 10.3156 15.4007
2.76208 6.47061 5.42498 12.2028 8.75263 15.1343
2.76208 6.47061 5.42498 15.8011 9.30628 14.352
2.76208 6.47061 5.42498 19.6044 8.15834 14.6201
1.86327 7.37093 5.93913 17.6501 7.45143 15.8765
-0.263258 6.54612 6.32301 16.5934 6.06123 15.0405
0.564263 7.78258 5.78698 16.5934 6.06123 15.0405
2.83904 6.39332 3.62597 16.5934 6.06123 15.0405
2.83904 6.39332 3.62597 17.0082 2.25426 15.3805
5.01042 4.81863 5.06301 17.0082 2.25426 15.3805
4.69377 4.03284 2.9577 17.0082 2.25426 15.3805
4.69377 4.03284 2.9577 16.1478 -1.04819 13.7627
4.69377 4.03284 2.9577 15.3767 -0.826382 16.4132
4.57961 4.07735 2.34456 13.9227 -1.31149 14.9964
4.45803 1.75093 4.15455 13.9227 -1.31149 14.9964
4.45803 1.75093 4.15455 13.9227 -1.31149 14.9964
1.89407 1.65311 6.66087 12.7809 -1.95099 14.1247
3.20128 1.06835 7.19168 13.1139 0.827844 16.055
3.29565 0.365125 7.54978 11.0214 0.233992 14.4232
3.29565 0.365125 7.54978 10.3374 0.547179 11.4321
3.29565 0.365125 7.54978 11.4111 -0.874468 12.1
3.29565 0.365125 7.54978 11.6883 0.414915 12.3691
3.80431 -2.24807 6.85317 11.6883 0.414915 12.3691
3.80431 -2.24807 6.85317 11.6883 0.414915 12.3691
3.15796 -1.83497 3.97133 11.2584 -2.90703 12.5957
3.15796 -1.83497 3.97133 11.2584 -2.90703 12.5957
3.15796 -1.83497 3.97133 10.4973 -5.5896 12.1932
0.860409 -4.09604 6.63515 13.7159 -6.69207 10.0311
0.860409 -4.09604 6.63515 11.1136 -8.57483 9.39251
0.860409 -4.09604 6.63515 8.68661 -7.45642 9.71733
-1.37056 -4.25783 5.36828 6.41483 -8.70046 7.94919
-0.422457 -3.63596 3.00417 6.41483 -8.70046 7.94919
2.03187 -5.45785 4.01109 5.50878 -8.38641 6.93449
2.03187 -5.45785 4.01109 5.50878 -8.38641 6.93449
2.01614 -2.57349 4.99182 5.50878 -8.38641 6.93449
2.26901 -0.804821 6.30094 2.45474 -6.8115 4.31881
2.62977 0.0791247 4.8532 2.45474 -6.8115 4.31881
2.62977 0.0791247 4.8532 1.85972 -7.28937 2.99012
2.62977 0.0791247 4.8532 1.85972 -7.28937 2.99012
0.990703 0.95967 6.34433 4.90831 -5.09548 1.97022
0.990703 0.95967 6.34433 5.36 -6.97919 3.24922
0.990703 0.95967 6.34433 5.36 -6.97919 3.24922
-1.45195 1.11064 5.854 2.94571 -5.21956 7.8734
-2.50962 -0.156072 4.91893 2.94571 -5.21956 7.8734
-1.64515 0.620436 5.92693 2.94571 -5.21956 7.8734
-1.68939 -1.14806 5.11439 2.43652 -4.03916 7.73764
-0.245002 -0.185558 5.75274 3.65138 -2.10746 8.53959
-0.245002 -0.185558 5.75274 3.65138 -2.10746 8.53959
-0.245002 -0.185558 5.75274 3.65138 -2.10746 8.53959
-2.45943 -0.852898 5.17841 0.000437436 -2.63024 5.17003
0.315873 -2.04409 5.3619 -0.864953 -0.149115 4.4433
0.315873 -2.04409 5.3619 -0.864953 -0.149115 4.4433
0.315873 -2.04409 5.3619 -0.864953 -0.149115 4.4433
0.315873 -2.04409 5.3619 -0.864953 -0.149115 4.4433
2.74516 -0.460785 4.53598 -1.51445 3.92024 6.67935
2.74516 -0.460785 4.53598 -1.51445 3.92024 6.67935
2.74516 -0.460785 4.53598 -1.51445 3.92024 6.67935
1.60233 1.44151 2.29651 -2.79901 0.351964 6.58233
1.60233 1.44151 2.29651 -2.79901 0.351964 6.58233
1.60233 1.44151 2.29651 -3.28414 0.528662 6.87322
1.60233 1.44151 2.29651 -4.06104 -0.876935 3.81375
-0.0581368 -0.525193 4.55807 -5.04691 0.762895 4.50426
-0.0581368 -0.525193 4.55807 -4.4781 -1.65485 3.6648
-0.0581368 -0.525193 4.55807 -4.4781 -1.65485 3.6648
1.35706 1.70276 2.55508 -3.65643 0.273232 5.24075
1.35706 1.70276 2.55508 -0.431051 -0.357201 4.21931
1.35706 1.70276 2.55508 -0.431051 -0.357201 4.21931
1.35706 1.70276 2.55508 -0.431051 -0.357201 4.21931
1.35706 1.70276 2.55508 -0.431051 -0.357201 4.21931
0.319639 2.83465 4.85559 1.44727 2.32788 2.37496
0.319639 2.83465 4.85559 2.57624 2.25966 2.41451
2.73131 0.799745 2.68503 -0.538107 2.38228 2.64352
0.124397 0.647003 4.566 2.62902 1.08779 3.68286
0.124397 0.647003 4.566 2.62902 1.08779 3.68286
0.124397 0.647003 4.566 3.68421 0.448365 3.31717
0.124397 0.647003 4.566 4.23415 -0.323569 3.3756
-2.37466 -0.270026 4.52247 4.23415 -0.323569 3.3756
-2.37466 -0.270026 4.52247 1.86873 0.683227 4.95057
-2.37466 -0.270026 4.52247 1.86873 0.683227 4.95057
-2.37466 -0.270026 4.52247 -1.09343 1.02991 7.97109
0.42321 0.115924 5.43192 -1.37437 1.38238 7.06171
-0.484752 -2.75339 3.00842 -1.00692 0.200494 7.3594
-0.484752 -2.75339 3.00842 -1.00692 0.200494 7.3594
1.45244 -0.170895 1.71638 -1.00692 0.200494 7.3594
0.137775 2.26523 3.02745 -0.164762 -1.2109 4.92578
0.137775 2.26523 3.02745 -1.42493 -2.02764 5.80972
-1.71597 -0.517794 1.73722 -1.42493 -2.02764 5.80972
-4.45981 -3.28305 1.70329 -1.42493 -2.02764 5.80972
-4.15175 -1.9635 2.11501 -1.82729 -1.09836 2.60796
-4.15175 -1.9635 2.11501 -1.82729 -1.09836 2.60796
-4.15175 -1.9635 2.11501 -1.82729 -1.09836 2.60796
-5.84348 0.146938 3.00427 -1.82729 -1.09836 2.60796
-5.84348 0.146938 3.00427 -0.501515 -4.82099 2.0375
-4.28103 0.952266 2.34906 -0.501515 -4.82099 2.0375
-3.49826 1.38686 1.65225 -0.501515 -4.82099 2.0375
-3.49826 1.38686 1.65225 -0.501515 -4.82099 2.0375
-2.52655 -1.39644 4.50264 -0.205091 -3.74746 2.6667
-2.52655 -1.39644 4.50264 0.72897 -1.38008 2.61114
-1.23861 -0.440203 2.20201 0.72897 -1.38008 2.61114
0.260038 -0.0999307 3.33695 0.72897 -1.38008 2.61114
-0.498641 2.60627 3.40921 0.749112 -0.334433 3.01691
-0.498641 2.60627 3.40921 1.47027 -0.056725 2.30316
-0.498641 2.60627 3.40921 1.47027 -0.056725 2.30316
-0.498641 2.60627 3.40921 1.47027 -0.056725 2.30316
0.506665 0.859802 5.64952 1.47027 -0.056725 2.30316
0.918558 0.576068 6.38746 1.47027 -0.056725 2.30316
1.27185 -1.46423 4.10281 -0.226565 -0.951308 4.36809
1.27185 -1.46423 4.10281 -0.226565 -0.951308 4.36809
1.27185 -1.46423 4.10281 -0.226565 -0.951308 4.36809
1.27185 -1.46423 4.10281 0.279138 2.65026 3.67027
0.753323 -2.11117 1.47044 0.279138 2.65026 3.67027
0.466905 -2.64098 4.20316 0.279138 2.65026 3.67027
0.466905 -2.64098 4.20316 0.279138 2.65026 3.67027
0.466905 -2.64098 4.20316 0.489643 2.6561 5.0286
0.466905 -2.64098 4.20316 1.83869 1.86557 3.12103
-1.86062 -0.532393 4.03287 -1.74373 2.41155 0.830615
-1.86062 -0.532393 4.03287 -3.85717 1.35811 1.46335
0.976313 -0.496253 2.04815 -2.60008 1.13906 1.15687
2.97592 1.34826 4.4042 -3.14989 -0.513983 1.74725
2.6035 1.89814 4.58698 -3.14989 -0.513983 1.74725
1.28201 3.59125 3.36173 -3.14989 -0.513983 1.74725
1.28201 3.59125 3.36173 -0.44765 0.317889 1.759
1.28201 3.59125 3.36173 -0.44765 0.317889 1.759
3.65809 1.48734 3.54626 -0.44765 0.317889 1.759
4.21079 -0.201252 1.40097 -0.44765 0.317889 1.759
3.84066 0.938498 4.2395 -0.44765 0.317889 1.759
3.84066 0.938498 4.2395 -0.44765 0.317889 1.759
3.84066 0.938498 4.2395 -0.44765 0.317889 1.759
3.84066 0.938498 4.2395 -0.44765 0.317889 1.759
2.3047 3.16175 5.44916 0.326684 0.100153 2.20547
3.5816 0.405727 5.62376 0.326684 0.100153 2.20547
3.5816 0.405727 5.62376 0.326684 0.100153 2.20547
1.28866 -0.47793 6.12763 0.326684 0.100153 2.20547
1.28866 -0.47793 6.12763 -0.824403 0.0389305 3.5898
1.28866 -0.47793 6.12763 -0.824403 0.0389305 3.5898
1.28866 -0.47793 6.12763 -0.293691 0.270751 2.89349
2.04661 -2.7639 3.65485 -0.293691 0.270751 2.89349
2.04661 -2.7639 3.65485 -3.69134 -1.03537 2.26856
0.404017 -4.01568 5.09083 -3.69134 -1.03537 2.26856
0.404017 -4.01568 5.09083 -3.69134 -1.03537 2.26856
0.404017 -4.01568 5.09083 -3.69134 -1.03537 2.26856
0.404017 -4.01568 5.09083 -1.27981 -0.562401 4.25565
0.404017 -4.01568 5.09083 0.40339 -1.86701 5.23961
1.58533 -2.33086 2.26745 0.280483 0.0181313 6.4081
1.58533 -2.33086 2.26745 0.622434 -0.533003 6.226
1.58533 -2.33086 2.26745 1.32085 -0.536414 4.51252
2.41893 -1.75471 3.86393 -0.123385 -0.974941 7.47174
2.41893 -1.75471 3.86393 -0.123385 -0.974941 7.47174
3.83634 1.09238 4.21097 -0.123385 -0.974941 7.47174
3.75984 -0.935757 3.63774 1.17733 -0.308222 4.2746
3.75984 -0.935757 3.63774 0.714945 0.803318 5.02673
3.75984 -0.935757 3.63774 1.42274 -0.285802 4.32353
1.19942 -2.36955 4.87721 1.42274 -0.285802 4.32353
1.19942 -2.36955 4.87721 0.961135 1.04192 3.83137
1.19942 -2.36955 4.87721 -0.399815 -1.92494 2.16259
0.0952939 -1.33037 4.36369 0.780688 0.416586 3.3255
-0.85647 -1.04485 3.29917 -2.39362 2.29275 1.37731
-0.85647 -1.04485 3.29917 -1.42653 0.477078 -1.76058
-0.85647 -1.04485 3.29917 -1.42653 0.477078 -1.76058
1.65221 -1.41707 3.76061 -0.597061 -1.27689 -0.882299
0.323498 -1.68549 3.51812 -0.597061 -1.27689 -0.882299
0.323498 -1.68549 3.51812 -2.15633 -1.78638 -2.83786
0.323498 -1.68549 3.51812 -2.15633 -1.78638 -2.83786
0.323498 -1.68549 3.51812 -2.15633 -1.78638 -2.83786
-1.49498 -4.20164 5.98748 -0.0821333 -2.30899 -5.18954
-0.289639 -1.39449 4.84126 -0.0821333 -2.30899 -5.18954
-0.289639 -1.39449 4.84126 0.0503646 -4.73166 -3.80372
-0.289639 -1.39449 4.84126 0.366054 -5.58237 -3.09399
-0.289639 -1.39449 4.84126 0.366054 -5.58237 -3.09399
-0.289639 -1.39449 4.84126 0.366054 -5.58237 -3.09399
-3.05824 -1.68677 3.57402 0.366054 -5.58237 -3.09399
-0.858678 0.319923 2.32035 0.366054 -5.58237 -3.09399
-0.858678 0.319923 2.32035 0.366054 -5.58237 -3.09399
-0.858678 0.319923 2.32035 0.366054 -5.58237 -3.09399
-0.858678 0.319923 2.32035 -0.0397077 -5.451 -1.78705
-0.858678 0.319923 2.32035 1.08542 -3.28719 0.590003
-0.858678 0.319923 2.32035 3.5176 -4.79694 5.18717
-0.858678 0.319923 2.32035 3.5176 -4.79694 5.18717
-0.858678 0.319923 2.32035 3.5176 -4.79694 5.18717
-0.858678 0.319923 2.32035 3.5176 -4.79694 5.18717
-0.858678 0.319923 2.32035 4.14905 -2.01666 4.9121
-0.858678 0.319923 2.32035 4.14905 -2.01666 4.9121
0.460848 1.18651 3.46794 1.9855 0.698135 2.69829
0.460848 1.18651 3.46794 1.9855 0.698135 2.69829
0.460848 1.18651 3.46794 -0.0565618 -0.472469 4.64565
3.26652 1.3785 2.4783 -0.0565618 -0.472469 4.64565
3.26652 1.3785 2.4783 -0.0565618 -0.472469 4.64565
4.38706 2.49545 3.66971 -0.0565618 -0.472469 4.64565
3.46028 1.01271 4.2862 0.747306 1.44996 3.55996
3.46028 1.01271 4.2862 1.49148 2.3317 4.37958
3.46028 1.01271 4.2862 1.49148 2.3317 4.37958
3.46028 1.01271 4.2862 1.49148 2.3317 4.37958
2.03674 1.06469 3.22037 -0.523039 -1.67962 5.18802
2.03674 1.06469 3.22037 0.218695 0.370682 2.22111
2.03674 1.06469 3.22037 0.660473 -0.776269 2.18682
2.03674 1.06469 3.22037 0.660473 -0.776269 2.18682
2.03674 1.06469 3.22037 0.660473 -0.776269 2.18682
2.03674 1.06469 3.22037 0.660473 -0.776269 2.18682
0.522332 -0.238596 2.81768 -0.738173 -0.636622 -1.77675
0.522332 -0.238596 2.81768 -0.738173 -0.636622 -1.77675
0.522332 -0.238596 2.81768 -0.194493 1.92561 -0.441254
0.522332 -0.238596 2.81768 -2.88037 3.78408 -2.62779
0.522332 -0.238596 2.81768 -1.9605 3.65375 -6.22506
0.522332 -0.238596 2.81768 -1.2432 3.27615 -6.0129
0.522332 -0.238596 2.81768 -0.26087 3.5444 -4.57282
0.522332 -0.238596 2.81768 -1.89219 2.95568 -3.81417
0.522332 -0.238596 2.81768 -3.99712 4.52836 -3.02909
0.522332 -0.238596 2.81768 -3.99712 4.52836 -3.02909
-0.0849721 1.34574 4.22297 -7.17031 4.30244 -4.05166
-0.0849721 1.34574 4.22297 -7.61548 2.26927 -2.43772
-0.721251 0.932946 5.47623 -6.70601 4.32726 -2.1258
1.63558 0.00735727 3.57529 -4.6578 1.03008 -3.69365
1.63558 0.00735727 3.57529 -4.6578 1.03008 -3.69365
1.05903 1.07811 4.99639 -3.90081 3.97479 -5.20885
1.05903 1.07811 4.99639 -0.829558 2.83472 -5.04953
-1.81928 0.0291386 2.65968 1.41156 2.94145 -6.25184
-1.81928 0.0291386 2.65968 1.41156 2.94145 -6.25184
-1.81928 0.0291386 2.65968 -2.43701 1.18681 -4.70648
-1.81928 0.0291386 2.65968 -2.43701 1.18681 -4.70648
-3.05484 -1.6686 3.06762 -3.893 -2.49026 -2.75129
-2.68917 1.13126 2.63295 -3.893 -2.49026 -2.75129
-2.68917 1.13126 2.63295 -3.893 -2.49026 -2.75129
-2.90175 -1.17173 3.86049 -3.893 -2.49026 -2.75129
-3.41477 0.671319 2.00491 -2.83578 0.805779 -3.60556
-2.55421 1.00271 2.53443 -3.25388 1.81271 -4.46087
-2.11433 -1.27432 0.887574 -3.25388 1.81271 -4.46087
-4.55344 -0.681394 3.76675 -3.25388 1.81271 -4.46087
-3.15604 -3.06446 4.76092 -3.25388 1.81271 -4.46087
-0.294652 -3.93901 2.33302 -3.25388 1.81271 -4.46087
-0.294652 -3.93901 2.33302 -3.25388 1.81271 -4.46087
-0.294652 -3.93901 2.33302 -4.47157 1.25488 -3.26633
-0.294652 -3.93901 2.33302 -2.55176 -0.674161 -3.08409
-2.91661 -2.12623 3.47578 -1.28663 -0.887262 -3.52344
-2.91661 -2.12623 3.47578 -1.28663 -0.887262 -3.52344
-0.406047 -1.35782 4.26107 -1.21073 -0.76663 -5.23457
-0.406047 -1.35782 4.26107 2.48402 0.20661 -4.89919
-0.406047 -1.35782 4.26107 2.48402 0.20661 -4.89919
-0.406047 -1.35782 4.26107 2.28151 -0.33108 -7.91831
-0.406047 -1.35782 4.26107 4.36058 -0.95806 -6.41877
-0.406047 -1.35782 4.26107 4.2148 -0.00146004 -6.59168
-0.406047 -1.35782 4.26107 4.56862 0.0340837 -6.49263
-0.343574 0.970817 4.0682 4.56862 0.0340837 -6.49263
-0.343574 0.970817 4.0682 4.56862 0.0340837 -6.49263
-0.343574 0.970817 4.0682 4.56862 0.0340837 -6.49263
-2.33359 -1.60698 4.75882 4.36126 -0.215494 -5.27359
-4.41486 -4.23679 6.38642 4.36126 -0.215494 -5.27359
-3.64873 -1.85736 8.88559 5.28939 -1.50979 -5.04084
-3.64873 -1.85736 8.88559 6.34786 -0.785275 -5.43732
-5.5006 -0.855972 9.71033 6.34786 -0.785275 -5.43732
-6.77111 -0.795726 10.0011 4.59766 -2.40566 -6.02254
-4.40587 -3.16664 9.73873 4.59766 -2.40566 -6.02254
-1.6652 -4.3806 10.9911 4.59766 -2.40566 -6.02254
-0.945289 -3.15677 9.34027 5.05148 -2.06734 -5.73514
-1.34913 -1.70127 9.93466 1.09999 -1.16586 -8.05352
1.29782 -0.509481 8.96993 0.870917 0.505416 -8.83126
-1.58203 1.03898 8.03348 0.870917 0.505416 -8.83126
-1.58203 1.03898 8.03348 1.50751 0.911436 -5.63821
-3.91571 -0.371243 5.32276 1.50751 0.911436 -5.63821
-2.58635 1.41528 6.47175 1.39663 1.02012 -6.09837
-2.77223 -0.051315 3.80358 -0.303657 0.374525 -3.38302
-3.75148 0.118067 3.48977 -0.303657 0.374525 -3.38302
-3.75148 0.118067 3.48977 -0.303657 0.374525 -3.38302
-3.75148 0.118067 3.48977 -0.303657 0.374525 -3.38302
-3.75148 0.118067 3.48977 -0.303657 0.374525 -3.38302
-3.75148 0.118067 3.48977 -0.303657 0.374525 -3.38302
-3.75148 0.118067 3.48977 -0.303657 0.374525 -3.38302
-3.64305 2.49246 4.23086 -0.303657 0.374525 -3.38302
-3.64305 2.49246 4.23086 -0.249482 0.465767 -2.88449
-3.64305 2.49246 4.23086 -0.249482 0.465767 -2.88449
-3.64305 2.49246 4.23086 -0.249482 0.465767 -2.88449
-3.23934 2.12702 5.67852 -0.249482 0.465767 -2.88449
-3.23934 2.12702 5.67852 -0.578472 2.3644 -3.09447
-3.23934 2.12702 5.67852 -0.115922 0.515339 -6.96315
-3.23934 2.12702 5.67852 -1.57148 -1.90774 -9.16677
-2.17578 4.71065 5.63954 -4.79294 -1.70972 -8.7263
-2.76142 4.6108 5.09219 -2.10651 -0.0520906 -9.96782
-2.50255 3.64607 3.86223 -1.6369 1.86229 -7.93427
-2.50255 3.64607 3.86223 -2.44751 -0.554493 -4.65609
-2.50255 3.64607 3.86223 0.694194 1.04333 -5.22389
-2.50255 3.64607 3.86223 0.694194 1.04333 -5.22389
-2.50255 3.64607 3.86223 0.694194 1.04333 -5.22389
-0.188683 3.15914 5.0305 0.694194 1.04333 -5.22389
0.881053 0.423446 2.36894 -0.520538 2.12287 -4.73881
0.881053 0.423446 2.36894 -0.520538 2.12287 -4.73881
0.881053 0.423446 2.36894 0.860112 2.7859 -2.85205
0.881053 0.423446 2.36894 1.74137 0.741439 -2.80148
0.881053 0.423446 2.36894 1.64047 0.0890466 -3.00262
0.881053 0.423446 2.36894 1.64047 0.0890466 -3.00262
1.28986 -1.84837 2.2399 1.64047 0.0890466 -3.00262
0.183903 -0.0929563 1.1636 0.700438 0.741285 -1.16433
-1.63419 1.92233 2.89326 -0.678571 0.158304 -2.69603
-1.63419 1.92233 2.89326 -0.678571 0.158304 -2.69603
-1.06087 -0.0986985 5.68017 1.99638 -1.74005 -1.8071
-1.33968 -2.47933 3.2472 1.99638 -1.74005 -1.8071
-2.0352 -1.82425 4.12852 1.99638 -1.74005 -1.8071
-2.0352 -1.82425 4.12852 1.99638 -1.74005 -1.8071
-2.0352 -1.82425 4.12852 2.1097 -0.470541 -3.81894
-0.510046 -0.393602 3.10839 0.0779172 1.79236 -2.6474
-0.510046 -0.393602 3.10839 0.0141252 0.985318 -5.25975
-0.510046 -0.393602 3.10839 -1.00866 0.0475124 -2.56954
-0.510046 -0.393602 3.10839 -1.00866 0.0475124 -2.56954
-1.13348 2.4534 3.3299 -0.741066 3.10853 -3.576
-0.749338 1.11287 0.562519 -0.336504 1.56639 -0.761483
-0.749338 1.11287 0.562519 -0.336504 1.56639 -0.761483
-0.749338 1.11287 0.562519 -0.336504 1.56639 -0.761483
0.663037 -1.46812 2.69925 -0.414951 2.43118 -4.85132
0.663037 -1.46812 2.69925 -0.602352 2.53556 -5.00702
0.663037 -1.46812 2.69925 -0.900416 0.579286 -1.21543
0.663037 -1.46812 2.69925 -0.900416 0.579286 -1.21543
1.36895 -1.72975 0.999647 -0.830613 1.44273 -2.75236
0.928241 -2.70694 2.12297 -0.830613 1.44273 -2.75236
2.90431 -1.19505 2.79008 -0.830613 1.44273 -2.75236
2.90431 -1.19505 2.79008 -0.830613 1.44273 -2.75236
2.90431 -1.19505 2.79008 -0.830613 1.44273 -2.75236
2.90431 -1.19505 2.79008 -1.60548 0.417666 -3.33214
2.90431 -1.19505 2.79008 -1.60548 0.417666 -3.33214
2.90431 -1.19505 2.79008 -1.60548 0.417666 -3.33214
2.90431 -1.19505 2.79008 -1.60548 0.417666 -3.33214
5.55317 -1.38221 1.40158 -0.771893 0.667481 -4.69199
7.58423 -1.88474 4.16369 -0.771893 0.667481 -4.69199
6.79561 -0.663988 6.37803 -2.11661 1.2543 -4.33893
5.0313 1.33825 6.00896 0.401893 1.03209 -6.68417
5.0313 1.33825 6.00896 0.401893 1.03209 -6.68417
5.0313 1.33825 6.00896 1.92871 3.16451 -4.29287
5.20244 -0.0464825 6.01553 1.92871 3.16451 -4.29287
5.20244 -0.0464825 6.01553 -2.22377 3.01725 -4.03184
3.513 -2.64289 8.81946 -0.0695703 1.21912 -4.58491
3.513 -2.64289 8.81946 -0.0695703 1.21912 -4.58491
3.513 -2.64289 8.81946 -0.0695703 1.21912 -4.58491
0.629276 -3.99505 6.97025 1.51757 1.6447 -5.1153
-0.31856 -3.40162 5.83509 1.51757 1.6447 -5.1153
-0.31856 -3.40162 5.83509 1.51757 1.6447 -5.1153
-2.65794 -2.07646 5.0286 1.51757 1.6447 -5.1153
-2.60051 -2.18092 2.67146 1.51757 1.6447 -5.1153
-2.60051 -2.18092 2.67146 1.53911 1.9977 -4.07499
-2.60051 -2.18092 2.67146 1.016 1.49699 -5.57894
-2.60051 -2.18092 2.67146 1.016 1.49699 -5.57894
-2.60051 -2.18092 2.67146 1.016 1.49699 -5.57894
-3.79739 -2.91462 2.25043 1.35819 1.79824 -4.09498
-3.79739 -2.91462 2.25043 0.354164 1.9014 -3.25624
-2.73168 -3.85476 2.53041 0.354164 1.9014 -3.25624
-2.73168 -3.85476 2.53041 0.354164 1.9014 -3.25624
-4.28215 -1.19864 4.01507 0.354164 1.9014 -3.25624
-2.51656 -2.20432 1.46381 0.354164 1.9014 -3.25624
-2.51656 -2.20432 1.46381 -1.67644 -1.08311 -2.01479
-1.3557 -0.301769 4.31006 -1.67644 -1.08311 -2.01479
-1.3557 -0.301769 4.31006 -1.67644 -1.08311 -2.01479
0.707369 -1.2549 5.09247 -1.27512 -1.335 -0.925324
0.707369 -1.2549 5.09247 -1.27512 -1.335 -0.925324
-0.598423 -3.37393 2.89741 -0.37178 -3.73297 -1.46231
-0.598423 -3.37393 2.89741 0.230171 -4.00444 2.20929
-0.598423 -3.37393 2.89741 -2.65156 -3.03478 3.20983
-0.598423 -3.37393 2.89741 -2.65156 -3.03478 3.20983
0.254591 -1.81638 5.1029 -0.672539 -3.27329 4.35251
1.13394 -4.39714 4.25633 -0.672539 -3.27329 4.35251
1.13394 -4.39714 4.25633 -0.672539 -3.27329 4.35251
1.13394 -4.39714 4.25633 -2.18488 -2.61362 3.11925
1.13394 -4.39714 4.25633 -2.18488 -2.61362 3.11925
1.04456 -2.04322 5.08468 -2.18488 -2.61362 3.11925
2.93139 -2.11653 4.68356 -4.34888 -0.233548 1.59339
0.814022 -4.8575 6.63448 -4.34888 -0.233548 1.59339
-0.853938 -4.55488 6.00304 -4.34888 -0.233548 1.59339
-0.853938 -4.55488 6.00304 -4.35812 -0.282152 1.78203
-1.28172 -5.6213 6.13636 -4.35812 -0.282152 1.78203
1.04916 -5.84032 4.50399 -4.35812 -0.282152 1.78203
1.60641 -4.11973 4.13954 -3.17283 0.659902 2.70836
1.60641 -4.11973 4.13954 -1.28453 2.56042 3.23574
3.96505 -1.29973 5.31575 0.0727634 3.75262 3.1412
4.94711 -0.510848 5.70028 0.0727634 3.75262 3.1412
4.23466 1.34973 3.96335 0.0727634 3.75262 3.1412
1.46601 1.01916 4.40794 0.0727634 3.75262 3.1412
1.46601 1.01916 4.40794 -0.112627 2.02614 3.72709
-0.411645 -0.622594 2.36767 -0.500285 0.655376 2.973
-1.55986 -1.56391 3.52664 0.877689 1.03775 2.90235
-1.55986 -1.56391 3.52664 0.877689 1.03775 2.90235
-1.55986 -1.56391 3.52664 0.870909 0.664875 -0.782547
-1.55986 -1.56391 3.52664 0.870909 0.664875 -0.782547
-1.55986 -1.56391 3.52664 0.870909 0.664875 -0.782547
-2.13462 -2.00405 4.92875 0.870909 0.664875 -0.782547
-4.445 0.511381 3.22294 0.870909 0.664875 -0.782547
-4.445 0.511381 3.22294 0.355751 -1.51628 -0.711197
-4.08266 -1.53144 2.82582 0.355751 -1.51628 -0.711197
-4.08266 -1.53144 2.82582 -0.0280179 -0.28706 -0.824414
-2.69704 -0.287558 2.86045 -0.0280179 -0.28706 -0.824414
-0.881959 -0.958542 4.41409 -0.0280179 -0.28706 -0.824414
-0.881959 -0.958542 4.41409 -0.0280179 -0.28706 -0.824414
-0.881959 -0.958542 4.41409 -0.439683 -1.95606 1.70926
0.520458 -0.818814 2.61267 -0.65119 -2.198 3.11426
0.520458 -0.818814 2.61267 -1.78876 0.733889 3.09034
0.520458 -0.818814 2.61267 -2.7981 -0.48675 2.60205
0.772308 -1.46541 2.27931 -2.7981 -0.48675 2.60205
1.18728 0.778001 3.25031 -2.7981 -0.48675 2.60205
1.18728 0.778001 3.25031 -2.7981 -0.48675 2.60205
1.18728 0.778001 3.25031 -3.82273 2.37735 4.13671
1.18728 0.778001 3.25031 -3.82273 2.37735 4.13671
0.0299676 0.0749431 0.596407 -1.66732 1.14263 5.48722
-1.32782 -0.402843 1.44457 -2.55307 2.90787 3.93007
-2.86995 -1.14566 3.27423 -2.55307 2.90787 3.93007
-0.144341 1.1572 0.914583 -2.55307 2.90787 3.93007
-0.144341 1.1572 0.914583 -1.66438 2.87815 3.62627
-0.022015 1.67669 -1.58068 -1.66438 2.87815 3.62627
-0.022015 1.67669 -1.58068 -1.66438 2.87815 3.62627
-0.022015 1.67669 -1.58068 -1.66438 2.87815 3.62627
-1.42059 1.78208 -1.38245 -1.66438 2.87815 3.62627
-1.42059 1.78208 -1.38245 -3.41851 2.28743 3.96192
-1.42059 1.78208 -1.38245 -2.25812 3.56018 4.94635
-0.051485 4.18664 -1.70754 -2.25812 3.56018 4.94635
-0.051485 4.18664 -1.70754 -2.11248 4.06392 2.84699
-0.051485 4.18664 -1.70754 -2.11248 4.06392 2.84699
2.05187 3.48319 -1.54435 1.46069 5.69441 5.82544
0.440096 1.47699 -1.21979 1.46069 5.69441 5.82544
0.440096 1.47699 -1.21979 1.46069 5.69441 5.82544
-1.15975 1.71891 -2.2836 1.46069 5.69441 5.82544
1.72113 0.346357 -4.10411 3.01833 4.3687 6.28964
-0.981012 0.978784 -1.70788 3.01833 4.3687 6.28964
1.8911 -0.11738 -1.92922 0.794577 3.55381 8.01877
-0.475903 0.0863086 -3.11176 -0.265112 3.20739 6.7389
-0.475903 0.0863086 -3.11176 -0.265112 3.20739 6.7389
-2.23503 2.05124 -3.64667 -0.265112 3.20739 6.7389
-2.23503 2.05124 -3.64667 -0.174106 5.74228 5.95226
-2.23503 2.05124 -3.64667 -0.174106 5.74228 5.95226
-1.83596 0.479485 -4.53348 -0.614748 1.47926 2.29039
-0.67802 2.73018 -3.52061 -0.614748 1.47926 2.29039
-0.67802 2.73018 -3.52061 -0.614748 1.47926 2.29039
0.52338 2.69473 -1.37838 0.168892 -2.64142 2.10351
-1.05972 1.0388 1.39682 0.168892 -2.64142 2.10351
-1.05972 1.0388 1.39682 -0.760269 0.224848 1.18102
-1.05972 1.0388 1.39682 -0.760269 0.224848 1.18102
-1.05972 1.0388 1.39682 -0.760269 0.224848 1.18102
-1.05972 1.0388 1.39682 -0.760269 0.224848 1.18102
-1.05972 1.0388 1.39682 -0.760269 0.224848 1.18102
0.141871 -0.709807 0.989367 -1.07299 0.950494 1.35642
0.141871 -0.709807 0.989367 -1.07299 0.950494 1.35642
2.74924 -1.17857 -0.875678 -1.07299 0.950494 1.35642
2.77642 0.110372 -1.6506 2.13738 -0.15222 3.4178
2.77642 0.110372 -1.6506 2.67779 3.07631 3.01887
2.77642 0.110372 -1.6506 1.91953 1.09802 2.90251
2.77642 0.110372 -1.6506 1.91953 1.09802 2.90251
2.77642 0.110372 -1.6506 1.72332 0.756522 2.01529
0.529749 1.00042 -3.95594 1.72332 0.756522 2.01529
2.99874 -1.09283 -4.26432 1.72332 0.756522 2.01529
2.99874 -1.09283 -4.26432 1.72332 0.756522 2.01529
2.99874 -1.09283 -4.26432 1.72332 0.756522 2.01529
2.99874 -1.09283 -4.26432 1.72332 0.756522 2.01529
0.125439 1.32907 -1.9258 2.09882 -0.665241 3.98405
-1.58264 0.327027 -0.969046 2.09882 -0.665241 3.98405
-1.58264 0.327027 -0.969046 2.09882 -0.665241 3.98405
-1.17329 -1.28993 -0.458929 2.09882 -0.665241 3.98405
-1.17329 -1.28993 -0.458929 1.71678 -0.322556 2.29071
0.348862 -1.10282 0.780914 1.71678 -0.322556 2.29071
0.348862 -1.10282 0.780914 1.71678 -0.322556 2.29071
0.348862 -1.10282 0.780914 1.77573 -1.15554 2.95978
0.807448 1.11429 3.47614 1.77573 -1.15554 2.95978
0.750738 0.765054 4.82686 1.77573 -1.15554 2.95978
0.750738 0.765054 4.82686 1.77573 -1.15554 2.95978
2.38046 1.984 3.38033 1.77573 -1.15554 2.95978
2.92195 0.984874 2.36152 1.47046 1.50602 3.72049
2.92195 0.984874 2.36152 1.47046 1.50602 3.72049
2.92195 0.984874 2.36152 1.47046 1.50602 3.72049
1.71577 -0.923738 3.01748 1.47046 1.50602 3.72049
-0.938446 -1.36719 4.7112 1.47046 1.50602 3.72049
-0.938446 -1.36719 4.7112 0.646152 0.383867 3.70891
-0.938446 -1.36719 4.7112 0.646152 0.383867 3.70891
-2.18837 -2.95166 3.47843 -1.28551 -1.04402 2.76982
-2.25412 -3.88203 5.6934 -1.28551 -1.04402 2.76982
-2.25412 -3.88203 5.6934 -2.43906 -3.43287 4.51601
-0.600036 -4.62726 5.30608 -3.09968 -1.85148 5.08235
-0.600036 -4.62726 5.30608 -1.80712 -1.33238 4.88866
-0.600036 -4.62726 5.30608 -1.80712 -1.33238 4.88866
-0.289337 -2.87374 4.80909 -1.80712 -1.33238 4.88866
-0.289337 -2.87374 4.80909 -1.80712 -1.33238 4.88866
-0.289337 -2.87374 4.80909 -1.33824 -0.855057 4.08179
-0.289337 -2.87374 4.80909 -1.33824 -0.855057 4.08179
-0.293732 -1.44978 4.54731 -4.22417 -2.6584 1.34544
-0.293732 -1.44978 4.54731 -4.61248 -2.83031 4.66098
-0.293732 -1.44978 4.54731 -4.61248 -2.83031 4.66098
1.59805 -2.68362 3.63077 -4.61248 -2.83031 4.66098
-0.800762 -2.17334 2.07153 -3.07514 -2.11895 6.05131
-0.849109 -2.69434 4.64306 -2.48817 3.06781 6.13782
-2.01526 -2.67867 2.69373 -0.88422 0.73502 4.50656
-2.01526 -2.67867 2.69373 -0.88422 0.73502 4.50656
-2.01526 -2.67867 2.69373 -0.88422 0.73502 4.50656
-2.25634 -0.449068 2.11294 -2.24092 -0.886053 4.80998
-2.25634 -0.449068 2.11294 -2.24092 -0.886053 4.80998
-2.25634 -0.449068 2.11294 -2.24092 -0.886053 4.80998
-2.25634 -0.449068 2.11294 -2.24092 -0.886053 4.80998
-1.31982 1.01096 1.26726 -2.24092 -0.886053 4.80998
1.07159 2.15297 2.83732 -2.24092 -0.886053 4.80998
1.07159 2.15297 2.83732 -1.43736 -2.24642 4.78886
1.07159 2.15297 2.83732 -1.43736 -2.24642 4.78886
-0.11876 1.31193 4.16448 0.0396128 -2.59045 5.20949
-0.11876 1.31193 4.16448 0.995736 -3.71924 3.48063
-0.11876 1.31193 4.16448 -0.609103 -2.42683 2.07169
-0.11876 1.31193 4.16448 -0.0743534 -0.0240723 -2.60597
-0.11876 1.31193 4.16448 -0.0743534 -0.0240723 -2.60597
-0.11876 1.31193 4.16448 -0.0743534 -0.0240723 -2.60597
0.646488 -0.723641 4.15508 -0.259248 -0.739739 -1.9125
0.646488 -0.723641 4.15508 -0.259248 -0.739739 -1.9125
0.646488 -0.723641 4.15508 -0.259248 -0.739739 -1.9125
-1.00375 0.988003 1.58361 0.505896 -0.00463858 0.155893
-1.00375 0.988003 1.58361 -2.36755 0.25099 0.927225
-1.00375 0.988003 1.58361 -2.36755 0.25099 0.927225
-2.59587 -1.24861 -0.556741 -2.36755 0.25099 0.927225
0.099145 1.39925 0.213743 -4.10979 -1.60049 1.92119
-1.42372 2.8799 0.996843 -4.10979 -1.60049 1.92119
-2.33778 2.41307 3.53509 -4.10979 -1.60049 1.92119
-2.33778 2.41307 3.53509 -4.10979 -1.60049 1.92119
-2.33778 2.41307 3.53509 -4.10979 -1.60049 1.92119
0.482499 1.38411 4.39271 -4.33584 -2.24352 2.02063
2.40739 0.318211 2.96371 -4.17171 -0.231715 2.39284
2.40739 0.318211 2.96371 -4.17171 -0.231715 2.39284
2.40739 0.318211 2.96371 -4.86405 1.79692 2.11157
2.40739 0.318211 2.96371 -4.84374 2.54028 4.6524
1.66933 -2.39686 5.28948 -5.7891 6.18788 4.09844
1.66933 -2.39686 5.28948 -5.2847 7.70908 4.39841
-0.0691256 -1.33995 7.04542 -5.2847 7.70908 4.39841
0.371593 -1.45846 4.17748 -6.67725 5.95656 3.49367
0.371593 -1.45846 4.17748 -6.67725 5.95656 3.49367
1.17333 -2.00778 3.06045 -2.26149 7.17028 2.79467
1.17333 -2.00778 3.06045 -1.08718 4.95683 6.01626
0.109256 -2.81414 3.39938 -2.61353 3.75422 3.03543
0.109256 -2.81414 3.39938 -2.61353 3.75422 3.03543
1.3516 -0.121039 4.96856 -2.61353 3.75422 3.03543
-1.22468 2.16405 2.89318 -2.61353 3.75422 3.03543
-1.22468 2.16405 2.89318 -2.04952 3.20258 2.1584
1.29884 2.93553 5.08175 -2.55926 2.17238 1.62046
1.29884 2.93553 5.08175 -1.83453 0.79714 1.28742
-0.605657 1.87577 5.00033 -1.83453 0.79714 1.28742
-0.193454 -0.253782 2.1344 0.237079 3.74808 3.75284
-0.193454 -0.253782 2.1344 1.19224 1.97515 4.98466
-0.193454 -0.253782 2.1344 2.29246 -0.386604 4.40155
-0.364572 0.855451 1.31551 1.61694 -0.863596 6.73967
-0.364572 0.855451 1.31551 1.61694 -0.863596 6.73967
-2.19308 0.570597 2.2597 1.61694 -0.863596 6.73967
-2.19308 0.570597 2.2597 1.29017 -2.45808 5.62523
-0.0969758 1.71391 1.0791 1.29017 -2.45808 5.62523
-0.0969758 1.71391 1.0791 1.29017 -2.45808 5.62523
-0.889345 -0.564618 3.84098 1.29017 -2.45808 5.62523
0.625814 -0.313453 3.48022 -2.6223 -0.611083 6.05103
0.625814 -0.313453 3.48022 -1.18828 -3.72296 5.86859
0.625814 -0.313453 3.48022 -1.18828 -3.72296 5.86859
0.625814 -0.313453 3.48022 -1.18828 -3.72296 5.86859
0.625814 -0.313453 3.48022 -1.72227 -2.16968 4.41213
-0.939816 -0.566634 3.06958 -1.72227 -2.16968 4.41213
-3.22918 1.61898 2.50133 0.0381131 -3.71486 1.53016
-5.02622 3.25072 3.89983 -0.317874 -1.1089 -0.755597
-2.77323 0.77208 5.21677 -0.317874 -1.1089 -0.755597
-3.99444 -0.58876 4.47277 -0.317874 -1.1089 -0.755597
-3.99444 -0.58876 4.47277 -0.317874 -1.1089 -0.755597
-3.99444 -0.58876 4.47277 -0.317874 -1.1089 -0.755597
-1.61761 1.47367 6.30846 -0.317874 -1.1089 -0.755597
-0.250349 2.96687 7.2493 -0.317874 -1.1089 -0.755597
-0.346967 3.62279 8.83558 -0.317874 -1.1089 -0.755597
1.74303 4.82524 6.81469 -0.317874 -1.1089 -0.755597
1.74303 4.82524 6.81469 -1.15257 -0.409468 -0.757332
1.74303 4.82524 6.81469 -1.15257 -0.409468 -0.757332
4.30788 4.71752 8.47902 0.815363 -0.137672 -0.543574
4.30788 4.71752 8.47902 1.85983 -2.28838 -2.23852
1.42052 2.74951 6.53157 1.85983 -2.28838 -2.23852
1.18086 2.33333 5.58847 -0.0308392 -2.3667 -2.43155
1.18086 2.33333 5.58847 -0.0308392 -2.3667 -2.43155
1.18086 2.33333 5.58847 0.311289 -2.45574 -4.8945
1.18086 2.33333 5.58847 2.12245 -0.67919 -4.6279
1.24714 2.51355 3.1195 2.12245 -0.67919 -4.6279
1.06192 2.67205 3.02741 2.12245 -0.67919 -4.6279
1.06192 2.67205 3.02741 2.12245 -0.67919 -4.6279
1.06192 2.67205 3.02741 2.12245 -0.67919 -4.6279
-0.538958 1.81073 0.997936 2.12245 -0.67919 -4.6279
-0.618307 1.37219 -1.25141 -0.052094 -1.88997 -5.25279
-0.618307 1.37219 -1.25141 0.969108 -2.34281 -5.00396
-0.602675 1.37357 -1.19819 0.969108 -2.34281 -5.00396
-0.602675 1.37357 -1.19819 -0.104487 0.333853 -4.1707
-0.713906 2.34187 -1.80923 -0.104487 0.333853 -4.1707
-0.713906 2.34187 -1.80923 -0.104487 0.333853 -4.1707
-3.03677 0.848633 -4.3358 -0.104487 0.333853 -4.1707
-3.03677 0.848633 -4.3358 -1.17087 2.25152 -5.6165
-2.0454 -0.0494458 -3.73633 -1.17087 2.25152 -5.6165
-1.1354 2.21573 -1.35693 -1.17087 2.25152 -5.6165
-2.37198 4.90872 -1.60389 1.06483 4.83012 -3.62327
-2.37198 4.90872 -1.60389 0.929161 4.87407 -5.21825
-2.37198 4.90872 -1.60389 0.929161 4.87407 -5.21825
-2.24133 2.06682 -2.00321 2.30663 3.55887 -6.29889
0.0682972 2.69033 -2.40364 2.95051 1.71696 -7.06909
0.0682972 2.69033 -2.40364 5.17554 -0.579649 -5.00411
0.0682972 2.69033 -2.40364 5.17554 -0.579649 -5.00411
0.0682972 2.69033 -2.40364 3.23151 -0.877118 -5.55878
0.0682972 2.69033 -2.40364 3.23151 -0.877118 -5.55878
0.0682972 2.69033 -2.40364 3.23151 -0.877118 -5.55878
-2.73688 4.36132 -2.4894 4.63757 -2.525 -4.21657
-2.73688 4.36132 -2.4894 4.91444 -2.26842 -3.07591
-2.73688 4.36132 -2.4894 4.91444 -2.26842 -3.07591
-2.73688 4.36132 -2.4894 4.91444 -2.26842 -3.07591
-2.73688 4.36132 -2.4894 4.91444 -2.26842 -3.07591
-2.73688 4.36132 -2.4894 4.91444 -2.26842 -3.07591
-3.70776 2.80574 -4.09668 2.43752 -0.927514 -4.23845
-1.07432 3.54615 -3.34913 1.07163 0.844418 -5.02651
-0.436029 0.958506 -3.91141 0.706043 3.3999 -3.249
-0.436029 0.958506 -3.91141 0.706043 3.3999 -3.249
1.19054 -1.83943 -3.14913 -1.78286 3.34074 -3.23936
1.19054 -1.83943 -3.14913 -0.606955 1.78479 -0.526011
1.31165 0.154627 -2.01634 -2.10734 -0.420518 6.02237
1.31165 0.154627 -2.01634 -2.19003 -2.44952 6.01528
1.31165 0.154627 -2.01634 -3.42313 -0.933123 5.7451
1.31165 0.154627 -2.01634 -2.0856 -0.234492 4.07874
1.31165 0.154627 -2.01634 -2.0856 -0.234492 4.07874
1.31165 0.154627 -2.01634 -2.0856 -0.234492 4.07874
1.31165 0.154627 -2.01634 -2.0856 -0.234492 4.07874
1.31165 0.154627 -2.01634 -2.0856 -0.234492 4.07874
1.31165 0.154627 -2.01634 -3.32033 -2.082 3.61108
-0.419051 -1.99798 -4.24258 -3.32033 -2.082 3.61108
-0.419051 -1.99798 -4.24258 -3.32033 -2.082 3.61108
-0.419051 -1.99798 -4.24258 -3.82272 -3.04336 3.64666
-0.419051 -1.99798 -4.24258 -3.82272 -3.04336 3.64666
0.839542 -0.481534 -1.94919 -3.82272 -3.04336 3.64666
0.839542 -0.481534 -1.94919 -3.21611 -0.949014 4.9007
-0.178883 -0.521425 -0.291884 -3.21611 -0.949014 4.9007
-1.52872 0.732614 -1.34972 -0.11824 -1.34212 3.17781
-1.41272 -0.941112 -2.65443 -0.11824 -1.34212 3.17781
0.863717 -2.16203 -0.536783 0.828461 -0.554261 2.03377
0.755788 -3.22888 1.69595 0.828461 -0.554261 2.03377
-0.832723 -3.54217 3.21948 0.828461 -0.554261 2.03377
0.355402 -1.89967 1.68751 0.828461 -0.554261 2.03377
0.355402 -1.89967 1.68751 0.828461 -0.554261 2.03377
0.355402 -1.89967 1.68751 1.67195 -1.48394 0.779302
0.355402 -1.89967 1.68751 -0.116039 0.179765 0.203538
-1.83853 -0.845411 3.13703 0.0863966 -2.82123 2.97048
-1.83853 -0.845411 3.13703 0.0863966 -2.82123 2.97048
-1.83853 -0.845411 3.13703 0.0863966 -2.82123 2.97048
-1.83853 -0.845411 3.13703 1.90114 -0.308553 4.41632
-1.05885 -0.636098 3.28184 1.90114 -0.308553 4.41632
-0.150114 -2.66775 1.92795 1.90114 -0.308553 4.41632
-0.358264 -2.59924 3.09813 1.90114 -0.308553 4.41632
0.793801 -1.20096 0.981773 1.1334 -1.20932 2.02568
0.793801 -1.20096 0.981773 1.97065 0.186039 -2.49933
0.793801 -1.20096 0.981773 -0.789675 0.128099 -1.53344
-1.58326 0.327676 -1.56006 -0.789675 0.128099 -1.53344
-1.58326 0.327676 -1.56006 -0.789675 0.128099 -1.53344
-0.0309713 -1.49601 -3.86246 -0.789675 0.128099 -1.53344
-0.247543 -3.79517 -2.23848 -0.789675 0.128099 -1.53344
-0.247543 -3.79517 -2.23848 -0.789675 0.128099 -1.53344
-1.89088 -3.90948 -3.62707 -0.789675 0.128099 -1.53344
-1.89088 -3.90948 -3.62707 -0.789675 0.128099 -1.53344
-1.89088 -3.90948 -3.62707 -0.789675 0.128099 -1.53344
-1.89088 -3.90948 -3.62707 -0.789675 0.128099 -1.53344
-1.87844 -2.725 -4.6658 -0.958977 1.21512 -1.92778
-1.87844 -2.725 -4.6658 -0.958977 1.21512 -1.92778
-0.711516 -5.24309 -5.80568 -0.958977 1.21512 -1.92778
-1.05062 -6.03248 -5.45891 -0.958977 1.21512 -1.92778
-1.05062 -6.03248 -5.45891 -0.958977 1.21512 -1.92778
-0.0469848 -3.6624 -2.95081 -1.30615 0.304768 -2.45554
-2.13539 -3.64151 -2.29442 -1.30615 0.304768 -2.45554
-2.13539 -3.64151 -2.29442 -0.771792 1.34598 -1.1279
-2.59122 -2.9108 -3.49809 -0.862727 0.306025 -3.85425
-2.59122 -2.9108 -3.49809 -0.862727 0.306025 -3.85425
-0.307309 -2.08098 -4.73142 -0.755286 0.49858 -2.61812
-2.7414 -1.28051 -6.20558 -0.755286 0.49858 -2.61812
-0.0541251 -1.92471 -4.09888 -0.0965791 0.144748 1.52067
-0.0541251 -1.92471 -4.09888 -0.0965791 0.144748 1.52067
2.59545 -1.34444 -2.85024 -0.82645 0.378164 -1.38286
1.93456 -2.04046 -1.68095 -0.82645 0.378164 -1.38286
1.30321 0.456147 -2.36511 -2.77612 -1.71051 -2.00877
-1.06845 1.79002 -0.856977 -2.77612 -1.71051 -2.00877
-2.95167 1.74707 1.42926 -2.77612 -1.71051 -2.00877
-2.95167 1.74707 1.42926 -2.77612 -1.71051 -2.00877
-1.50054 1.92411 2.75914 -2.77612 -1.71051 -2.00877
-1.50054 1.92411 2.75914 -0.627438 -0.745181 -2.43424
-1.50054 1.92411 2.75914 -0.627438 -0.745181 -2.43424
-1.50054 1.92411 2.75914 -0.627438 -0.745181 -2.43424
-1.50054 1.92411 2.75914 -1.29008 2.15574 -5.56551
0.795828 -0.657841 3.66413 -0.827819 1.54407 -5.43113
0.795828 -0.657841 3.66413 -0.827819 1.54407 -5.43113
0.795828 -0.657841 3.66413 -0.827819 1.54407 -5.43113
0.795828 -0.657841 3.66413 -0.827819 1.54407 -5.43113
0.795828 -0.657841 3.66413 1.51511 2.00088 -5.36341
0.795828 -0.657841 3.66413 1.51511 2.00088 -5.36341
0.795828 -0.657841 3.66413 1.33572 -1.63864 -4.01521
0.446894 -1.14886 2.82791 1.33572 -1.63864 -4.01521
0.446894 -1.14886 2.82791 1.33572 -1.63864 -4.01521
0.634317 0.893428 2.92353 1.33572 -1.63864 -4.01521
0.634317 0.893428 2.92353 1.33572 -1.63864 -4.01521
-0.96312 1.21742 1.64381 -0.925318 -2.96256 -4.31258
-0.96312 1.21742 1.64381 -0.925318 -2.96256 -4.31258
-0.96312 1.21742 1.64381 0.800793 -1.44762 -4.02053
-0.523307 -0.219378 3.73046 0.800793 -1.44762 -4.02053
-0.523307 -0.219378 3.73046 0.759963 -1.97188 -4.71254
-0.523307 -0.219378 3.73046 -0.110853 -0.685986 -4.48812
-0.523307 -0.219378 3.73046 -1.8697 -0.0762909 -3.50883
0.813777 -1.03478 2.35106 -0.362595 2.36971 -1.7533
0.813777 -1.03478 2.35106 -0.831503 0.302977 -0.302688
0.813777 -1.03478 2.35106 -0.831503 0.302977 -0.302688
1.33462 1.02677 2.79958 0.0298752 1.13156 2.32139
1.33462 1.02677 2.79958 0.0298752 1.13156 2.32139
1.33462 1.02677 2.79958 0.0298752 1.13156 2.32139
1.33462 1.02677 2.79958 0.0298752 1.13156 2.32139
0.823468 0.296691 1.77278 0.0298752 1.13156 2.32139
0.823468 0.296691 1.77278 0.0298752 1.13156 2.32139
0.823468 0.296691 1.77278 0.0298752 1.13156 2.32139
0.823468 0.296691 1.77278 0.0298752 1.13156 2.32139
0.823468 0.296691 1.77278 0.0298752 1.13156 2.32139
0.823468 0.296691 1.77278 0.0298752 1.13156 2.32139
0.823468 0.296691 1.77278 -0.621569 1.19475 3.78985
2.17661 1.90781 2.3626 0.0700413 1.83063 4.68729
2.17661 1.90781 2.3626 0.908812 0.0174382 3.56369
2.17661 1.90781 2.3626 -0.232743 -2.31454 2.78226
2.17661 1.90781 2.3626 -0.232743 -2.31454 2.78226
2.17661 1.90781 2.3626 -0.232743 -2.31454 2.78226
2.17661 1.90781 2.3626 -0.232743 -2.31454 2.78226
1.75682 2.58371 4.20802 -0.232743 -2.31454 2.78226
1.75682 2.58371 4.20802 -1.16095 -2.199 -1.4868
-0.903254 4.63865 5.11832 -1.16095 -2.199 -1.4868
0.8171 2.66716 5.46569 -1.16095 -2.199 -1.4868
-0.222776 2.65653 3.19283 -1.16095 -2.199 -1.4868
-0.39111 2.27905 5.9035 -0.413141 -1.42076 -1.70969
2.33183 -0.491575 3.51663 -0.413141 -1.42076 -1.70969
2.33183 -0.491575 3.51663 -0.413141 -1.42076 -1.70969
2.33183 -0.491575 3.51663 -0.413141 -1.42076 -1.70969
2.33183 -0.491575 3.51663 -1.56061 -0.441012 -3.59618
3.08062 -0.0501655 2.61459 -1.56061 -0.441012 -3.59618
2.62403 1.7635 3.5898 -0.474436 -1.78531 -3.36069
2.62403 1.7635 3.5898 -0.172199 -2.32683 -5.52729
1.64736 -0.507314 4.86773 2.18852 -1.38171 -6.19041
1.64736 -0.507314 4.86773 2.40905 -3.59284 -4.23277
1.64736 -0.507314 4.86773 2.739 -2.60813 -6.42407
1.64736 -0.507314 4.86773 1.96156 -2.63188 -6.8503
2.39409 -0.397182 3.51596 1.05591 -3.58967 -4.85034
2.39409 -0.397182 3.51596 -0.527996 -0.31949 0.267369
2.59196 -0.0866946 2.30933 0.186163 1.028 0.534242
2.09515 0.0549188 2.02653 0.186163 1.028 0.534242
-0.206551 0.834267 3.95952 -0.348153 0.011486 2.2142
-0.206551 0.834267 3.95952 1.35387 -0.555999 2.17445
-0.206551 0.834267 3.95952 1.35387 -0.555999 2.17445
1.41823 -1.35528 3.03194 1.35387 -0.555999 2.17445
1.41823 -1.35528 3.03194 1.35387 -0.555999 2.17445
1.41823 -1.35528 3.03194 -0.715419 2.33811 1.63004
3.47757 -1.56888 4.66604 0.822919 2.15991 1.74118
5.50218 0.171977 2.94467 0.818185 -0.189263 3.11538
5.50218 0.171977 2.94467 0.818185 -0.189263 3.11538
5.50218 0.171977 2.94467 0.818185 -0.189263 3.11538
5.50218 0.171977 2.94467 0.818185 -0.189263 3.11538
5.50218 0.171977 2.94467 0.818185 -0.189263 3.11538
5.50218 0.171977 2.94467 1.439 -0.0538783 0.355439
4.67651 1.58479 4.1029 1.7356 0.324342 0.350483
2.57859 3.01161 2.85211 1.67516 2.47895 -1.75033
1.45843 1.30712 3.91499 -0.499728 1.85524 -2.30039
1.45843 1.30712 3.91499 -0.499728 1.85524 -2.30039
0.236731 2.6054 1.34327 -0.499728 1.85524 -2.30039
1.09345 1.53291 4.04725 -0.499728 1.85524 -2.30039
1.09345 1.53291 4.04725 -2.01978 -2.21301 -5.17019
-1.10128 2.04242 5.22835 -2.01978 -2.21301 -5.17019
0.872718 4.59451 5.94107 -2.01978 -2.21301 -5.17019
0.872718 4.59451 5.94107 -2.01978 -2.21301 -5.17019
0.872718 4.59451 5.94107 -2.01978 -2.21301 -5.17019
1.87885 2.97922 3.45448 -1.84083 -2.52914 -2.77526
1.87885 2.97922 3.45448 0.960046 -3.23676 -3.91038
1.87885 2.97922 3.45448 -0.140946 -0.853113 -0.761897
-0.880006 2.60974 2.20192 -0.140946 -0.853113 -0.761897
-3.20527 1.50824 2.76275 -0.140946 -0.853113 -0.761897
-3.20527 1.50824 2.76275 0.228397 -2.56278 -3.47039
-3.20527 1.50824 2.76275 1.04039 -1.55619 -1.59955
-3.57229 0.458128 2.46884 1.04039 -1.55619 -1.59955
-1.79164 3.21762 5.34858 1.04039 -1.55619 -1.59955
-0.315794 1.53159 5.52758 1.04039 -1.55619 -1.59955
-0.315794 1.53159 5.52758 1.04039 -1.55619 -1.59955
-0.537516 -0.453381 7.24651 1.04039 -1.55619 -1.59955
-0.537516 -0.453381 7.24651 -0.14093 -1.06293 -4.83889
-0.537516 -0.453381 7.24651 0.300916 0.924073 -5.84512
-1.16833 -3.27783 6.25963 1.25046 -0.599102 -5.60352
0.3813 -1.23488 4.15443 1.72465 0.818641 -6.12831
0.3813 -1.23488 4.15443 1.72465 0.818641 -6.12831
0.874423 0.517754 3.55705 0.391336 -0.34424 -4.92279
0.0855991 -0.85372 4.99396 1.76862 -0.65438 -3.13393
0.0855991 -0.85372 4.99396 1.60301 -0.514073 -1.69279
-0.866516 -2.56641 4.1334 1.60301 -0.514073 -1.69279
-1.01437 -4.64704 6.16174 1.60301 -0.514073 -1.69279
1.36749 -3.15179 5.11454 1.60301 -0.514073 -1.69279
1.36749 -3.15179 5.11454 1.60301 -0.514073 -1.69279
3.19774 -0.281738 4.80863 1.60301 -0.514073 -1.69279
3.27768 -1.01036 2.42461 0.594724 -3.46345 -2.15451
3.27768 -1.01036 2.42461 0.586947 -3.68758 -3.19564
3.27768 -1.01036 2.42461 0.586947 -3.68758 -3.19564
3.27768 -1.01036 2.42461 -0.626236 -3.84363 -3.03646
2.69195 0.881808 4.04803 -0.326062 -3.53615 -4.09639
1.85987 1.12866 1.33111 -3.10001 -2.69965 -4.56775
1.23962 -0.0852195 1.53194 -3.70972 -3.29305 -5.88965
1.68116 -0.595713 2.98236 -3.57153 -3.72013 -3.24292
1.68116 -0.595713 2.98236 -1.23188 -3.38017 -2.13136
1.68116 -0.595713 2.98236 -1.23188 -3.38017 -2.13136
1.68116 -0.595713 2.98236 0.922484 -2.41435 -3.25677
-0.302591 -0.893961 4.96155 0.11919 -2.78839 -3.24441
0.283648 -3.28549 2.69804 0.11919 -2.78839 -3.24441
0.283648 -3.28549 2.69804 -0.672873 -3.23399 -2.53313
0.283648 -3.28549 2.69804 -0.672873 -3.23399 -2.53313
0.283648 -3.28549 2.69804 -0.672873 -3.23399 -2.53313
1.60454 -0.842467 4.84519 -0.672873 -3.23399 -2.53313
1.60454 -0.842467 4.84519 -0.672873 -3.23399 -2.53313
1.60454 -0.842467 4.84519 -0.672873 -3.23399 -2.53313
1.60454 -0.842467 4.84519 -0.672873 -3.23399 -2.53313
1.48044 0.612653 2.47931 -0.672873 -3.23399 -2.53313
1.48044 0.612653 2.47931 -0.695547 -2.96076 -4.31454
1.48044 0.612653 2.47931 -0.695547 -2.96076 -4.31454
1.48044 0.612653 2.47931 -0.695547 -2.96076 -4.31454
1.48044 0.612653 2.47931 -0.695547 -2.96076 -4.31454
0.153841 1.07811 1.548 1.98092 -1.97158 -3.25324
0.153841 1.07811 1.548 1.98092 -1.97158 -3.25324
0.153841 1.07811 1.548 1.98092 -1.97158 -3.25324
0.153841 1.07811 1.548 1.54178 -3.76245 -3.61948
0.153841 1.07811 1.548 1.54178 -3.76245 -3.61948
1.89044 -0.153055 2.88401 1.54178 -3.76245 -3.61948
1.03345 2.0113 3.13191 2.36271 -2.61798 -5.41815
0.0465606 -0.181908 2.60509 2.36271 -2.61798 -5.41815
0.0465606 -0.181908 2.60509 2.36271 -2.61798 -5.41815
1.61277 -0.235995 2.32359 3.5276 -4.63246 -2.88498
0.951406 2.2856 2.61733 4.40907 -5.47366 -6.0209
0.951406 2.2856 2.61733 4.83637 0.737661 -2.90869
1.35143 4.30362 0.908792 3.4101 -1.25636 -3.05554
1.35143 4.30362 0.908792 5.10851 1.96439 -2.09068
2.67996 5.15279 3.44731 3.58123 4.05593 -5.21741
4.49726 6.39418 4.66065 3.58123 4.05593 -5.21741
2.26752 5.08642 5.60343 3.58123 4.05593 -5.21741
2.05056 3.03696 8.17918 4.38424 5.82553 -1.49848
1.40269 3.72353 5.51546 4.59015 6.69256 -5.48894
1.40269 3.72353 5.51546 4.59015 6.69256 -5.48894
1.40269 3.72353 5.51546 4.59015 6.69256 -5.48894
1.40269 3.72353 5.51546 4.64671 4.05953 -5.1728
1.40269 3.72353 5.51546 3.93086 1.94081 -3.56559
1.40269 3.72353 5.51546 3.93086 1.94081 -3.56559
0.817386 2.15387 2.8579 3.60889 1.46494 -2.51177
0.817386 2.15387 2.8579 3.60889 1.46494 -2.51177
0.817386 2.15387 2.8579 0.593987 1.96277 -1.54791
0.817386 2.15387 2.8579 0.593987 1.96277 -1.54791
0.817386 2.15387 2.8579 0.593987 1.96277 -1.54791
1.95998 0.624546 5.15747 0.593987 1.96277 -1.54791
1.95998 0.624546 5.15747 0.593987 1.96277 -1.54791
1.95998 0.624546 5.15747 0.593987 1.96277 -1.54791
1.95998 0.624546 5.15747 -1.36998 2.11141 1.44389
2.0554 -1.20835 5.03707 -1.36998 2.11141 1.44389
2.0554 -1.20835 5.03707 -1.36998 2.11141 1.44389
2.0554 -1.20835 5.03707 -1.36998 2.11141 1.44389
0.187441 -0.157546 6.35158 -1.36998 2.11141 1.44389
0.187441 -0.157546 6.35158 -1.36998 2.11141 1.44389
0.366883 0.995726 5.22973 -1.88438 2.90607 2.88901
0.366883 0.995726 5.22973 -1.88438 2.90607 2.88901
0.960487 -0.908942 5.69355 -1.88438 2.90607 2.88901
-0.490318 1.49475 5.75594 -1.88438 2.90607 2.88901
-0.490318 1.49475 5.75594 -1.42294 2.01956 4.40186
-0.490318 1.49475 5.75594 -0.256171 -0.204079 4.18517
1.31661 3.0742 3.27708 -0.274228 -2.21357 4.15154
3.0975 1.62567 5.29094 0.426426 -1.66283 5.63322
2.62341 0.761679 5.61603 3.01583 0.653852 6.01138
3.03271 -1.35426 4.62492 3.01583 0.653852 6.01138
3.03271 -1.35426 4.62492 0.931056 3.09319 6.34302
3.03271 -1.35426 4.62492 0.931056 3.09319 6.34302
3.03271 -1.35426 4.62492 0.931056 3.09319 6.34302
3.03271 -1.35426 4.62492 0.799273 2.95149 9.54188
1.21253 -2.77866 5.07395 2.00626 -2.44401 8.67353
3.09687 -2.97895 5.89433 3.06491 0.768483 7.39767
3.09687 -2.97895 5.89433 3.06491 0.768483 7.39767
3.09687 -2.97895 5.89433 3.06491 0.768483 7.39767
1.13351 -3.73103 4.14156 3.06491 0.768483 7.39767
1.13351 -3.73103 4.14156 4.59943 1.13875 3.3121
1.13351 -3.73103 4.14156 4.59943 1.13875 3.3121
1.69662 -1.05988 2.66579 3.93136 0.342459 3.25554
1.69662 -1.05988 2.66579 3.93136 0.342459 3.25554
1.69662 -1.05988 2.66579 6.31616 0.112723 5.19202
0.905462 -2.49857 2.06245 8.0657 -1.62545 6.06005
-1.75708 -0.819203 4.10435 8.79954 1.49227 2.54958
-1.75708 -0.819203 4.10435 8.79954 1.49227 2.54958
-1.75708 -0.819203 4.10435 8.79954 1.49227 2.54958
-1.75708 -0.819203 4.10435 8.79954 1.49227 2.54958
0.850861 0.91379 1.36103 5.12211 5.36852 1.51165
0.850861 0.91379 1.36103 1.66073 4.88844 -3.5871
-0.775618 -0.949123 -0.513795 1.66073 4.88844 -3.5871
0.510372 -2.63625 -2.20557 1.66073 4.88844 -3.5871
0.510372 -2.63625 -2.20557 1.66073 4.88844 -3.5871
0.510372 -2.63625 -2.20557 1.66073 4.88844 -3.5871
-1.1353 -2.96681 -2.12137 2.32674 4.63267 -4.5152
-0.358076 -2.24508 -1.75142 0.623935 6.07087 -3.45437
-0.358076 -2.24508 -1.75142 0.623935 6.07087 -3.45437
-0.30588 -0.03927 -3.15521 -1.26295 4.26648 -4.48793
-0.486921 -1.48079 -4.82692 1.41994 4.7195 -3.33426
-1.34099 -1.1963 -4.91516 1.41994 4.7195 -3.33426
-0.983056 -0.741 -3.30507 1.80479 4.94928 -2.61927
-2.18434 -0.39386 -4.60082 2.54312 3.81535 -3.26142
-2.18434 -0.39386 -4.60082 3.93158 5.40561 -4.30913
-2.18434 -0.39386 -4.60082 0.856972 2.07471 -3.44319
-2.18434 -0.39386 -4.60082 0.856972 2.07471 -3.44319
-2.18434 -0.39386 -4.60082 0.856972 2.07471 -3.44319
-2.18434 -0.39386 -4.60082 0.819438 4.15463 -3.87366
-2.69043 0.490786 -4.33478 -0.532199 1.18733 -2.26049
-1.50662 -0.462471 -1.54462 0.655446 0.807622 -2.27165
-1.50662 -0.462471 -1.54462 -1.55961 1.90225 -1.6947
0.228315 -2.89149 -1.83857 0.234336 0.447438 -1.61561
-0.872788 -1.60712 -1.07783 0.234336 0.447438 -1.61561
-0.872788 -1.60712 -1.07783 2.68609 0.229191 -0.988179
1.09773 -1.86375 1.5387 1.46293 1.60324 3.13013
0.111658 -1.12265 2.48723 1.46293 1.60324 3.13013
0.111658 -1.12265 2.48723 1.46293 1.60324 3.13013
0.111658 -1.12265 2.48723 2.18636 -0.453273 0.464324
0.111658 -1.12265 2.48723 2.18636 -0.453273 0.464324
0.111658 -1.12265 2.48723 2.18636 -0.453273 0.464324
0.978533 -0.695514 2.75685 2.18636 -0.453273 0.464324
0.978533 -0.695514 2.75685 1.66795 1.15814 -0.474314
0.978533 -0.695514 2.75685 -1.54563 -3.28096 -1.61742
0.978533 -0.695514 2.75685 0.883463 -2.2446 -3.82974
0.978533 -0.695514 2.75685 2.61673 -2.39713 -3.55655
0.978533 -0.695514 2.75685 2.92311 -1.45731 -2.89572
0.978533 -0.695514 2.75685 2.52346 0.643999 -4.19438
0.978533 -0.695514 2.75685 3.12981 1.07455 -4.20774
0.978533 -0.695514 2.75685 3.12981 1.07455 -4.20774
-0.0916408 1.10124 1.31049 2.26367 0.013034 -2.76685
-1.09268 -1.09915 2.75512 2.26367 0.013034 -2.76685
-1.07263 -2.54999 0.581792 2.40815 1.40654 -4.8301
0.00803237 -2.42739 1.51282 2.40815 1.40654 -4.8301
-2.45816 -1.3612 -1.36562 2.40815 1.40654 -4.8301
-2.45816 -1.3612 -1.36562 3.08628 1.97198 -5.1548
-2.7297 -2.56386 -3.82773 3.08628 1.97198 -5.1548
-1.5864 -3.01775 -3.99038 3.45705 0.728551 -5.20321
-2.91798 -2.22452 -3.84234 3.45705 0.728551 -5.20321
-2.91798 -2.22452 -3.84234 3.45705 0.728551 -5.20321
-0.915026 -1.40856 -5.08562 3.45705 0.728551 -5.20321
1.38539 -1.52341 -2.30359 3.40763 -1.91904 -4.81993
1.38539 -1.52341 -2.30359 2.54745 0.0517511 -3.37667
1.38539 -1.52341 -2.30359 2.54745 0.0517511 -3.37667
1.38539 -1.52341 -2.30359 3.96563 -0.0114848 -3.7297
1.38539 -1.52341 -2.30359 1.72746 -3.47633 -4.25285
-0.973181 -0.988205 -1.1524 1.71931 -3.35236 -5.72544
-0.973181 -0.988205 -1.1524 1.71931 -3.35236 -5.72544
-0.973181 -0.988205 -1.1524 1.71931 -3.35236 -5.72544
-1.76786 -1.77891 -2.49263 1.71931 -3.35236 -5.72544
-1.76786 -1.77891 -2.49263 1.71931 -3.35236 -5.72544
-1.76786 -1.77891 -2.49263 1.0844 -0.350634 -4.2962
-1.76786 -1.77891 -2.49263 -1.72454 -0.908645 -4.40926
-0.00164709 -1.89415 -2.78953 0.682051 -1.08285 -4.83438
-2.69363 -1.67892 -3.73187 0.682051 -1.08285 -4.83438
-2.69363 -1.67892 -3.73187 0.932374 -3.04903 -2.87329
-1.20474 -2.34217 -3.86303 0.932374 -3.04903 -2.87329
-1.20474 -2.34217 -3.86303 1.24066 -1.26488 -4.03167
-1.20474 -2.34217 -3.86303 1.66309 -2.14994 -2.88521
-1.20474 -2.34217 -3.86303 1.66309 -2.14994 -2.88521
0.924526 0.428463 -4.81905 1.66309 -2.14994 -2.88521
-1.19433 0.806258 -6.48413 2.29825 -0.465925 -2.03312
1.65982 0.763531 -7.16073 2.29825 -0.465925 -2.03312
1.65982 0.763531 -7.16073 2.29825 -0.465925 -2.03312
1.52878 2.00457 -6.20746 -0.0994165 -1.51704 2.17665
1.52878 2.00457 -6.20746 -0.0994165 -1.51704 2.17665
1.86002 3.09141 -3.57063 -1.15266 0.229251 2.28167
1.10214 2.10546 -1.05321 -1.15266 0.229251 2.28167
1.10214 2.10546 -1.05321 -1.15266 0.229251 2.28167
3.59747 0.348781 -2.80762 -1.18159 -0.686343 2.09689
3.22107 -0.553956 -3.50385 -0.0752794 0.758762 3.68209
2.04099 -1.579 -2.75195 -0.0752794 0.758762 3.68209
2.04099 -1.579 -2.75195 -0.0752794 0.758762 3.68209
2.04099 -1.579 -2.75195 1.04386 -1.05196 3.58268
2.45666 -0.170539 -4.42702 1.7496 -0.297944 3.05641
2.45666 -0.170539 -4.42702 1.7496 -0.297944 3.05641
2.45666 -0.170539 -4.42702 -0.224457 2.77241 4.10481
2.45666 -0.170539 -4.42702 -0.224457 2.77241 4.10481
2.45666 -0.170539 -4.42702 0.443537 1.36865 3.93139
2.33668 1.541 -3.52055 0.443537 1.36865 3.93139
0.803955 2.42421 -4.18922 -2.52117 1.12226 2.19738
0.803955 2.42421 -4.18922 -2.52117 1.12226 2.19738
0.803955 2.42421 -4.18922 -0.648107 -0.151366 3.23478
0.0947616 1.33794 -4.8421 -0.648107 -0.151366 3.23478
-0.586612 0.618872 -2.35146 -0.648107 -0.151366 3.23478
-0.586612 0.618872 -2.35146 -0.648107 -0.151366 3.23478
