-0.0479639   0.49103   0.152007
-0.165592   0.258952   -0.425663
-0.485098   -0.0829977   -0.41652
-0.178408   -0.431427   -0.422931
-0.273917   -0.305642   0.326189
-0.277519   0.169009   -0.471981
-0.461135   -0.46096   0.0945723
0.489979   0.330359   0.158422
-0.290281   0.18504   -0.0302691
0.393446   0.00474808   0.166457
0.203286   0.042096   0.0293269
0.460599   -0.103958   -0.475737
0.24546   -0.319244   0.0599648
-0.381816   -0.488242   0.0607615
-0.19555   -0.0906503   0.229617
0.328463   -0.435961   -0.432071
0.327069   -0.336005   -0.211253
-0.345088   -0.18236   0.40277
0.383241   0.0200084   -0.345534
0.0336476   -0.484546   -0.13146
-0.192047   0.159559   -0.361226
-0.323966   0.192117   -0.396509
-0.190601   0.0909152   -0.425635
0.414927   -0.0841672   -0.373894
0.436177   0.194531   0.160316
-0.225503   0.23597   -0.352057
-0.424941   -0.0573123   0.417681
0.140398   0.00894561   -0.248787
0.273699   -0.00780808   -0.149451
-0.250398   0.261343   -0.449314
0.356823   0.338664   0.300032
0.0697608   0.245198   0.233085
0.468607   -0.184364   0.313285
-0.266517   0.116687   -0.332625
0.492642   0.273514   -0.0960929
0.370797   0.42146   0.453562
0.105539   0.20985   0.139297
0.0462384   -0.0634458   -0.406449
-0.100301   0.488451   -0.435913
-0.343295   0.0986476   0.208345
0.323646   -0.29242   0.486442
-0.246334   -0.357904   -0.0921684
-0.427107   -0.0131865   0.200242
0.17406   0.209141   -0.00527441
-0.312762   0.286444   -0.0792969
0.23385   -0.337279   -0.257318
0.357225   -0.333747   -0.325702
0.292538   0.453821   -0.463586
0.415951   -0.052876   0.252719
0.425833   -0.429492   0.241863
-0.4549   -0.169537   0.147339
0.354411   0.192795   -0.370058
0.27673   -0.225723   -0.488076
0.41457   -0.412934   -0.312375
0.457382   -0.480601   0.0950816
0.00167579   0.345933   0.296801
-0.0879833   -0.135694   0.475917
-0.443309   0.0574293   -0.016916
0.27238   -0.142873   -0.366792
-0.234901   -0.379665   0.470733
-0.380291   0.223487   -0.45452
0.29271   0.270354   0.154902
-0.305863   0.361585   -0.212598
0.24509   0.00131205   0.0919289
-0.494453   -0.473572   0.164662
-0.0670317   0.448222   -0.305206
-0.418259   0.423867   -0.0605687
0.220846   0.140994   0.377467
0.36646   -0.274183   0.0839293
-0.0255155   0.494148   0.410247
0.162728   0.0864972   0.401492
0.27259   -0.0664374   -0.0372826
-0.483624   -0.019913   0.493392
-0.471782   0.340699   -0.396798
0.148906   -0.32411   -0.311574
0.387148   -0.0358697   -0.153674
0.301129   -0.486744   -0.211046
-0.212797   0.11134   -0.17324
0.238419   -0.157302   -0.439964
0.0568003   -0.219132   0.306042
-0.0401739   0.172892   -0.348543
0.168036   -0.490989   0.133256
-0.375579   -0.0305691   -0.305624
-0.137525   0.339119   -0.285944
-0.43653   0.0522077   -0.316541
-0.0362579   0.34927   -0.257139
0.103364   -0.100552   0.0120913
-0.494638   0.404432   -0.456715
0.451959   0.349156   0.496061
0.0842092   0.083615   0.320939
-0.224643   0.328741   0.169615
-0.496533   -0.188532   0.424464
-0.352032   -0.291999   -0.449511
-0.064849   -0.25331   -0.342346
-0.241464   0.216706   -0.105164
-0.101322   -0.421693   0.151954
0.0987315   0.162531   -0.142358
0.00944728   -0.418897   0.150927
-0.486846   -0.00439488   0.39091
0.339992   -0.176032   -0.39735
-0.284845   0.102633   0.451111
0.105392   -0.401021   0.446987
-0.423465   0.115349   -0.386372
-0.301203   0.204419   -0.310959
0.392401   0.2714   0.151208
0.0555827   0.129997   0.118135
-0.274433   -0.0241433   0.180127
-0.0106359   0.323963   -0.0193555
