-0.5136
-0.5912
-0.6728
-0.596
-0.592
-0.6752
-0.6768
-0.6792
-0.5984
-0.5968
-0.8344
-0.756
-0.7576
-0.676
-0.84
-0.7584
-0.8368
-0.756
-0.676
-0.7576
-0.7576
-0.6784
-0.5952
-0.5976
-0.6008
-0.68
-0.6
-0.4376
-0.4376
-0.3584
-0.5944
-0.6768
-0.6776
-0.7624
-0.7624
-0.7584
-0.6008
-0.68
-0.7592
-0.6816
-0.7616
-0.6784
-0.5168
-0.596
-0.5136
-0.5176
-0.5992
-0.6784
-0.756
-0.5968
-0.7568
-0.6768
-0.676
-0.7536
-0.6744
-0.6784
-0.6768
-0.7568
-0.752
-0.6704
-0.6696
-0.5888
-0.672
-0.8328
-0.756
-0.7552
-0.8368
-0.8376
-0.516
-0.6768
-0.7584
-0.6784
-0.6808
-0.7584
-0.5208
-0.7552
-0.8312
-0.6728
-0.6792
-0.604
-0.604
-0.6816
-0.6824
-0.76
-0.7616
-0.7632
-0.76
-0.6808
-0.6008
-0.5992
-0.6032
-0.6008
-0.5968
-0.6
-0.6008
-0.7592
-0.6776
-0.6816
-0.6008
-0.6824
-0.6856
-0.6024
-0.6848
-0.6024
-0.6016
-0.6008
-0.5976
-0.672
-0.676
-0.7544
-0.6752
-0.5952
-0.5888
-0.748
-0.8256
-0.744
-0.5896
-0.672
-0.6728
-0.6752
-0.5088
-0.6688
-0.6664
-0.5112
-0.8288
-0.752
-0.6736
-0.7504
-0.7504
-0.5904
-0.5912
-0.516
-0.2784
-0.7584
-0.7648
-0.604
-0.7664
-0.7648
-0.684
-0.7632
-0.7656
-0.764
-0.6048
-0.7624
-0.7616
-0.7592
-0.68
-0.7592
-0.7568
-0.756
-0.7576
-0.7568
-0.9152
-0.912
-0.8344
-0.6736
-0.5928
-0.7512
-0.832
-0.7568
-0.8384
-0.8368
-0.7592
-0.8392
-0.8384
-0.6776
-0.516
-0.676
-0.7576
-0.6776
-0.6816
-0.68
-0.5968
-0.6
-0.8416
-0.6832
-0.7632
-0.5992
-0.6008
-0.6016
-0.5272
-0.6104
-0.5288
-0.6896
-0.6096
-0.7704
-0.8544
-0.7728
-0.6912
-0.856
-0.856
-0.7712
-0.6888
-0.688
-0.6064
-0.6912
-0.6072
-0.6072
-0.5224
-0.6008
