-0.44
-0.52
-0.76
-0.76
-0.76
-0.84
-0.84
-0.84
-0.84
-0.84
-0.84
-0.84
-0.84
-0.84
-0.68
-0.84
-0.84
-0.84
-0.84
-0.84
-0.84
-0.84
-0.84
-0.84
-0.84
-0.84
-0.84
-0.84
-0.84
-0.84
-0.84
-0.84
-0.84
-0.84
-0.84
-0.84
-0.84
-0.84
-0.84
-0.84
-0.92
-0.92
-0.92
-0.92
-0.92
-0.92
-0.92
-0.92
-0.92
-0.92
-0.92
-0.92
-0.92
-0.92
-0.92
-0.92
-0.92
-0.92
-0.92
-0.92
-0.92
-0.92
-0.84
-0.84
-0.84
-0.84
-0.92
-0.92
-0.92
-0.92
-0.92
-0.92
-0.92
-0.92
-0.84
-0.92
-0.92
-0.92
-0.92
-0.92
-0.92
-0.92
-0.92
-0.92
-0.92
-0.92
-0.92
-0.92
-0.92
-0.84
-0.84
-0.84
-0.92
-0.92
-0.92
-0.92
-0.92
-0.92
-0.92
-0.92
-0.92
-0.92
-0.92
-0.92
-0.92
-0.92
-0.92
-0.92
-0.92
-0.92
-0.92
-0.92
-0.92
-0.92
-0.92
-0.92
-0.92
-0.92
-0.92
-0.92
-0.92
-0.92
-0.92
-0.92
-0.92
-0.92
-0.92
-0.92
-0.92
-0.92
-0.84
-0.92
-0.92
-0.92
-0.92
-0.92
-0.92
-0.92
-0.92
-0.92
-0.92
-0.92
-0.92
-0.92
-0.92
-0.92
-0.92
-0.92
-0.92
-0.92
-0.92
-0.92
-0.92
-0.92
-0.92
-0.92
-0.92
-0.92
-0.92
-0.92
-0.92
-0.92
-0.92
-0.92
-0.92
-0.92
-0.92
-0.92
-0.92
-0.92
-0.92
-0.92
-0.92
-0.92
-0.92
-0.92
-0.92
-0.92
-0.92
-0.92
-0.92
-0.92
-0.92
-0.92
-0.92
-0.92
-0.92
-0.92
-0.92
-0.92
-0.92
-0.92
-0.92
-0.92
-0.92
-0.92
-0.92
-0.92
-0.92
-0.92
