-0.0384
-0.3632
-0.5248
-0.4456
-0.2864
-0.1216
-0.6056
-0.4464
-0.524
-0.6024
-0.6816
-0.6
-0.4408
-0.3576
-0.5184
-0.5192
-0.4408
-0.1968
-0.3536
-0.5992
-0.2808
-0.2776
-0.36
-0.4352
-0.272
-0.5168
-0.5984
-0.3568
-0.2768
-0.6
-0.2824
-0.3664
-0.2856
-0.3672
-0.4464
-0.5296
-0.368
-0.5272
-0.3616
-0.5216
-0.5192
-0.676
-0.6688
-0.516
-0.44
-0.4376
-0.4384
-0.7592
-0.5968
-0.5952
-0.3584
-0.2768
-0.1176
-0.2776
-0.444
-0.5224
-0.3584
-0.436
-0.6728
-0.5136
-0.596
-0.44
-0.6016
-0.3608
-0.4424
-0.3624
-0.4384
-0.5176
-0.5168
-0.44
-0.6832
-0.6896
-0.7696
-0.848
-0.6864
-0.4432
-0.5272
-0.4424
-0.5224
-0.6064
-0.5272
-0.2872
-0.604
-0.4472
-0.6064
-0.44
-0.3608
-0.4416
-0.5992
-0.4384
-0.5208
-0.5984
-0.6792
-0.356
-0.516
-0.592
-0.596
-0.5184
-0.36
-0.3656
-0.5232
-0.5224
-0.756
-0.5208
-0.6832
-0.5216
-0.5224
-0.2808
-0.6016
-0.5224
-0.2856
-0.2064
-0.2816
-0.36
-0.3608
-0.364
-0.4384
-0.2776
-0.3584
-0.4416
-0.2808
-0.3632
-0.4376
-0.4384
-0.44
-0.5208
-0.52
-0.5208
-0.5256
-0.44
-0.5216
-0.3584
-0.5152
-0.4336
-0.3528
-0.5136
-0.2808
-0.4416
-0.5208
-0.4376
-0.4384
-0.6792
-0.6024
-0.5216
-0.4368
-0.3584
-0.4392
-0.3592
-0.2792
-0.4416
-0.4424
-0.6048
-0.6848
-0.5296
-0.6912
-0.6872
-0.4456
-0.524
-0.5248
-0.5216
-0.4432
-0.5232
-0.5992
-0.4384
-0.2784
-0.5896
-0.5928
-0.5136
-0.512
-0.3528
-0.5136
-0.5144
-0.4304
-0.5088
-0.6672
-0.5096
-0.668
-0.2744
-0.3592
-0.5976
-0.4392
-0.3568
-0.5144
-0.592
-0.512
-0.596
-0.5152
-0.5928
-0.2784
-0.4344
-0.4344
-0.508
-0.4288
-0.3488
-0.3496
-0.508
-0.5144
-0.436
-0.5976
-0.52
