-0.6016
-0.7608
-0.7592
-0.76
-0.7584
-0.756
-0.7576
-0.7584
-0.7616
-0.7616
-0.7632
-0.7616
-0.7616
-0.7632
-0.7624
-0.7648
-0.7648
-0.7648
-0.7664
-0.7648
-0.7632
-0.7624
-0.7632
-0.7632
-0.7648
-0.7648
-0.7632
-0.7616
-0.7616
-0.7608
-0.7608
-0.7592
-0.7576
-0.7568
-0.7568
-0.7568
-0.7568
-0.7552
-0.8344
-0.836
-0.836
-0.8352
-0.8344
-0.9136
-0.9128
-0.916
-0.9184
-0.9192
-0.9192
-0.9176
-0.9176
-0.916
-0.9168
-0.9176
-0.9168
-0.9168
-0.9168
-0.9168
-0.916
-0.9168
-0.9144
-0.9144
-0.9128
-0.9128
-0.912
-0.9112
-0.912
-0.9128
-0.9128
-0.9136
-0.9128
-0.9144
-0.9144
-0.9152
-0.9152
-0.9144
-0.9176
-0.916
-0.9184
-0.9216
-0.9224
-0.924
-0.9232
-0.9232
-0.9232
-0.9224
-0.9224
-0.924
-0.9248
-0.9256
-0.8456
-0.9264
-0.9264
-0.928
-0.9264
-0.9264
-0.9272
-0.928
-0.9304
-0.9296
-0.9288
-0.9256
-0.9248
-0.9256
-0.9272
-0.928
-0.9288
-0.9304
-0.9304
-0.9288
-0.9296
-0.9264
-0.9272
-0.9272
-0.9248
-0.9248
-0.924
-0.9248
-0.9248
-0.924
-0.844
-0.8456
-0.8464
-0.8464
-0.928
-0.928
-0.9264
-0.9248
-0.924
-0.9256
-0.9256
-0.9256
-0.9256
-0.9256
-0.924
-0.9248
-0.9256
-0.9248
-0.924
-0.9248
-0.9256
-0.9272
-0.9272
-0.9272
-0.9272
-0.9288
-0.9296
-0.9304
-0.932
-0.9304
-0.9304
-0.9304
-0.9288
-0.9296
-0.9296
-0.9288
-0.9304
-0.9304
-0.932
-0.932
-0.932
-0.9328
-0.932
-0.932
-0.9336
-0.9344
-0.9352
-0.9344
-0.8552
-0.9376
-0.9384
-0.9376
-0.9392
-0.9384
-0.9384
-0.9384
-0.9384
-0.9384
-0.9376
-0.9392
-1.02
-1.02
-1.02
-1.02
-1.02
-1.02
-0.9392
-1.02
-1.02
-1.02
-1.02
-1.02
-1.02
-1.02
-1.02
-1.02
-1.02
-1.02
-1.02
-1.02
