                   1             5.68344            0.113669                   0
                   2             12.1658            0.179963             1.50426
                   3             13.4912            0.212126             1.57798
                   4             6.86898            0.193933             1.22509
                   5             10.6248            0.197742            0.968609
                   6             11.4639             0.20335            0.858368
                   7             8.09799            0.197555              0.7463
                   8             20.1995            0.230872             1.44736
                   9             15.7164            0.241108             1.34778
                  10             7.42778            0.232424             1.24611
                  11             12.3279            0.233788             1.13261
                  12             13.7508            0.237368             1.04363
                  13             11.2696             0.23647            0.961673
                  14             9.78075            0.233748            0.903739
                  15             11.8066            0.233921            0.842323
                  16             7.48766            0.229018            0.811331
                  17              8.9875            0.226253              0.7707
                  18             6.80871             0.22155            0.745527
                  19             9.92546            0.220366             0.70697
                  20             14.8814            0.224471            0.685222
                  21             7.45775            0.221071            0.662877
                  22             11.3272             0.22132            0.632083
                  23             8.83401            0.219455            0.608471
                  24             17.9533            0.226287            0.638877
                  25             11.0018            0.226037            0.612797
                  26             10.4502            0.225386            0.588932
                  27             9.02919            0.223771            0.569083
                  28             13.7404            0.225741            0.556117
                  29             10.1432            0.224958            0.536856
                  30             8.43976            0.223162            0.522656
                  31             15.6517            0.226364            0.520837
                  32             13.1366            0.227601            0.509291
                  33             13.1971            0.228711            0.494049
                  34             6.48741            0.226009            0.489489
                  35             6.01907             0.22322            0.486293
                  36             10.6494            0.222938            0.472704
                  37             9.78665            0.222212            0.460184
                  38             19.1476            0.227096            0.477506
                  39              19.478            0.233357            0.550282
                  40             15.8342            0.235795            0.549479
                  41             11.8107            0.235806            0.535921
                  42             11.0769            0.235475            0.523345
                  43             8.79815            0.234157            0.513456
                  44             13.1412             0.23484            0.502758
                  45             16.4276            0.237843            0.523916
                  46               6.114             0.23557            0.520486
                  47             10.2483            0.234952            0.510414
                  48             13.7559            0.235811            0.500376
                  49             8.79125            0.234654            0.492319
                  50             9.60924            0.233833            0.483308
                  51             19.1099            0.237697            0.504275
                  52             15.2262            0.239127            0.498916
                  53             5.06506            0.236814            0.498193
                  54             5.42569             0.23467            0.495871
                  55             10.6732            0.234293            0.487034
                  56             15.8697            0.236177            0.490055
                  57             14.7095            0.237263            0.483315
                  58             14.9861            0.238469            0.478616
                  59             16.5563            0.240379            0.480081
                  60             11.6466            0.240261            0.472178
                  61             14.2243            0.241007            0.464961
                  62             11.9461            0.240974            0.457404
                  63             9.23073            0.240139            0.451772
                  64                11.3            0.239926            0.444888
                  65             10.4612            0.239465            0.438304
                  66             21.1928            0.242832            0.447158
                  67             16.3001            0.244331            0.447313
                  68             8.76861            0.243402            0.442945
                  69             8.34296            0.242359            0.438221
                  70              9.7372            0.241707            0.432664
                  71             7.88838            0.240616             0.42894
                  72             9.80124            0.240051            0.424363
                  73             16.3174            0.241478            0.424818
                  74             10.6033            0.241096            0.419452
                  75              7.5651            0.239992            0.416199
                  76             12.2397            0.240055            0.410687
                  77             9.96195             0.23954            0.405699
                  78             15.4928             0.24051            0.402186
                  79              7.9496            0.239551            0.398895
                  80             16.9741            0.240886            0.395981
                  81             17.3563            0.242367             0.39524
                  82             17.9873            0.244005            0.395438
                  83              13.476            0.244314            0.390661
                  84             13.5074            0.244623            0.386017
                  85             14.0082            0.245058             0.38186
                  86             13.8863             0.24544            0.377451
                  87             14.5646            0.245985             0.37351
                  88             17.9007            0.247418            0.373074
                  89             7.57388             0.24645            0.371512
                  90             9.46496            0.245856            0.368354
                  91             9.83848            0.245342            0.364878
                  92             19.7553            0.247258            0.367624
                  93             15.2711             0.24791            0.364255
                  94             11.1829            0.247656            0.360472
                  95             13.6552            0.247934            0.356872
                  96              10.816            0.247616            0.353407
                  97             10.0098            0.247162            0.350572
                  98             8.00508            0.246333             0.34836
                  99             7.85844            0.245505            0.346491
                 100             13.4206            0.245742             0.34319
                   1             27.2713            0.545426                   0
                   2             23.8004            0.516923             2.30573
                   3             26.2941            0.519947             1.33756
                   4             28.5543            0.535001              1.2279
                   5             25.8954            0.531666            0.960161
                   6             25.2357            0.527313            0.798184
                   7              29.551            0.536414            0.674752
                   8             26.1778            0.535719             0.67132
                   9             29.1367            0.543449            0.778592
                  10             29.2525            0.548281            0.741306
                  11             25.3915            0.544761            0.680615
                  12             24.2506            0.539826            0.624258
                  13             27.6118            0.540798            0.575247
                  14             22.9601            0.535209            0.546033
                  15             25.1829            0.533128             0.50972
                  16             26.7894            0.533962            0.514745
                  17             24.7387            0.531762            0.489048
                  18             26.5568            0.532639             0.50698
                  19             25.9652            0.532853            0.521771
                  20             26.9882            0.533325             0.50071
                  21             24.8826            0.531879            0.487082
                  22             26.3732            0.532309            0.490461
                  23             27.3343            0.533042            0.472872
                  24             24.4449            0.531544            0.466086
                  25             25.2159            0.530696            0.456371
                  26             23.6502            0.528635             0.44428
                  27             27.1152            0.529872            0.453724
                  28             27.3496            0.530485            0.437266
                  29             24.5407            0.529347             0.42984
                  30             28.7063            0.531689            0.443027
                  31             25.8304            0.532083            0.456394
                  32             25.5312            0.531729            0.451444
                  33             26.5527             0.53216            0.450958
                  34              26.931            0.532365            0.437893
                  35             26.2419            0.532179            0.426043
                  36             27.6255            0.532744            0.414043
                  37             26.2193            0.532682            0.407347
                  38             25.8518            0.532338            0.398411
                  39             28.2686            0.533185            0.388066
                  40             24.1171            0.532393            0.391632
                  41             26.0524            0.532118               0.382
                  42             26.8028            0.532323            0.375854
                  43             28.9918            0.533466             0.36797
                  44             26.2805            0.533298            0.359799
                  45             24.6891            0.532432            0.352067
                  46             26.2069            0.532434            0.349229
                  47             24.6101            0.531664            0.343952
                  48             25.2948            0.531208            0.338865
                  49             26.6931            0.531307            0.333047
                  50             24.6513            0.530649            0.329093
                  51             26.3071            0.530563            0.322624
                  52              25.676            0.530245             0.31661
                  53             26.6969            0.530339            0.311198
                  54             24.3632            0.529541            0.305383
                  55             28.3921            0.530241            0.299884
                  56             25.6059            0.530047            0.297812
                  57             26.0843            0.530016             0.29546
                  58             26.5016             0.53015            0.293692
                  59             26.6558            0.530201              0.2887
                  60              24.658            0.529737            0.287686
                  61             23.9282            0.528944            0.284087
                  62             24.8647            0.528442            0.279672
                  63             27.4807            0.528778            0.275202
                  64             25.7028            0.528651            0.273368
                  65             24.5577            0.528106            0.269869
                  66             26.4569             0.52823             0.26838
                  67             25.9727            0.528139            0.265312
                  68             24.9545            0.527833            0.264242
                  69             25.2994            0.527522            0.260516
                  70             25.1168            0.527171            0.256956
                  71             26.4685            0.527447            0.259085
                  72             27.1909            0.527982            0.262337
                  73             25.2228             0.52768            0.259192
                  74             26.5628            0.527786            0.256923
                  75             26.6708            0.527919            0.254734
                  76             26.4337            0.527971            0.252285
                  77             25.0302            0.527636            0.249441
                  78             25.2814            0.527415             0.24757
                  79             27.8727             0.52782            0.244926
                  80             25.5207            0.527637            0.242589
                  81             25.8418             0.52753            0.240162
                  82             26.2362            0.527543            0.238245
                  83             24.7426             0.52718            0.236006
                  84             24.6901            0.527049            0.238868
                  85             25.1961            0.526788             0.23628
                  86             25.9197            0.526824            0.236312
                  87             23.6934            0.526215            0.233586
                  88             28.8216            0.526819             0.23157
                  89             25.5485            0.526761            0.231422
                  90              24.356            0.526371            0.229881
                  91             25.1193            0.526154            0.228293
                  92             24.4623            0.525798            0.226697
                  93              26.366            0.525839            0.224742
                  94             23.0517            0.525333            0.225964
                  95             26.0503            0.525374             0.22529
                  96             27.1623            0.525623            0.224139
                  97             26.2512            0.525617            0.221818
                  98             27.8722            0.525988            0.220429
                  99              24.226            0.525571            0.218222
                 100             27.6938            0.525921            0.217359
                   1             25.0087            0.500174                   0
                   2             23.6341            0.486568            0.264179
                   3             24.0683            0.485287             0.35765
                   4              24.366            0.485815            0.258763
                   5             24.4523            0.486783            0.277651
                   6             25.1487            0.490203            0.341594
                   7             22.1898            0.483594            0.290852
                   8             21.5899            0.477496            0.295069
                   9             26.6782            0.484433            0.332821
                  10             25.5854            0.487249            0.305829
                  11             24.7104            0.488206            0.302161
                  12             21.5389            0.483633            0.292655
                  13              24.492            0.484117            0.269683
                  14             26.6514            0.487621            0.250685
                  15             24.1375             0.48738             0.23919
                  16              25.417            0.488747            0.227831
                  17             24.0753            0.488382            0.218092
                  18             25.2273             0.48928            0.205627
                  19             23.2703            0.488142             0.20239
                  20              24.322            0.488064            0.192457
                  21             24.1221            0.487802            0.183432
                  22             24.2125            0.487883            0.189649
                  23             22.7117            0.486467            0.184073
                  24             24.3728            0.486513            0.176498
                  25             24.1154            0.486403            0.172595
                  26             25.1956            0.487538            0.190365
                  27             22.9925            0.486552            0.184992
                  28             27.5602            0.488862            0.178377
                  29             25.7813            0.489788            0.172277
                  30             26.2618            0.491073            0.171132
                  31              25.958            0.492111            0.171774
                  32             23.6261            0.491501            0.166436
                  33             25.5826            0.492159            0.163332
                  34             26.3321            0.493412            0.168412
                  35             25.1102            0.493688             0.16458
                  36             24.4417            0.493729            0.167066
                  37             25.0395            0.493953             0.16376
                  38             25.8801            0.494581            0.159659
                  39             25.5223             0.49503             0.15709
                  40             25.7485            0.495533            0.153277
                  41             25.1978            0.495847            0.153683
                  42             26.8393            0.496825            0.150165
                  43             24.9629            0.496904             0.14743
                  44             25.9078            0.497398            0.144504
                  45             26.0979            0.497946            0.141339
                  46             24.8264            0.497955            0.139698
                  47             25.0134            0.498004            0.136698
                  48             23.6797            0.497514            0.134454
                  49             23.4526            0.496934            0.131725
                  50             25.2365            0.497112            0.129904
                  51             25.5743            0.497395            0.127377
                  52             23.7015            0.496952            0.125125
                  53             25.0692            0.497036            0.122747
                  54              22.785            0.496351            0.123439
                  55              25.292            0.496542            0.121805
                  56             24.3381            0.496402            0.120807
                  57             24.4737            0.496321            0.120081
                  58             25.7259            0.496651            0.118598
                  59             28.3278            0.497836            0.116577
                  60             23.9093            0.497588            0.117357
                  61             23.6946            0.497225            0.116261
                  62             25.9368            0.497597            0.115236
                  63             24.5276            0.497486            0.113421
                  64             24.4129            0.497362            0.112311
                  65             25.4414            0.497538            0.110581
                  66             24.7231             0.49753            0.110133
                  67             25.2343            0.497637            0.108477
                  68             23.6052            0.497268            0.107104
                  69             22.7255            0.496725            0.107936
                  70             24.5514            0.496691            0.107845
                  71             24.7705            0.496674            0.106358
                  72             24.8549            0.496683            0.104952
                  73             26.0729            0.497032            0.103807
                  74             21.7905            0.496207            0.102484
                  75             24.8941              0.4963            0.103274
                  76             24.8254            0.496333            0.102832
                  77             26.8981            0.496876            0.101533
                  78             22.2721            0.496246            0.101157
                  79             23.4579            0.495903           0.0998739
                  80              23.654            0.495646           0.0994335
                  81             23.6681            0.495409            0.099307
                  82             25.7653            0.495658           0.0982783
                  83             23.5385            0.495369           0.0974242
                  84             24.2328             0.49537           0.0999314
                  85             25.2293            0.495505           0.0994846
                  86             26.1612            0.495958            0.101999
                  87              27.052             0.49648            0.100934
                  88             25.2342            0.496573           0.0997815
                  89             23.1523            0.496197           0.0986544
                  90             27.0677            0.496699           0.0975912
                  91             23.5331            0.496421           0.0967185
                  92             23.2474            0.496079            0.095679
                  93             25.3434            0.496212           0.0951074
                  94             26.9533            0.496765           0.0965385
                  95             23.8484            0.496557            0.095523
                  96             26.2997            0.496898           0.0954491
                  97             24.9226            0.496914           0.0944655
                  98              26.171            0.497185           0.0935131
                  99             22.9433             0.49691           0.0954172
                 100             25.7803            0.497116           0.0949181
                   1             23.1534            0.463067                   0
                   2             23.6246            0.467784           0.0384021
                   3             23.5412            0.468882            0.110257
                   4              21.418              0.4588            0.107844
                   5             23.2328            0.460021            0.102809
                   6             23.0476            0.460562            0.168475
                   7             23.8158            0.462812            0.142405
                   8             22.3842             0.46095            0.128268
                   9              22.184            0.459327            0.152526
                  10             22.1137            0.457707            0.145331
                  11             22.6374            0.457281            0.134106
                  12             22.5413            0.456957            0.142844
                  13             23.3589            0.457817            0.137954
                  14              22.713            0.457622            0.132519
                  15             24.4476            0.459763            0.127948
                  16             21.9754            0.458497            0.119689
                  17              22.594            0.458132            0.114342
                  18             22.9655             0.45822            0.109461
                  19             23.7044            0.459056            0.103617
                  20             22.2075            0.458316           0.0987373
                  21             21.9526              0.4574           0.0939941
                  22             22.9654            0.457491           0.0899364
                  23             22.6367            0.457284           0.0859375
                  24             24.8317            0.459025           0.0899114
                  25             22.6434            0.458779           0.0862439
                  26             22.6233             0.45856           0.0844864
                  27              21.883            0.457822           0.0837015
                  28             23.6787             0.45847           0.0857451
                  29              21.817            0.457707           0.0827602
                  30             23.3614            0.458038            0.080835
                  31             22.0306            0.457479           0.0784029
                  32             21.7919            0.456809           0.0762016
                  33             23.0389             0.45695           0.0750488
                  34             23.1795            0.457146           0.0728521
                  35             23.0905            0.457368           0.0756097
                  36             21.9491            0.456862           0.0737309
                  37             21.7632            0.456287           0.0721839
                  38             23.7936            0.456826           0.0716197
                  39             22.7764             0.45682           0.0711303
                  40             22.7762            0.456812           0.0705946
                  41             21.9676            0.456389           0.0689922
                  42             23.2435            0.456604           0.0679268
                  43             22.7047             0.45655           0.0665752
                  44             23.5183              0.4569           0.0667225
                  45             22.9123            0.456943           0.0658341
                  46             23.3491            0.457179           0.0652908
                  47             23.1931             0.45733           0.0642828
                  48             22.2987            0.457098             0.06314
                  49             22.8026            0.457101           0.0629789
                  50             22.8377            0.457108           0.0623268
                  51             22.8495            0.457117           0.0616058
                  52             21.7961            0.456709           0.0604361
                  53             22.7007            0.456671           0.0598476
                  54             22.3557              0.4565           0.0590124
                  55             23.2345             0.45665           0.0579749
                  56             22.5065            0.456538           0.0571028
                  57             22.9289            0.456585           0.0566058
                  58             24.5494             0.45718           0.0556983
                  59             22.5748            0.457098           0.0553565
                  60             23.6285            0.457358           0.0544976
                  61              22.013            0.457103           0.0547063
                  62              22.237            0.456911           0.0541311
                  63             22.6268            0.456842           0.0532655
                  64             22.8193            0.456835           0.0524271
                  65             23.3999            0.457007           0.0516418
                  66             23.8818            0.457321           0.0509395
                  67             22.0914            0.457096           0.0504332
                  68             24.0717            0.457454           0.0497048
                  69             23.2819             0.45758           0.0492781
                  70              22.746             0.45756           0.0493316
                  71             23.3443            0.457718           0.0496736
                  72             23.2018            0.457825             0.04975
                  73             21.5332            0.457455           0.0491226
                  74             21.8271            0.457179           0.0486988
                  75             23.7175            0.457409           0.0480762
                  76             22.4783            0.457318            0.047923
                  77             23.9441            0.457598           0.0472972
                  78               21.51            0.457247             0.04669
                  79             23.4402            0.457397           0.0462142
                  80             23.2078            0.457502           0.0464585
                  81             23.9323            0.457772           0.0462182
                  82              22.334            0.457653           0.0462921
                  83             21.8277            0.457407           0.0460049
                  84             22.1508             0.45727           0.0467024
                  85             22.5264            0.457197           0.0463733
                  86             22.7696             0.45718           0.0459751
                  87             23.2645            0.457275           0.0455255
                  88             23.1372            0.457342           0.0451722
                  89             23.6469            0.457518           0.0446891
                  90             22.8814            0.457536           0.0447491
                  91             21.8327            0.457306           0.0442629
                  92             23.4566            0.457435           0.0437848
                  93             22.5949            0.457379           0.0434197
                  94             22.3694            0.457274           0.0430003
                  95             22.7418             0.45725           0.0426145
                  96             21.5402            0.456976           0.0422005
                  97             21.8288            0.456773           0.0420316
                  98             24.0879            0.457028           0.0416294
                  99             22.6684            0.456993           0.0412704
                 100             22.5124            0.456926           0.0408566
                   1             20.9534            0.419067                   0
                   2             20.9504            0.419117            0.116779
                   3             21.0405            0.419845            0.137055
                   4             20.4667            0.417224           0.0991861
                   5             19.3317            0.411186           0.0994404
                   6             20.8211            0.412134           0.0961768
                   7             20.2133            0.411102           0.0966185
                   8              21.091            0.412572            0.101597
                   9             19.4642            0.409986           0.0900655
                  10             20.5343            0.410062           0.0812734
                  11             20.5811            0.410267           0.0806611
                  12             19.4317            0.408472           0.0743112
                  13             20.8663            0.409237           0.0763538
                  14             21.0502            0.410098            0.072798
                  15             21.6136            0.411658           0.0753041
                  16             20.4528             0.41151           0.0716151
                  17              19.993            0.410845           0.0688185
                  18             20.0252            0.410344           0.0705403
                  19             20.3932            0.410214           0.0667301
                  20             20.9544            0.410674           0.0646047
                  21             20.3451            0.410496           0.0615768
                  22             21.2143            0.411138           0.0598435
                  23             19.7602            0.410452           0.0576702
                  24             20.4798            0.410482           0.0595409
                  25             19.8919            0.410012           0.0592381
                  26             20.3666             0.40993           0.0582094
                  27             20.3408             0.40983           0.0569047
                  28             20.6861            0.409971           0.0549361
                  29             20.4644            0.409947           0.0530199
                  30             20.8145             0.41016           0.0513107
                  31             20.5901            0.410218           0.0498918
                  32             19.8794            0.409832           0.0488559
                  33             20.4252            0.409793           0.0474256
                  34             19.8319            0.409424           0.0470603
                  35             19.7121            0.408995           0.0459377
                  36             20.2719            0.408898           0.0447633
                  37             20.9718             0.40919            0.043957
                  38              19.921            0.408907           0.0428313
                  39             20.0343            0.408702           0.0420229
                  40             20.4237            0.408703           0.0412888
                  41             20.8179             0.40889           0.0402707
                  42              21.467            0.409377           0.0393264
                  43             20.1565            0.409244           0.0390353
                  44             20.4162            0.409232           0.0386421
                  45             20.3242            0.409173           0.0378813
                  46              20.091            0.409015           0.0371221
                  47             21.1005            0.409298            0.036658
                  48             19.6881            0.409002           0.0373224
                  49             19.9761            0.408831            0.037603
                  50             20.7259            0.408949           0.0370326
                  51              20.092            0.408815           0.0365803
                  52             20.3847            0.408818           0.0370007
                  53             20.3335            0.408782           0.0364865
                  54             20.2466            0.408721           0.0362641
                  55             19.8833            0.408526           0.0358949
                  56             20.7997            0.408663           0.0354027
                  57             19.9423            0.408491           0.0347879
                  58             20.6791            0.408582           0.0343491
                  59             21.0393            0.408789           0.0337624
                  60             20.7079            0.408882           0.0333351
                  61             20.4046            0.408871           0.0328661
                  62             21.3747            0.409175           0.0324574
                  63              21.455            0.409494           0.0320587
                  64             21.3417            0.409788           0.0325771
                  65             20.5826             0.40982           0.0322207
                  66             20.0362            0.409685           0.0318617
                  67             20.3928            0.409663           0.0315968
                  68             20.0662            0.409541           0.0311502
                  69              20.574            0.409572           0.0308303
                  70             20.5086            0.409584           0.0305014
                  71             20.5475            0.409606           0.0301813
                  72             20.6719            0.409662           0.0298831
                  73              21.072            0.409824           0.0295142
                  74             20.4913            0.409825           0.0291365
                  75             21.5148            0.410111           0.0293149
                  76             19.8692            0.409944           0.0289333
                  77               20.67            0.409991           0.0286424
                  78             20.3633            0.409959            0.028397
                  79             21.0715            0.410107           0.0281719
                  80             21.1647            0.410275           0.0279636
                  81             20.7422            0.410333           0.0276803
                  82             20.4272            0.410316           0.0275316
                  83             20.8343            0.410396           0.0273007
                  84             20.5434            0.410408           0.0272431
                  85             20.3551            0.410371           0.0269835
                  86             20.8685             0.41046            0.026978
                  87             21.3629            0.410658           0.0268603
                  88             19.4294            0.410407           0.0265602
                  89             19.8562            0.410261           0.0263901
                  90             20.1566            0.410182            0.026097
                  91             19.6591            0.409995           0.0258178
                  92             20.7991            0.410065           0.0257257
                  93             20.1076            0.409983            0.025537
                  94              19.746             0.40983           0.0255176
                  95             20.4909            0.409834           0.0254064
                  96             20.1308            0.409766           0.0254019
                  97             20.1379            0.409695           0.0251933
                  98             20.4566            0.409689           0.0249362
                  99             19.9372            0.409584           0.0248821
                 100             21.4432            0.409783           0.0248556
                   1             17.8164            0.356327                   0
                   2             18.0295            0.358459          0.00161518
                   3             18.1951             0.36048            0.107462
                   4              19.503            0.367885            0.077343
                   5             18.6243            0.368829           0.0657042
                   6             18.2744            0.368275           0.0542226
                   7             18.4706            0.368439           0.0461073
                   8             18.0114            0.367472           0.0510261
                   9             18.1306            0.366935           0.0454687
                  10             18.1427            0.366589           0.0495367
                  11             18.4495            0.366842           0.0491212
                  12             18.4485            0.367092           0.0526774
                  13              18.398            0.367203           0.0525638
                  14             17.8814            0.366521           0.0488222
                  15             17.5263            0.365496           0.0492911
                  16             18.1761            0.365384           0.0470127
                  17             18.3173             0.36545           0.0449415
                  18             19.2287            0.366533           0.0441878
                  19             18.3585            0.366573            0.042281
                  20             17.8817            0.366126           0.0401285
                  21             18.3419            0.366171           0.0389399
                  22              18.467            0.366321           0.0376156
                  23             18.2753            0.366294           0.0365588
                  24             18.1956            0.366196           0.0350754
                  25             17.8129            0.365799           0.0336813
                  26             17.7774            0.365425           0.0338113
                  27             18.9636             0.36596           0.0339171
                  28             18.3663             0.36603           0.0339995
                  29             17.4387            0.365435           0.0328094
                  30             17.6957            0.365057           0.0319955
                  31             18.5101            0.365234           0.0316005
                  32             17.7813            0.364944           0.0312465
                  33             17.7574            0.364651           0.0304761
                  34             18.5367            0.364837           0.0300018
                  35             17.7908            0.364582            0.029284
                  36             18.8974            0.364954           0.0284864
                  37             17.9556            0.364796           0.0277128
                  38             18.5599            0.364981           0.0278728
                  39             18.6295            0.365178           0.0272065
                  40             18.2621            0.365187           0.0269209
                  41              17.924            0.365023           0.0262779
                  42             17.9904            0.364899           0.0256506
                  43             19.0456            0.365276           0.0252431
                  44             18.2652            0.365277           0.0246684
                  45             18.5625            0.365411           0.0242071
                  46             17.9686            0.365281           0.0237006
                  47             17.9139            0.365133           0.0232548
                  48             18.1651            0.365102           0.0231499
                  49             18.2511            0.365104           0.0228724
                  50              17.988            0.365002           0.0226544
                  51              17.583            0.364741            0.022238
                  52             18.5648            0.364872           0.0220245
                  53             18.5022             0.36497           0.0216077
                  54              18.652            0.365131           0.0218323
                  55             17.7961            0.364964           0.0214563
                  56             18.6247            0.365102           0.0212334
                  57             18.3257            0.365127           0.0208674
                  58             18.4127            0.365181           0.0205343
                  59             18.4906            0.365262           0.0203241
                  60             17.9829            0.365172           0.0201416
                  61             18.3142            0.365191           0.0198386
                  62             18.4471            0.365252           0.0195165
                  63             18.0459            0.365187            0.019367
                  64             18.1042             0.36514           0.0191595
                  65             17.9816            0.365064           0.0192579
                  66             18.2438            0.365062           0.0189911
                  67             18.0409            0.364998           0.0187096
                  68             18.3656            0.365039           0.0187223
                  69             18.1332            0.365004           0.0184535
                  70             17.7803            0.364877           0.0184648
                  71             17.9757            0.364802           0.0182333
                  72             17.4426            0.364582           0.0180817
                  73             18.0321             0.36453           0.0179045
                  74             18.1222            0.364502           0.0176617
                  75             18.1125            0.364472           0.0174247
                  76             18.6063            0.364572           0.0171949
                  77             17.9877            0.364511           0.0170161
                  78             17.7365            0.364386           0.0167968
                  79             17.6373            0.364238           0.0165846
                  80             18.1603            0.364226           0.0164112
                  81             18.0909            0.364203           0.0164892
                  82             18.2896            0.364225           0.0163995
                  83             18.4891            0.364295           0.0163669
                  84             18.4215            0.364345           0.0161782
                  85             18.2495            0.364353           0.0159921
                  86             18.1899            0.364352           0.0160439
                  87             18.1957            0.364359           0.0163654
                  88             18.6232            0.364452           0.0162099
                  89             18.7689            0.364579           0.0161882
                  90             18.0234            0.364545           0.0164494
                  91             18.1338            0.364525           0.0163162
                  92             17.6301            0.364399           0.0162643
                  93             18.1807             0.36439           0.0160937
                  94             18.4587            0.364441           0.0159223
                  95             18.2735            0.364452           0.0157627
                  96             18.1517            0.364438           0.0156118
                  97             18.1693            0.364427           0.0154502
                  98             19.0875            0.364605            0.015331
                  99             18.0234            0.364567           0.0153419
                 100             18.6607            0.364658           0.0153479
                   1             16.3025             0.32605                   0
                   2             15.8191            0.321351            0.105639
                   3             16.2891            0.322863           0.0716462
                   4             15.5793             0.32005           0.0528601
                   5             15.5317            0.318169           0.0418127
                   6             16.1693            0.319044           0.0351111
                   7             15.5711            0.317957           0.0301568
                   8             16.2576            0.318859           0.0267527
                   9             15.6403            0.318189           0.0243445
                  10             15.8362            0.318059           0.0247364
                  11             15.7938            0.317861           0.0223756
                  12             16.2181            0.318425           0.0242769
                  13             16.1014            0.318711           0.0236453
                  14              16.428            0.319416           0.0219552
                  15             16.0251            0.319492           0.0210016
                  16             16.1252            0.319687           0.0205213
                  17             15.7224            0.319385           0.0200803
                  18             16.1979            0.319639           0.0189499
                  19             16.3419            0.320019           0.0181071
                  20             16.1728            0.320201           0.0182143
                  21             16.5702            0.320737           0.0177859
                  22             16.3732            0.321045           0.0170868
                  23              15.944            0.320951            0.016354
                  24             15.9904            0.320904           0.0157669
                  25              15.548            0.320507           0.0151483
                  26             16.5801            0.320934           0.0146659
                  27              16.321            0.321144           0.0147871
                  28             16.1921            0.321241           0.0143373
                  29             16.1085            0.321273           0.0138376
                  30             16.4073            0.321508            0.013995
                  31             16.4132            0.321738           0.0145555
                  32             15.8869            0.321614           0.0142112
                  33             16.0691            0.321608           0.0138237
                  34             16.0839            0.321623           0.0145011
                  35             15.9094            0.321527            0.014288
                  36             15.7227            0.321331           0.0138997
                  37             15.7415            0.321169           0.0144976
                  38             15.8634            0.321067           0.0142016
                  39             15.4829            0.320777           0.0139492
                  40             15.9345            0.320725           0.0136021
                  41             15.8424            0.320633           0.0134775
                  42             15.8595            0.320551           0.0131602
                  43             16.1252            0.320598           0.0129743
                  44             15.5448            0.320384           0.0131723
                  45             16.1521            0.320443            0.012878
                  46             15.8492            0.320368           0.0125961
                  47              16.041            0.320395           0.0134413
                  48             15.8083            0.320309           0.0132725
                  49             15.5686            0.320133           0.0134589
                  50             16.1727            0.320205           0.0135113
                  51               16.19            0.320278           0.0133783
                  52             15.7407            0.320173            0.013121
                  53             15.5948            0.320021           0.0130754
                  54             16.0794             0.32005           0.0128332
                  55             16.2834            0.320154           0.0127064
                  56             16.7444            0.320419             0.01264
                  57             16.0915            0.320455           0.0129814
                  58             16.4674            0.320609           0.0127712
                  59             16.7486            0.320855           0.0126782
                  60             16.2944            0.320939           0.0124831
                  61             16.3194            0.321028            0.012277
                  62              16.129            0.321055           0.0121476
                  63             16.5556            0.321216           0.0119983
                  64             15.7137            0.321108           0.0118439
                  65             16.7961            0.321338           0.0117723
                  66             15.9273            0.321298           0.0117052
                  67             16.5064            0.321431           0.0115664
                  68             15.8909            0.321379           0.0114819
                  69             16.2991            0.321448           0.0114198
                  70             15.8253            0.321377           0.0112594
                  71             15.6875            0.321273           0.0112438
                  72             15.7534            0.321187           0.0111036
                  73              16.619             0.32134           0.0109519
                  74             15.9811            0.321317           0.0108058
                  75             16.1143            0.321332           0.0107333
                  76             16.0507            0.321329           0.0106471
                  77             16.7869            0.321517           0.0105676
                  78              16.343            0.321586           0.0104555
                  79             15.9724             0.32156           0.0104071
                  80             16.1398            0.321581           0.0105351
                  81             15.3789            0.321408           0.0104054
                  82             16.0282            0.321398           0.0102946
                  83             16.5102            0.321505           0.0101876
                  84             16.3317            0.321566           0.0100692
                  85             17.0125            0.321788           0.0100749
                  86              15.892            0.321743          0.00999781
                  87             16.1092            0.321748          0.00989629
                  88             15.7021            0.321661          0.00980966
                  89             15.8971             0.32162          0.00970845
                  90             15.8979            0.321582          0.00974103
                  91             15.6795            0.321497          0.00978064
                  92             16.0209            0.321486          0.00969673
                  93             15.9854            0.321471          0.00975712
                  94             15.9218            0.321439          0.00967742
                  95             16.4531            0.321519          0.00957528
                  96             15.4703            0.321393          0.00948244
                  97             16.3209             0.32145          0.00959248
                  98             15.9493            0.321425          0.00949564
                  99             16.1979             0.32145          0.00940624
                 100             15.6316            0.321363          0.00933624
                   1             14.5336            0.290673                   0
                   2             14.2324            0.287696            0.041984
                   3             14.1881            0.286388           0.0258162
                   4             14.4975            0.287281           0.0197476
                   5             14.3268            0.287143           0.0195458
                   6             14.2936            0.286941           0.0191942
                   7             14.2227            0.286587           0.0165416
                   8             14.2374            0.286364           0.0160471
                   9              13.961            0.285583           0.0171987
                  10             13.9706            0.285012           0.0224043
                  11             13.8669            0.284316           0.0205577
                  12             14.6797             0.28509           0.0189133
                  13             14.3619            0.285256           0.0175327
                  14             14.0689            0.284987           0.0172402
                  15             14.2402            0.284978           0.0164411
                  16             13.9172            0.284565           0.0155616
                  17             14.0722            0.284409           0.0174379
                  18             13.7072            0.283841           0.0166305
                  19             14.4546             0.28413           0.0169722
                  20             13.6314            0.283555           0.0161456
                  21             14.1692            0.283547           0.0153731
                  22             14.2126            0.283582           0.0148762
                  23             13.3513            0.282863           0.0142392
                  24             14.1226            0.282846           0.0136331
                  25             14.4237            0.283071           0.0130845
                  26             14.0995             0.28303           0.0126744
                  27             14.2789            0.283125           0.0121984
                  28             14.3833            0.283287           0.0117734
                  29             14.3948            0.283446           0.0113771
                  30             14.3567            0.283572           0.0111797
                  31             14.2931            0.283646           0.0108322
                  32             14.0569            0.283567           0.0104909
                  33              14.553            0.283797           0.0103865
                  34             14.7737            0.284141           0.0101367
                  35             14.3394            0.284221           0.0101673
                  36             14.3862            0.284325            0.010386
                  37             13.8382            0.284127           0.0105586
                  38             14.5669            0.284319           0.0104221
                  39             14.1976            0.284316           0.0106312
                  40             14.5567            0.284487           0.0103636
                  41             14.1446            0.284448           0.0101132
                  42             14.7225            0.284687          0.00993834
                  43             13.9788            0.284569          0.00974951
                  44             14.2242            0.284568          0.00961687
                  45             13.7273            0.284348          0.00959087
                  46             14.1461            0.284325          0.00985863
                  47             13.9594            0.284217          0.00974151
                  48              14.569            0.284367          0.00953698
                  49             14.3683            0.284437           0.0099081
                  50             14.1752            0.284419          0.00976024
                  51             13.9723            0.284323          0.00961686
                  52             14.0173            0.284247          0.00946474
                  53             14.0353            0.284183          0.00946196
                  54             14.1643             0.28417          0.00945203
                  55             14.2095             0.28417           0.0092819
                  56              14.408            0.284242          0.00911505
                  57             14.7206             0.28442          0.00895831
                  58             14.0387            0.284357          0.00880335
                  59             13.9644            0.284273          0.00872127
                  60             14.0155            0.284207          0.00859268
                  61             13.4053            0.283943          0.00845549
                  62             14.0962            0.283911          0.00832584
                  63             14.4456            0.283994          0.00835816
                  64             14.7053            0.284152          0.00825554
                  65             14.1053            0.284126          0.00843039
                  66             14.0913            0.284092          0.00834158
                  67             13.9682            0.284023          0.00828376
                  68              14.355            0.284076           0.0085517
                  69             14.2038            0.284076          0.00842727
                  70             14.2731            0.284098          0.00839962
                  71             13.8313            0.283993          0.00829214
                  72             14.0673            0.283956          0.00817724
                  73             14.8342            0.284131          0.00808174
                  74             13.8999             0.28405          0.00809423
                  75             14.2625            0.284067           0.0080184
                  76             14.4961             0.28415          0.00814099
                  77             14.1728            0.284141          0.00803471
                  78             14.4756             0.28421          0.00796124
                  79             14.0071            0.284159          0.00786099
                  80             13.9485            0.284099          0.00798058
                  81              14.077            0.284068          0.00791195
                  82             14.1556            0.284058          0.00788986
                  83               14.21             0.28406          0.00779847
                  84             14.5359            0.284139          0.00770761
                  85             14.2111            0.284141           0.0076472
                  86             14.2976            0.284162          0.00756444
                  87             14.1448            0.284148          0.00749026
                  88             14.0571            0.284114          0.00741074
                  89             14.8123            0.284253          0.00747524
                  90             14.4438            0.284305          0.00741957
                  91             14.2331             0.28431          0.00737432
                  92             14.1795            0.284302          0.00729858
                  93             14.5459            0.284374          0.00726754
                  94             13.9929            0.284326          0.00719384
                  95              13.684            0.284216          0.00718063
                  96             14.0985            0.284193          0.00710688
                  97              14.238            0.284199          0.00706172
                  98             14.4966            0.284259          0.00703115
                  99             14.4233            0.284302          0.00698969
                 100             14.2837            0.284316          0.00692971
                   1             12.6426            0.252852                   0
                   2             12.3488            0.250051           0.0705187
                   3             12.5403            0.250328           0.0464372
                   4              12.907            0.252307           0.0382639
                   5             12.4243            0.251546           0.0301603
                   6              12.513            0.251367           0.0295962
                   7             12.4319            0.250977           0.0250276
                   8              12.553            0.250987           0.0217135
                   9              12.239            0.250311           0.0206067
                  10              12.296            0.249876           0.0188629
                  11             12.8169            0.250473           0.0179643
                  12             12.4976            0.250435           0.0170246
                  13             12.4862            0.250396           0.0171357
                  14             12.6254            0.250557            0.016863
                  15             12.4543            0.250461           0.0158503
                  16             12.4846            0.250417           0.0152476
                  17             12.4328            0.250314           0.0143444
                  18             12.9369            0.250782           0.0135437
                  19              12.613             0.25086           0.0128118
                  20             12.4894            0.250806           0.0121557
                  21             12.9625            0.251208            0.011573
                  22             12.6964            0.251333           0.0111073
                  23             12.5028             0.25128           0.0108568
                  24             12.5055            0.251232           0.0104277
                  25             12.7456            0.251382           0.0102096
                  26             12.7809            0.251554            0.010536
                  27             12.5315             0.25152           0.0101686
                  28             12.5866            0.251528          0.00986273
                  29             12.5088            0.251482          0.00954399
                  30             12.5722            0.251481          0.00923788
                  31             12.6208            0.251512          0.00898163
                  32             12.4652            0.251445          0.00883917
                  33              12.664            0.251501           0.0085714
                  34             12.3295            0.251359           0.0085664
                  35             12.5676            0.251359          0.00831847
                  36             12.4575            0.251298          0.00808434
                  37             12.6932            0.251367          0.00786498
                  38             12.8137            0.251497          0.00770689
                  39             12.5156            0.251468          0.00757667
                  40             12.6065            0.251485          0.00738527
                  41             12.5018             0.25145          0.00728368
                  42             12.7708            0.251545          0.00711461
                  43             12.7255            0.251618          0.00722102
                  44             12.4116            0.251544          0.00724696
                  45              12.648            0.251576           0.0070843
                  46             12.9158            0.251722          0.00693742
                  47             12.1337            0.251531          0.00682868
                  48             12.9413            0.251684          0.00673306
                  49              12.573            0.251679          0.00660337
                  50             12.4886            0.251641           0.0064708
                  51             12.6845            0.251681          0.00634281
                  52             12.7369             0.25174          0.00622008
                  53             12.5577             0.25173          0.00615254
                  54             12.5194            0.251707           0.0061679
                  55             12.8101            0.251789          0.00608109
                  56             12.5467            0.251776          0.00609564
                  57             12.7277            0.251826          0.00605997
                  58                12.5            0.251797          0.00606968
                  59             12.5895            0.251797           0.0060187
                  60             12.4061            0.251736          0.00593118
                  61             12.4586            0.251695          0.00586273
                  62             13.0105            0.251833          0.00580573
                  63             12.5392            0.251819          0.00589157
                  64             12.6872             0.25185          0.00583017
                  65             12.5493            0.251837          0.00573978
                  66             12.6488            0.251855          0.00568565
                  67             12.6292            0.251866          0.00563736
                  68             12.8031            0.251928          0.00555416
                  69              12.451            0.251888          0.00557474
                  70             12.7631            0.251936          0.00550578
                  71              12.291            0.251851          0.00546989
                  72             12.2537            0.251757          0.00540276
                  73             12.6306            0.251769          0.00534091
                  74             12.6219            0.251778           0.0052735
                  75             12.7906            0.251832          0.00520726
                  76             13.0127            0.251946          0.00532012
                  77             12.6799            0.251968           0.0052918
                  78             12.3967            0.251918          0.00529077
                  79             12.3288            0.251851          0.00522621
                  80             12.7005            0.251878          0.00516058
                  81             12.2582            0.251795          0.00509771
                  82             12.4664            0.251765          0.00503662
                  83             12.4417             0.25173          0.00497785
                  84             12.5878             0.25173          0.00493512
                  85             12.2289            0.251646          0.00488313
                  86             12.7089            0.251676          0.00482608
                  87             12.5778            0.251675          0.00480024
                  88             12.5658            0.251673          0.00482732
                  89             12.5514            0.251669          0.00492884
                  90             12.6639            0.251687          0.00487379
                  91             12.4715            0.251662          0.00483535
                  92             12.5196             0.25165          0.00485562
                  93             12.5182            0.251638            0.004879
                  94             12.4287            0.251605          0.00482726
                  95              12.366             0.25156          0.00477681
                  96             12.5707             0.25156          0.00477245
                  97             12.4713            0.251538          0.00474917
                  98              12.476            0.251518          0.00472361
                  99             12.4566            0.251494          0.00468014
                 100              12.387            0.251458          0.00469087
                   1             11.2548            0.225095                   0
                   2             11.2439            0.225059           0.0453653
                   3             11.1407            0.224311           0.0264752
                   4             11.0567            0.223539            0.023454
                   5             11.2131            0.223698           0.0209694
                   6             11.0694            0.223335           0.0205819
                   7             11.3258            0.223812           0.0204465
                   8             11.2627            0.223992           0.0177102
                   9             11.0646            0.223694           0.0158777
                  10              10.984            0.223306           0.0157548
                  11             10.9306            0.222884           0.0146029
                  12             11.6144            0.223668           0.0133527
                  13             11.1111            0.223559           0.0125354
                  14             11.1802            0.223563           0.0117027
                  15             11.5008            0.223994           0.0109242
                  16              11.071            0.223833           0.0102195
                  17             11.3528            0.224028           0.0100256
                  18             11.1509            0.223972          0.00945836
                  19             11.2802            0.224058           0.0089499
                  20             10.6951            0.223554          0.00876122
                  21             11.2599            0.223635          0.00859923
                  22             11.3631            0.223801          0.00822363
                  23             10.9856            0.223624          0.00798393
                  24             11.2243             0.22366          0.00765716
                  25             11.0813            0.223579          0.00734683
                  26             11.3171            0.223685          0.00707558
                  27             11.1087            0.223632          0.00704141
                  28             11.0837            0.223563          0.00679563
                  29             11.4835            0.223775          0.00666253
                  30             11.2994            0.223849          0.00646252
                  31             11.0253            0.223741          0.00625158
                  32             11.0553             0.22366          0.00611262
                  33              11.258            0.223712          0.00642441
                  34             10.7571            0.223461          0.00626283
                  35             11.1337            0.223439          0.00611732
                  36             11.0271            0.223358          0.00594564
                  37             11.2381              0.2234          0.00601157
                  38             11.2154            0.223424          0.00585138
                  39             11.2206             0.22345          0.00574475
                  40             11.2356            0.223482          0.00561268
                  41             11.5978            0.223689          0.00549123
                  42             11.2447            0.223718          0.00542981
                  43             11.0022            0.223633           0.0053099
                  44             11.3951             0.22373          0.00518871
                  45             11.3171            0.223788           0.0050834
                  46             11.0889            0.223746           0.0050719
                  47             11.2584            0.223778          0.00504961
                  48             10.6883            0.223569          0.00494801
                  49             11.1975            0.223577          0.00484617
                  50             11.1929            0.223583          0.00477271
                  51             11.0396            0.223528          0.00470282
                  52             11.0246             0.22347          0.00462166
                  53             11.1155            0.223448          0.00453783
                  54             11.1624            0.223446           0.0045214
                  55             11.1154            0.223425          0.00444308
                  56             11.1626            0.223423          0.00442576
                  57             10.9107            0.223332          0.00435133
                  58             11.0309            0.223286          0.00434686
                  59             11.0857             0.22326           0.0042801
                  60             11.1098            0.223244          0.00429212
                  61             10.8814            0.223152          0.00426407
                  62             11.0784            0.223127          0.00421396
                  63             11.0289            0.223088          0.00422429
                  64             11.2139            0.223107          0.00417772
                  65             11.0442            0.223073          0.00411769
                  66             11.4821            0.223172          0.00405673
                  67              10.974            0.223117          0.00399655
                  68              10.942            0.223055           0.0039903
                  69             11.1194            0.223046          0.00394849
                  70             11.0679            0.223022          0.00394595
                  71             11.0651            0.223001          0.00401275
                  72             10.7554            0.222894          0.00408932
                  73             11.1305             0.22289          0.00404378
                  74             11.2442            0.222921          0.00414786
                  75             11.1395            0.222919          0.00409255
                  76             11.0672            0.222898          0.00404076
                  77             11.1253            0.222893          0.00399171
                  78             10.9738             0.22285          0.00394035
                  79             10.9895            0.222811          0.00389048
                  80              10.898            0.222755           0.0040708
                  81              10.986            0.222719          0.00407487
                  82             10.7815            0.222633          0.00403676
                  83             11.1317            0.222633          0.00398878
                  84             11.2516            0.222665          0.00409118
                  85             11.2583            0.222694           0.0040447
                  86              10.867            0.222633           0.0040248
                  87             11.4075            0.222696          0.00397894
                  88             10.9354            0.222651          0.00396912
                  89              11.021            0.222627          0.00396502
                  90             11.0108            0.222603          0.00402053
                  91             10.8349            0.222538          0.00397728
                  92             11.1087            0.222534          0.00393395
                  93             11.1238            0.222535          0.00393417
                  94             11.4332              0.2226          0.00392364
                  95             11.1378            0.222603          0.00390145
                  96             11.1903            0.222616          0.00387967
                  97             11.2676            0.222646          0.00389877
                  98             11.2016            0.222662          0.00395178
                  99             10.8315            0.222603          0.00397328
                 100             10.7855            0.222534          0.00394778
                   1             10.0624            0.201249                   0
                   2             9.82935             0.19892          0.00543932
                   3             9.92621            0.198806           0.0141039
                   4             10.2978            0.200644           0.0226404
                   5             9.93015             0.20024           0.0182622
                   6             9.72908             0.19932            0.017505
                   7              10.122             0.19977           0.0153866
                   8               9.982            0.199754           0.0133447
                   9             9.97064            0.199716           0.0117697
                  10             9.99127            0.199727            0.010534
                  11             9.77269            0.199362            0.011722
                  12             9.90429            0.199255           0.0107047
                  13             9.95261            0.199248           0.0105796
                  14             9.84386            0.199084           0.0102438
                  15             9.84449             0.19894          0.00972202
                  16             9.87499            0.198856          0.00953586
                  17             10.0384            0.198969          0.00899486
                  18             10.1391            0.199185          0.00877322
                  19              9.7698            0.198987          0.00839639
                  20             10.0313            0.199069          0.00798372
                  21             9.71417            0.198841          0.00759583
                  22             9.63374            0.198562          0.00727243
                  23             9.61824            0.198295          0.00720428
                  24             9.75104            0.198159           0.0069073
                  25             9.87175            0.198133          0.00680735
                  26             9.77289            0.198031          0.00661871
                  27             9.78698            0.197949          0.00654363
                  28             10.0055            0.198027          0.00632388
                  29             9.69237            0.197884          0.00622971
                  30             9.93064            0.197909          0.00602856
                  31             10.0122            0.197984          0.00583792
                  32             9.74426            0.197887          0.00565555
                  33             9.75902            0.197808          0.00563242
                  34             10.0963            0.197929          0.00546493
                  35             10.0017            0.197992          0.00544534
                  36             10.1811            0.198148          0.00532822
                  37             9.84331            0.198114          0.00518281
                  38             10.0326            0.198181           0.0050457
                  39             9.91566            0.198185          0.00494938
                  40             9.82639            0.198143          0.00482423
                  41             9.71965            0.198052          0.00470558
                  42             9.59927            0.197908          0.00461579
                  43             9.96612            0.197942          0.00457702
                  44              9.9298            0.197957          0.00449509
                  45             9.83572             0.19793          0.00439411
                  46             9.90025            0.197934          0.00442826
                  47             9.70296            0.197852          0.00438147
                  48             9.86725            0.197843          0.00436709
                  49             9.75153            0.197787          0.00432437
                  50             9.86187            0.197776          0.00423769
                  51              9.9041            0.197782          0.00417388
                  52             9.61868            0.197679           0.0041554
                  53             9.89971            0.197686          0.00409333
                  54             9.93535            0.197706          0.00409498
                  55             9.81418            0.197681          0.00405725
                  56             9.74246            0.197631          0.00400814
                  57             10.1115            0.197716          0.00416981
                  58             9.68555            0.197647          0.00409947
                  59             9.97702             0.19768          0.00405327
                  60             9.81692            0.197657          0.00398674
                  61             9.72885            0.197607          0.00392141
                  62             9.74097            0.197562          0.00386478
                  63             10.1444            0.197647          0.00382918
                  64             9.94652            0.197668          0.00380104
                  65              9.8663            0.197664          0.00380727
                  66             9.87508            0.197662          0.00376958
                  67             9.88564            0.197664          0.00373129
                  68             9.96143            0.197687          0.00368643
                  69             9.75329            0.197649          0.00363636
                  70             9.86369            0.197644          0.00358426
                  71             10.0214            0.197683          0.00353356
                  72             9.67186            0.197624          0.00350181
                  73             9.62538            0.197557          0.00354583
                  74             9.66743              0.1975          0.00351224
                  75             10.1658            0.197578           0.0034656
                  76             9.89078            0.197581          0.00342381
                  77             9.98163            0.197608          0.00338161
                  78             10.0969            0.197664          0.00338379
                  79               10.04            0.197705           0.0033598
                  80               9.884            0.197706          0.00337625
                  81             9.87786            0.197704          0.00333492
                  82             9.77042            0.197676          0.00329961
                  83             9.78932            0.197655          0.00331994
                  84             9.78165            0.197631          0.00330211
                  85             9.84333            0.197623          0.00327249
                  86             10.0346            0.197659          0.00324879
                  87             9.73252            0.197624          0.00321223
                  88             9.83669            0.197614           0.0031819
                  89             9.69017            0.197572            0.003163
                  90             9.96253            0.197591          0.00314738
                  91              9.9685            0.197611           0.0031128
                  92             9.92278             0.19762          0.00307983
                  93             9.99764            0.197646          0.00309109
                  94             10.0668            0.197685          0.00306339
                  95             9.89537            0.197688          0.00304296
                  96             10.1185            0.197737          0.00301768
                  97              10.033            0.197768          0.00302925
                  98             9.97746            0.197787          0.00300801
                  99             9.98353            0.197806          0.00298867
                 100             9.85398            0.197799          0.00296145
