                   1             3993.86             79.8773                   0
                   2             3853.48             78.4734             1.40387
                   3             3229.96             73.8487             4.69521
                   4             3785.64             74.3147             3.35256
                   5             3938.92             75.2074             2.74604
                   6             4363.88             77.2191             3.01232
                   7             3864.33             77.2288             2.54589
                   8             3787.94              77.045             2.21245
                   9             4044.54             77.4723             1.99744
                  10             3959.56             77.6442             1.79481
                  11             3897.75             77.6725             1.62372
                  12             4345.66             78.4425             1.67034
                  13             4494.13             79.3225             1.77065
                  14             3195.46             78.2216              1.9747
                  15             3930.96             78.2481             1.83854
                  16             4102.15             78.4853             1.73607
                  17             3528.47             78.0196             1.69593
                  18             3968.19             78.0943             1.60068
                  19             4214.19             78.4201             1.54874
                  20             3847.67             78.3467             1.47109
                  21             4299.15             78.7104             1.44577
                  22             4086.49             78.8476              1.3853
                  23             4099.12             78.9839              1.3307
                  24             3783.52             78.8458              1.2815
                  25             4077.83             78.9543             1.23395
                  26             3766.92             78.8152             1.19367
                  27             4304.82             79.0849             1.17984
                  28             3926.18             79.0648              1.1371
                  29             4077.15             79.1503             1.10051
                  30              3457.4             78.8169             1.11425
                  31             3990.58              78.849             1.07818
                  32             4555.51             79.2321             1.11204
                  33             4337.95             79.4602             1.10169
                  34             3838.33              79.381             1.07173
                  35             3899.18             79.3411             1.04142
                  36              3821.9             79.2604             1.01529
                  37             3827.18              79.187            0.990191
                  38             4463.59             79.4524            0.999652
                  39             3371.24              79.144             1.02136
                  40             3457.26              78.894              1.0264
                  41             3727.98             78.7883             1.00662
                  42             3508.86             78.5833             1.00353
                  43             3642.34             78.4499            0.988949
                  44             4171.18             78.5629            0.972802
                  45             4117.25              78.647            0.954645
                  46             3270.27             78.3591             0.97703
                  47             3792.79             78.3058            0.957498
                  48             3388.13             78.0862            0.962731
                  49             3680.03             77.9946            0.947312
                  50             3867.09             77.9816            0.928264
                  51             4257.44             78.1221             0.92067
                  52             3839.74             78.0966            0.903152
                  53             3955.51             78.1157            0.886154
                  54             3871.36              78.103            0.869682
                  55             4180.17              78.203            0.859561
                  56             4511.25             78.4176            0.870945
                  57             4390.87             78.5826            0.871277
                  58             4110.38             78.6451            0.858401
                  59             4194.05             78.7338            0.848381
                  60             4306.76             78.8572            0.843194
                  61             4046.55             78.8912            0.829952
                  62             3362.41             78.7034            0.837775
                  63             4245.56             78.8019            0.830237
                  64             4111.27             78.8554            0.818911
                  65             4173.78             78.9265            0.809341
                  66             3530.27             78.8004            0.806895
                  67             4377.37             78.9309            0.805412
                  68             3991.42             78.9441            0.793589
                  69             3615.24             78.8479              0.7879
                  70             3821.55             78.8134             0.77733
                  71             3679.09             78.7397            0.769838
                  72             4051.16             78.7714            0.759733
                  73              4256.6             78.8586            0.754303
                  74             3600.68             78.7661            0.749767
                  75             4292.57             78.8605            0.745711
                  76             4076.93             78.8958            0.736677
                  77             3952.34             78.8977            0.727049
                  78              4110.5             78.9402            0.718923
                  79             4504.34             79.0813            0.723653
                  80             4338.82             79.1775            0.720995
                  81             3820.82             79.1434            0.712854
                  82             3682.71             79.0765            0.707282
                  83             3533.32             78.9751            0.706018
                  84              4188.4             79.0322            0.699892
                  85             4086.54             79.0639            0.692337
                  86             3976.62             79.0694            0.684261
                  87             3457.27             78.9553            0.685901
                  88             3924.38               78.95            0.678083
                  89             3511.78             78.8521            0.677533
                  90             3756.04             78.8106            0.671244
                  91             3720.62             78.7623            0.665584
                  92              3786.2             78.7293            0.659138
                  93             3932.58             78.7284            0.652012
                  94             3833.53             78.7065             0.64541
                  95             4012.12             78.7227            0.638785
                  96             4567.44             78.8542            0.645634
                  97             4234.18             78.9143            0.641763
                  98             4064.88             78.9386            0.635646
                  99             4089.01             78.9673            0.629847
                 100             3893.35             78.9563            0.623614
                   1             1453.42             29.0684                   0
                   2              1823.7             32.7712             3.70282
                   3             1584.61             32.4115             2.16787
                   4             1570.28             32.1601              1.5534
                   5             1726.91             32.6357             1.29385
                   6             1776.28             33.1173             1.16104
                   7             1547.65             32.8081             1.02882
                   8             1450.34              32.333             1.00977
                   9              1733.1             32.5917            0.927368
                  10             1435.15             32.2029            0.916094
                  11             2095.61             33.0855             1.21068
                  12             1528.18             32.8754             1.12499
                  13             1769.08             33.0682             1.05265
                  14             1475.17             32.8135             1.00728
                  15              1580.6             32.7334             0.94114
                  16              1519.7             32.5872            0.892416
                  17             1793.53             32.7803            0.860241
                  18             1537.78             32.6679            0.818806
                  19             1350.15             32.3697            0.829917
                  20             1548.48             32.2997            0.790434
                  21             1274.93             31.9758             0.81864
                  22             1765.67             32.1276            0.795149
                  23             1609.18               32.13            0.759796
                  24             1592.56             32.1184            0.727542
                  25             1522.53             32.0517            0.701014
                  26             1682.06             32.1128            0.676282
                  27             1759.39             32.2267            0.660643
                  28             1428.96             32.0964            0.649804
                  29             1448.23             31.9884            0.636229
                  30             1621.18             32.0029            0.614827
                  31             1581.11             31.9907             0.59479
                  32              1389.3             31.8593            0.590702
                  33             1634.88             31.8847            0.573085
                  34             1557.36              31.863            0.556397
                  35             2264.97             32.2469            0.662771
                  36                1804             32.3534            0.652839
                  37             1623.95             32.3568            0.634959
                  38              1398.7             32.2414            0.628693
                  39             1558.54              32.214            0.612975
                  40             1938.88             32.3781            0.619578
                  41             1411.74              32.277             0.61267
                  42             1352.65             32.1526            0.610705
                  43             1338.62             32.0275            0.609319
                  44             2036.99             32.2255            0.627375
                  45             1418.02             32.1396             0.61926
                  46              1691.9             32.1765            0.606773
                  47             1862.93             32.2847            0.603488
                  48             1721.28             32.3293            0.592463
                  49             1259.56             32.1836            0.598253
                  50              2025.1               32.35            0.609318
                  51             1757.78              32.405             0.59978
                  52             1860.64             32.4974            0.595355
                  53             1800.72             32.5638            0.587772
                  54             1905.03             32.6663            0.585828
                  55             1943.77             32.7792            0.586053
                  56              1715.2             32.8064            0.576137
                  57             1896.17             32.8962            0.573015
                  58             1390.13             32.8084            0.569856
                  59             1662.49             32.8159            0.560164
                  60             1732.67             32.8465              0.5516
                  61             1313.03             32.7385            0.553121
                  62              1349.9             32.6459            0.551948
                  63             1402.12             32.5729             0.54801
                  64             1534.84             32.5436            0.540175
                  65             1953.22             32.6439             0.54118
                  66             1565.41             32.6236            0.533301
                  67             1478.58             32.5781            0.527253
                  68             1354.87             32.4975            0.525657
                  69             1376.81             32.4256            0.522949
                  70             1881.16             32.4998            0.520745
                  71             1793.73             32.5474            0.515554
                  72              2125.8             32.6858            0.526861
                  73             1603.04             32.6773            0.519664
                  74             1571.31             32.6604            0.512872
                  75             1752.97             32.6923            0.506998
                  76             1455.27             32.6451            0.502504
                  77              1505.8             32.6123            0.497021
                  78             1760.62             32.6456            0.491739
                  79              1472.1             32.6051            0.487165
                  80             1737.78              32.632            0.481787
                  81             1358.71             32.5646            0.480549
                  82             1627.26             32.5643            0.474653
                  83             1352.67              32.498            0.473577
                  84             1438.32             32.4535            0.470009
                  85             1291.98             32.3757            0.470919
                  86             1736.89             32.4032            0.466221
                  87             1587.79             32.3957            0.460891
                  88             1579.16             32.3865            0.455717
                  89             1296.32             32.3139            0.456377
                  90              1314.8             32.2471            0.456204
                  91             1790.53             32.2862             0.45286
                  92             1535.53             32.2691            0.448237
                  93             1566.84             32.2591            0.443505
                  94             1231.92              32.178            0.446188
                  95             1937.52             32.2472            0.446855
                  96             1591.22             32.2428            0.442197
                  97             1745.29             32.2702            0.438475
                  98             1540.33             32.2553            0.434235
                  99             1727.61             32.2785            0.430452
                 100             1847.64             32.3252            0.428682
                   1             718.861             14.3772                   0
                   2             730.274             14.4914            0.114125
                   3             690.238             14.2625            0.238161
                   4             692.545             14.1596            0.197354
                   5             755.103             14.3481            0.242692
                   6             728.581             14.3853            0.201629
                   7             677.591             14.2663            0.207889
                   8             750.948             14.3604            0.203139
                   9             683.202              14.283            0.195144
                  10             587.563             14.0298            0.307507
                  11             654.193             13.9438            0.291141
                  12             797.913             14.1117            0.314351
                  13             765.547             14.2039            0.303519
                  14              794.83             14.3248            0.305911
                  15             788.735             14.4215            0.300743
                  16             788.408             14.5057             0.29364
                  17             833.521              14.633            0.303802
                  18             745.772             14.6487            0.286856
                  19             754.562              14.672            0.272337
                  20             751.481             14.6899             0.25898
                  21              759.82              14.714            0.247517
                  22              827.55             14.7975            0.250335
                  23             826.332             14.8727            0.250739
                  24             748.307             14.8766            0.240096
                  25             723.477             14.8603            0.230867
                  26             779.986             14.8887            0.223625
                  27             668.418             14.8324            0.222429
                  28              674.43             14.7844            0.219646
                  29             747.007             14.7898            0.212005
                  30              825.43             14.8471            0.212678
                  31             673.247             14.8025             0.21048
                  32             807.807             14.8448             0.20814
                  33             734.459             14.8401            0.201789
                  34             767.781             14.8552            0.196351
                  35             744.699             14.8564            0.190661
                  36             806.886             14.8919            0.188677
                  37             700.884             14.8683            0.185022
                  38             736.533             14.8647            0.180124
                  39             683.759             14.8342            0.178076
                  40             866.492             14.8966             0.18444
                  41             727.843             14.8883            0.180076
                  42             866.712             14.9465            0.185134
                  43             746.662             14.9462            0.180778
                  44             855.414             14.9954            0.183329
                  45             690.907             14.9692            0.181108
                  46             685.139             14.9417            0.179254
                  47             744.507             14.9406            0.175402
                  48             751.688             14.9425             0.17172
                  49             747.264             14.9426            0.168179
                  50             740.299             14.9398            0.164804
                  51             745.623             14.9393            0.161541
                  52             707.877             14.9243            0.159116
                  53             810.618             14.9486            0.157966
                  54             876.458             14.9964            0.162212
                  55             738.013             14.9921            0.159293
                  56             706.826             14.9768            0.157167
                  57              786.25             14.9899            0.154942
                  58             652.864             14.9566            0.155851
                  59             607.563             14.9091            0.160396
                  60             702.921             14.8949            0.158336
                  61             742.187              14.894            0.155721
                  62             772.759             14.9031            0.153456
                  63             716.519              14.894            0.151274
                  64             662.571             14.8683            0.151088
                  65             779.296             14.8794            0.149154
                  66             681.881             14.8606            0.148077
                  67             862.473             14.8962            0.150145
                  68             858.089             14.9295            0.151626
                  69             720.982             14.9221            0.149595
                  70              896.06              14.965            0.153541
                  71             807.072             14.9816            0.152268
                  72             811.514             14.9989            0.151136
                  73             788.825             15.0095            0.149432
                  74             864.113             15.0403            0.150564
                  75             718.245             15.0313            0.148816
                  76             654.563             15.0057            0.149047
                  77             802.134             15.0192            0.147714
                  78             665.288             14.9972            0.147453
                  79             671.201             14.9773             0.14693
                  80             750.337             14.9777            0.145083
                  81             795.972             14.9893            0.143751
                  82             752.857             14.9901             0.14199
                  83             763.226             14.9934            0.140307
                  84             810.434             15.0079             0.13938
                  85             658.383             14.9863            0.139422
                  86             719.157             14.9792            0.137969
                  87              675.64             14.9624            0.137412
                  88             830.725             14.9812            0.137133
                  89             651.107             14.9592            0.137358
                  90             829.043             14.9772            0.137013
                  91             769.908             14.9818            0.135578
                  92             780.571             14.9886            0.134271
                  93             837.524             15.0076            0.134164
                  94             682.455             14.9931            0.133513
                  95              741.56             14.9914            0.132111
                  96             723.282              14.986            0.130843
                  97             676.491             14.9709            0.130354
                  98             742.674             14.9697            0.129023
                  99             721.454             14.9643            0.127829
                 100              821.08             14.9789            0.127381
                   1             451.225              9.0245                   0
                   2             461.435              9.1266            0.102105
                   3             427.773             8.93622            0.199296
                   4             491.814             9.16124            0.265502
                   5               445.8             9.11219            0.211425
                   6             467.221              9.1509            0.176913
                   7             426.538             9.06231            0.173794
                   8             425.681             8.99372            0.165401
                   9             443.659             8.98033            0.146483
                  10             380.405              8.8431            0.189727
                  11             441.923             8.84268            0.171615
                  12             491.703              8.9253            0.177111
                  13             432.106             8.90351            0.164368
                  14             443.051             8.90048            0.152206
                  15               426.7             8.87605            0.143787
                  16              446.26             8.87912            0.134535
                  17             464.796             8.90364             0.12873
                  18             427.829             8.88436             0.12289
                  19             377.005              8.8136            0.136081
                  20              403.44             8.77636            0.134361
                  21             428.207             8.76626            0.128202
                  22             362.863             8.69767            0.140165
                  23             409.138             8.67528            0.135791
                  24             426.778             8.66946             0.13014
                  25             417.488             8.65667            0.125479
                  26              372.25             8.61007            0.129251
                  27             436.186             8.61428            0.124443
                  28             464.414             8.63835            0.122308
                  29             382.504             8.60427            0.122837
                  30             378.931             8.57008            0.123498
                  31             472.344             8.59836            0.122751
                  32             444.194             8.60729            0.119188
                  33             417.755             8.59964            0.115772
                  34             418.816             8.59308            0.112507
                  35             391.177             8.57109            0.111436
                  36             400.869             8.55571            0.109383
                  37             427.062             8.55532            0.106386
                  38             353.381             8.51617            0.110703
                  39             416.696             8.51149            0.107928
                  40             386.619             8.49202            0.106983
                  41             407.506             8.48368            0.104674
                  42              514.05             8.52647            0.110753
                  43             490.588             8.55636            0.112201
                  44             437.689             8.56085            0.109713
                  45             405.912             8.55101            0.107698
                  46             440.577             8.55668            0.105483
                  47             426.338             8.55604            0.103216
                  48             453.512             8.56675            0.101609
                  49             396.894             8.55392            0.100338
                  50             444.461             8.56062            0.098539
                  51             401.439              8.5502           0.0971489
                  52             479.774              8.5703             0.09736
                  53              438.08             8.57391           0.0955736
                  54             424.649             8.57241            0.093799
                  55             429.358             8.57268           0.0920781
                  56             385.085             8.55712           0.0917469
                  57             478.873             8.57502           0.0918835
                  58             417.992             8.57131           0.0903616
                  59             416.676             8.56728           0.0889082
                  60             397.195             8.55689           0.0880292
                  61             454.585             8.56566           0.0870168
                  62             410.267             8.55985           0.0857989
                  63             450.783             8.56708           0.0847355
                  64             418.382             8.56397           0.0834592
                  65              413.72             8.55951           0.0822858
                  66             397.599             8.55031           0.0815507
                  67             387.354             8.53832            0.081214
                  68             446.667             8.54413           0.0802214
                  69             352.832             8.52257            0.081937
                  70             432.372             8.52435           0.0807777
                  71             478.274             8.53902           0.0809707
                  72             422.544             8.53779           0.0798476
                  73             449.822             8.54408           0.0789965
                  74             427.008             8.54402           0.0779216
                  75             425.725             8.54363           0.0768767
                  76             450.253              8.5497            0.076101
                  77             390.275             8.54004           0.0757254
                  78              461.33             8.54884           0.0752648
                  79             452.345             8.55514           0.0745729
                  80             483.665             8.56912           0.0749496
                  81             417.557             8.56643           0.0740675
                  82             414.917             8.56316           0.0732316
                  83             356.453             8.54588           0.0743787
                  84              407.72             8.54122           0.0736355
                  85             421.843             8.53999           0.0727744
                  86             417.461             8.53778           0.0719574
                  87             457.151             8.54473           0.0714649
                  88             453.061              8.5506           0.0708916
                  89             379.833             8.53988           0.0709053
                  90             461.912             8.54764           0.0705411
                  91             444.761             8.55146           0.0698661
                  92             399.707              8.5454           0.0693676
                  93             448.917             8.55006           0.0687753
                  94             462.678             8.55754           0.0684501
                  95             431.553             8.55832           0.0677302
                  96             462.459             8.56551           0.0674062
                  97               420.6             8.56393           0.0667265
                  98             475.661             8.57362           0.0667487
                  99             431.246             8.57414            0.066073
                 100             407.379             8.56987           0.0655479
                   1             259.931             5.19862                   0
                   2             275.307             5.35237            0.153756
                   3              283.05             5.45525            0.135882
                   4             298.334             5.58311            0.159936
                   5             268.818             5.54176            0.130605
                   6             250.195             5.45212            0.139311
                   7             266.839             5.43564            0.118886
                   8             278.884             5.45339            0.104478
                   9             284.873             5.48051           0.0960491
                  10             269.992             5.47245            0.086287
                  11             252.959             5.43487           0.0866214
                  12              278.09             5.44545           0.0797784
                  13             310.228             5.50384           0.0937822
                  14             285.388             5.51841           0.0880387
                  15             263.516             5.50187           0.0836118
                  16             282.525             5.51116           0.0787614
                  17               273.2             5.50839           0.0740355
                  18             292.843             5.52775           0.0724364
                  19             281.435             5.53306           0.0687237
                  20             258.655             5.51506           0.0676356
                  21             257.141             5.49734           0.0667314
                  22             254.901             5.47919           0.0661643
                  23             277.869             5.48259           0.0633135
                  24             297.109             5.50174            0.063571
                  25             272.217             5.49944           0.0610184
                  26             276.981             5.50099           0.0586449
                  27             280.071             5.50471           0.0565536
                  28              250.33             5.48692           0.0573264
                  29             295.822             5.50173            0.057263
                  30             269.295             5.49787           0.0554559
                  31             259.102             5.48768           0.0545961
                  32             264.924             5.48177           0.0531921
                  33             277.171             5.48364           0.0515888
                  34             240.092             5.46358           0.0539164
                  35             287.608             5.47183           0.0529985
                  36             292.767             5.48248           0.0525955
                  37             277.291             5.48419           0.0511828
                  38             293.411              5.4943           0.0508324
                  39             240.513             5.47676           0.0525267
                  40             276.041             5.47786           0.0512085
                  41              302.19             5.49166           0.0518163
                  42             285.223             5.49673           0.0508207
                  43             300.403             5.50862           0.0510296
                  44             274.094             5.50801           0.0498601
                  45             278.209             5.50926           0.0487554
                  46             284.525              5.5132           0.0478463
                  47             288.714             5.51876           0.0471456
                  48             279.693             5.52032           0.0461794
                  49             283.815              5.5235           0.0453391
                  50             297.754             5.53214           0.0452538
                  51             274.366             5.53126           0.0443663
                  52             293.861             5.53791           0.0440105
                  53             249.308              5.5275           0.0444096
                  54             291.523             5.53311           0.0439391
                  55             243.552             5.52107            0.044781
                  56             264.494             5.51694           0.0441674
                  57             296.111             5.52405           0.0439644
                  58               299.9             5.53223           0.0439658
                  59             298.996             5.53981           0.0438754
                  60             271.942             5.53813           0.0431707
                  61             316.508             5.55112           0.0443981
                  62             292.034             5.55579           0.0439251
                  63             264.939             5.55171           0.0434144
                  64             287.201             5.55471           0.0428362
                  65             271.309             5.55273           0.0422184
                  66             267.704             5.54972           0.0416826
                  67             276.761             5.54951           0.0410563
                  68             293.516             5.55423           0.0407222
                  69             280.876             5.55514           0.0401382
                  70             268.133             5.55239           0.0396561
                  71             299.569             5.55858           0.0395795
                  72             285.382             5.56065           0.0390808
                  73             277.894             5.56061           0.0385417
                  74             277.423             5.56044           0.0380177
                  75             284.362             5.56213           0.0375454
                  76             283.959             5.56367           0.0370801
                  77             266.752             5.56071           0.0367156
                  78             275.093             5.55995           0.0362497
                  79             271.792             5.55838           0.0358224
                  80             298.442             5.56351            0.035742
                  81             277.541             5.56335           0.0352983
                  82             287.642             5.56566           0.0349416
                  83             263.565             5.56212           0.0346998
                  84             284.785             5.56371           0.0343211
                  85             266.156             5.56088           0.0340328
                  86             280.181             5.56138           0.0336384
                  87             283.118             5.56254           0.0332698
                  88             284.253             5.56393            0.032919
                  89             321.147             5.57358            0.033948
                  90             273.908             5.57252           0.0335854
                  91             269.024             5.57041           0.0332813
                  92              274.52             5.56954            0.032929
                  93             291.789              5.5724           0.0326986
                  94             306.927             5.57843           0.0329047
                  95              267.42               5.576           0.0326464
                  96             270.279             5.57423           0.0323533
                  97             287.663             5.57607           0.0320712
                  98             253.265             5.57086           0.0321673
                  99             269.628             5.56906           0.0318916
                 100             267.085             5.56679           0.0316528
                   1             205.541             4.11082                   0
                   2             209.988              4.1553           0.0444736
                   3             207.798             4.15552           0.0256778
                   4             189.252              4.0629           0.0943816
                   5             200.938             4.05407           0.0736389
                   6             189.312             4.00943           0.0748853
                   7             198.309             4.00325           0.0635904
                   8             220.675             4.05453           0.0752497
                   9             200.663             4.04995           0.0665223
                  10             214.304             4.07356           0.0640138
                  11             191.815             4.05199           0.0617895
                  12             194.476             4.03845            0.058008
                  13             190.468             4.02083           0.0561942
                  14             201.992             4.02219           0.0520435
                  15             183.105             3.99818           0.0540711
                  16             190.271             3.98613           0.0519939
                  17             199.572             3.98644           0.0488408
                  18             192.064             3.97838           0.0467484
                  19             201.636             3.98124            0.044312
                  20             204.284             3.98646           0.0423612
                  21             202.862             3.98983           0.0404343
                  22             196.815              3.9874           0.0386293
                  23             199.313             3.98735           0.0369116
                  24             202.977             3.99036           0.0354679
                  25             203.053             3.99319            0.034137
                  26             192.533             3.98771           0.0332527
                  27             195.754             3.98502           0.0321103
                  28             196.243             3.98287           0.0310167
                  29             201.178             3.98427            0.029961
                  30             198.899             3.98406           0.0289458
                  31             192.991             3.98005           0.0282819
                  32             199.985             3.98067           0.0273907
                  33             196.774              3.9793            0.026583
                  34             210.412             3.98603            0.026654
                  35              212.39             3.99351           0.0269402
                  36             193.802             3.99025           0.0263837
                  37             209.014             3.99538           0.0261697
                  38             194.719             3.99273             0.02561
                  39             205.479             3.99572            0.025124
                  40             204.887             3.99827           0.0246203
                  41             194.114             3.99544           0.0241784
                  42             199.809             3.99546           0.0235957
                  43              193.06             3.99234            0.023251
                  44             183.378             3.98496           0.0238855
                  45             204.371             3.98723           0.0234594
                  46              187.01             3.98186           0.0235639
                  47             196.688             3.98084           0.0230798
                  48             196.112             3.97962           0.0226268
                  49              206.44             3.98266           0.0223684
                  50             201.869             3.98376           0.0219438
                  51             191.496             3.98074           0.0217197
                  52             180.905             3.97377           0.0224106
                  53             204.244             3.97586           0.0220834
                  54             205.886             3.97849           0.0218292
                  55             187.817             3.97445            0.021806
                  56              205.03              3.9767           0.0215312
                  57             192.267              3.9744           0.0212753
                  58             212.457             3.97914           0.0214352
                  59             195.822             3.97807           0.0210956
                  60             181.564             3.97229           0.0215313
                  61             194.669               3.971           0.0212149
                  62             192.433             3.96903            0.020963
                  63             214.028             3.97397            0.021212
                  64             185.874             3.96996           0.0212591
                  65             200.694             3.97064           0.0209403
                  66             185.856              3.9668           0.0209753
                  67             205.984             3.96908           0.0207855
                  68             205.676             3.97121           0.0205875
                  69             179.892             3.96579           0.0209961
                  70             191.667              3.9639           0.0207803
                  71             197.835              3.9638           0.0204858
                  72              226.14             3.97156           0.0216399
                  73             192.416             3.96988           0.0214081
                  74             197.491             3.96961           0.0211186
                  75             214.707             3.97393           0.0212797
                  76             187.057             3.97087             0.02122
                  77             211.651             3.97427           0.0212176
                  78             199.457             3.97446           0.0209447
                  79             186.888             3.97147           0.0208938
                  80             182.822             3.96753           0.0210034
                  81             210.525             3.97053           0.0209583
                  82             203.846             3.97183           0.0207417
                  83             194.364             3.97081           0.0205156
                  84             200.731             3.97133           0.0202766
                  85             200.823             3.97186           0.0200437
                  86             203.508               3.973           0.0198422
                  87              206.79             3.97488           0.0197019
                  88             205.997             3.97652           0.0195463
                  89             197.179             3.97615            0.019329
                  90             195.355             3.97539           0.0191284
                  91             203.468             3.97642           0.0189452
                  92             203.218             3.97738           0.0187625
                  93              190.62              3.9756           0.0186443
                  94             202.154             3.97632           0.0184588
                  95                 195             3.97552           0.0182811
                  96             212.453             3.97837           0.0183127
                  97             203.312             3.97927           0.0181456
                  98             190.112             3.97746           0.0180501
                  99             191.856             3.97605            0.017923
                 100             200.035             3.97629           0.0177446
                   1             154.892             3.09783                   0
                   2              151.96             3.06851             0.02932
                   3             154.291             3.07429           0.0178847
                   4             150.465             3.05804           0.0205877
                   5             137.777             2.99754            0.062567
                   6              152.06             3.00482           0.0516015
                   7             136.769             2.96632           0.0581687
                   8             143.663             2.95469           0.0517014
                   9             142.632             2.94335           0.0469853
                  10             148.905             2.94683           0.0421683
                  11             145.613             2.94368           0.0382718
                  12             133.211              2.9204           0.0419874
                  13              144.53             2.91811           0.0386907
                  14             151.399             2.92595           0.0366703
                  15             149.126             2.92972           0.0343458
                  16             149.327             2.93328           0.0323232
                  17             161.065             2.95022           0.0347697
                  18             152.815             2.95611           0.0333067
                  19             156.049             2.96479           0.0326781
                  20             144.573             2.96112           0.0312172
                  21             137.025             2.95062           0.0314971
                  22             151.953             2.95464           0.0302993
                  23             150.758             2.95727           0.0290713
                  24             151.006             2.95989           0.0279566
                  25              146.81             2.95894           0.0268317
                  26             155.096             2.96444           0.0263591
                  27             151.858             2.96713           0.0255067
                  28               149.8             2.96816           0.0246005
                  29             151.631             2.97039           0.0238409
                  30             142.521             2.96639           0.0233771
                  31             146.129             2.96497           0.0226545
                  32             146.415             2.96383            0.021965
                  33             146.792             2.96298           0.0213059
                  34             151.763             2.96511           0.0207788
                  35             149.056             2.96556           0.0201816
                  36             155.832             2.96976           0.0200569
                  37             150.603              2.9709           0.0195408
                  38             151.607             2.97252           0.0190877
                  39             145.733             2.97103           0.0186509
                  40             160.687              2.9771           0.0191647
                  41             146.901             2.97615           0.0187157
                  42             137.994               2.971           0.0189766
                  43             143.462             2.96863           0.0186805
                  44             145.537             2.96731           0.0182983
                  45             148.276             2.96727           0.0178871
                  46             141.354             2.96423           0.0177574
                  47             142.418             2.96176           0.0175495
                  48             152.956             2.96379           0.0172993
                  49             156.087             2.96701           0.0172465
                  50             157.471             2.97066           0.0172874
                  51             139.739             2.96721           0.0172924
                  52             151.889             2.96857           0.0170108
                  53              140.31             2.96551           0.0169656
                  54             153.085             2.96729           0.0167435
                  55             147.143             2.96684           0.0164423
                  56             152.932             2.96848            0.016229
                  57             148.674             2.96857           0.0159419
                  58             145.991             2.96773           0.0156872
                  59             150.796             2.96855           0.0154406
                  60             150.471             2.96923           0.0151964
                  61              145.29             2.96819           0.0149813
                  62             142.002             2.96612           0.0148819
                  63             147.641             2.96591           0.0146453
                  64              147.26             2.96559           0.0144183
                  65             157.335             2.96837           0.0144656
                  66             152.603             2.96964           0.0143011
                  67             147.209             2.96926           0.0140911
                  68             147.203             2.96889           0.0138873
                  69             143.423             2.96743           0.0137618
                  70             140.112             2.96507           0.0137675
                  71             160.587             2.96855           0.0140098
                  72             146.084              2.9679           0.0138292
                  73             146.675             2.96743           0.0136465
                  74             136.444              2.9642           0.0138415
                  75             163.556              2.9683           0.0142557
                  76             151.914             2.96922           0.0140969
                  77             144.188             2.96811           0.0139569
                  78             150.394             2.96862           0.0137862
                  79             153.693             2.96995           0.0136756
                  80             155.637             2.97173            0.013621
                  81             144.985             2.97084           0.0134812
                  82             154.096              2.9722           0.0133845
                  83             142.105             2.97063           0.0133148
                  84             147.376             2.97036           0.0131582
                  85             144.464              2.9694           0.0130375
                  86             160.033             2.97209           0.0131626
                  87               145.9             2.97147           0.0130253
                  88             149.503             2.97168           0.0128781
                  89             157.139              2.9736           0.0128769
                  90             155.631             2.97515           0.0128264
                  91             150.251             2.97548           0.0126889
                  92             148.039             2.97532           0.0125512
                  93             147.975             2.97515           0.0124167
                  94             141.896             2.97369           0.0123704
                  95             153.849             2.97477           0.0122876
                  96             156.718             2.97644           0.0122721
                  97             136.548             2.97391           0.0124058
                  98             140.411             2.97221           0.0123944
                  99              148.28             2.97215           0.0122687
                 100             158.988             2.97422           0.0123216
                   1             111.366             2.22732                   0
                   2              114.57             2.25936           0.0320335
                   3             112.121             2.25371           0.0193376
                   4             111.047             2.24552           0.0159409
                   5             117.969             2.26829           0.0259042
                   6             118.165             2.28412           0.0264226
                   7             114.557             2.28513           0.0223536
                   8             119.574             2.29842           0.0234842
                   9             111.878             2.29166           0.0217869
                  10             113.497             2.28949           0.0196075
                  11             114.793             2.29007           0.0177451
                  12             119.345             2.29814           0.0180972
                  13             116.934             2.30125           0.0169367
                  14             116.286               2.303           0.0157773
                  15             114.846              2.3026           0.0146935
                  16             124.706             2.31457           0.0182259
                  17              116.25             2.31518           0.0171312
                  18             111.776             2.31075           0.0167468
                  19             116.527              2.3118           0.0158751
                  20             123.425             2.31963           0.0169767
                  21             112.026             2.31586           0.0165816
                  22             121.347             2.32091           0.0165965
                  23             123.329             2.32725           0.0170764
                  24             116.802             2.32761           0.0163535
                  25             120.154             2.33063           0.0159736
                  26             117.037             2.33102           0.0153518
                  27             123.407              2.3361           0.0156209
                  28             110.656             2.33171           0.0156803
                  29             116.354             2.33155           0.0151308
                  30             113.658              2.3296           0.0147468
                  31             112.878             2.32728           0.0144512
                  32             120.443             2.32983           0.0142228
                  33             120.444             2.33222           0.0139917
                  34             112.835                2.33           0.0137544
                  35             113.652             2.32837           0.0134545
                  36             110.619             2.32515           0.0134665
                  37             119.246             2.32677           0.0131968
                  38             119.106             2.32822           0.0129271
                  39             116.308             2.32817           0.0125914
                  40             111.076              2.3255           0.0125589
                  41              115.39             2.32507           0.0122563
                  42             120.861             2.32727           0.0121605
                  43             114.738             2.32651           0.0118984
                  44             127.558             2.33162           0.0126966
                  45             121.723              2.3339             0.01262
                  46             121.223             2.33587           0.0124986
                  47             109.924             2.33295           0.0125743
                  48             118.475             2.33371            0.012333
                  49             119.049             2.33467           0.0121172
                  50             114.501             2.33378           0.0119059
                  51             116.875             2.33385           0.0116704
                  52             113.064             2.33246           0.0115285
                  53             123.893              2.3352           0.0116369
                  54             114.879              2.3345           0.0114406
                  55             116.406             2.33439           0.0112313
                  56             119.755             2.33547            0.011082
                  57             113.982             2.33449           0.0109299
                  58             119.475             2.33544           0.0107816
                  59             116.907             2.33549           0.0105974
                  60             115.335             2.33501           0.0104303
                  61             114.639             2.33431           0.0102812
                  62             124.001             2.33666           0.0103834
                  63             121.612             2.33818           0.0103293
                  64             125.667             2.34092           0.0105286
                  65             112.934             2.33965           0.0104423
                  66             123.182             2.34153            0.010453
                  67             116.925             2.34149           0.0102959
                  68             114.875             2.34084            0.010164
                  69             116.966             2.34082           0.0100156
                  70             117.662             2.34099          0.00987308
                  71             115.244             2.34049          0.00974631
                  72             119.243              2.3411          0.00962973
                  73             117.797             2.34131          0.00949907
                  74             120.054             2.34211          0.00940459
                  75             116.332             2.34191          0.00928064
                  76             116.156             2.34166          0.00916105
                  77             114.198             2.34091           0.0090723
                  78             123.721             2.34262          0.00911734
                  79             128.529             2.34551           0.0094524
                  80             114.937             2.34492          0.00935179
                  81             116.754              2.3448          0.00923642
                  82             113.087             2.34379          0.00917913
                  83              113.66             2.34294          0.00910767
                  84             115.823             2.34262          0.00900411
                  85             109.958             2.34094          0.00905622
                  86             121.922             2.34207          0.00902182
                  87             115.716             2.34175          0.00892322
                  88             117.014             2.34173          0.00882126
                  89             120.706             2.34255          0.00875943
                  90             117.432             2.34261          0.00866182
                  91             121.942             2.34367          0.00863111
                  92             125.284             2.34543          0.00871651
                  93             116.438             2.34525          0.00862413
                  94              117.62             2.34533          0.00853223
                  95             114.002             2.34464          0.00846987
                  96             116.883             2.34457          0.00838149
                  97             116.773             2.34448          0.00829516
                  98             113.645             2.34375           0.0082425
                  99             117.153             2.34374          0.00815882
                 100             111.255             2.34255          0.00816348
                   1             97.1353             1.94271                   0
                   2             95.7791             1.92914           0.0135624
                   3             89.8254             1.88493           0.0448998
                   4             97.9398              1.9034           0.0367285
                   5             96.6868             1.90947           0.0290897
                   6             96.4254             1.91264           0.0239627
                   7             99.4153             1.92345           0.0229564
                   8             97.6461             1.92713           0.0202193
                   9             93.2798              1.9203           0.0190977
                  10             94.8106             1.91789           0.0172505
                  11             90.9706             1.90893           0.0179894
                  12             92.9014             1.90469           0.0169611
                  13             87.3181             1.89251           0.0197928
                  14             88.6431             1.88397           0.0202196
                  15             96.2405             1.88669           0.0190194
                  16             92.3699             1.88423           0.0179597
                  17             93.7202             1.88366           0.0168801
                  18             95.5099             1.88513           0.0159828
                  19             92.6508             1.88344           0.0152124
                  20             93.4096             1.88268           0.0144519
                  21              92.872             1.88148           0.0137989
                  22             89.9882             1.87776            0.013671
                  23             97.9285             1.88128           0.0135273
                  24             91.7511             1.87935            0.013094
                  25             95.1071             1.88026           0.0125924
                  26             94.6068             1.88072            0.012107
                  27             96.9468             1.88287           0.0118478
                  28             92.9007             1.88198           0.0114513
                  29             97.2734             1.88417           0.0112642
                  30             94.6767             1.88449           0.0108867
                  31               96.16             1.88573           0.0106034
                  32             94.6915             1.88599           0.0102699
                  33             95.1856             1.88652          0.00996827
                  34             93.6035              1.8861          0.00967998
                  35             91.8214             1.88468          0.00950588
                  36              89.848             1.88224            0.009554
                  37             99.1496             1.88497          0.00968295
                  38              100.12             1.88806          0.00991834
                  39              99.692             1.89077           0.0100342
                  40             94.9148             1.89096          0.00978196
                  41             95.4174             1.89138          0.00954982
                  42             91.8896             1.89011          0.00940661
                  43             97.1226             1.89132          0.00926556
                  44             94.3219             1.89121          0.00905321
                  45             90.6165             1.88946          0.00902168
                  46             101.668             1.89259          0.00936153
                  47             95.3369             1.89289          0.00916513
                  48             95.8809              1.8934          0.00898694
                  49             91.5024             1.89211          0.00889609
                  50             96.2812             1.89278          0.00874208
                  51             92.4078             1.89191          0.00861351
                  52             97.9809             1.89321          0.00854603
                  53             92.0854             1.89224          0.00843936
                  54             100.504             1.89442          0.00856435
                  55             98.0955             1.89565          0.00849628
                  56             99.9955             1.89751           0.0085484
                  57             93.2191             1.89693          0.00841718
                  58             102.896              1.8997          0.00872416
                  59             93.4579             1.89918          0.00859064
                  60             93.3515             1.89865          0.00846323
                  61             97.5793             1.89952          0.00836845
                  62             98.3991             1.90062           0.0083061
                  63             94.0459             1.90031          0.00817918
                  64              94.096             1.90002          0.00805549
                  65             94.1729             1.89977          0.00793468
                  66             94.4821             1.89961          0.00781504
                  67             94.6245             1.89951          0.00769825
                  68             100.212             1.90105          0.00773899
                  69             95.2002             1.90109          0.00762613
                  70             96.7031             1.90156          0.00753114
                  71             95.1075             1.90157          0.00742431
                  72             94.3661             1.90137          0.00732314
                  73             92.1635             1.90058          0.00726585
                  74             97.7708             1.90132          0.00720521
                  75             93.6842             1.90095          0.00711803
                  76             95.7391             1.90113          0.00702611
                  77             95.8372             1.90133          0.00693722
                  78             92.5927              1.9007          0.00687702
                  79             94.2426              1.9005          0.00679238
                  80              94.684             1.90041          0.00670748
                  81             93.8967             1.90013          0.00662996
                  82             98.5181             1.90099          0.00660437
                  83             95.4816              1.9011          0.00652515
                  84             99.6485             1.90219          0.00653912
                  85             98.0894             1.90289          0.00649966
                  86              94.404             1.90272          0.00642595
                  87             92.3306             1.90207          0.00638431
                  88             97.2638             1.90256          0.00633041
                  89             93.4193             1.90218          0.00627065
                  90             95.4212             1.90225          0.00620097
                  91             93.3351             1.90186          0.00614488
                  92             95.0932             1.90186          0.00607772
                  93             96.5772             1.90218          0.00602048
                  94             94.3402             1.90201          0.00595833
                  95             95.6104             1.90212          0.00589626
                  96               92.72             1.90162          0.00585565
                  97             100.829             1.90281          0.00591492
                  98             95.4289             1.90287          0.00585454
                  99             94.1593             1.90267          0.00579852
                 100             95.8847             1.90282           0.0057422
                   1             87.0517             1.74103                   0
                   2             79.6984              1.6675            0.073533
                   3              78.325             1.63383           0.0541833
                   4             80.9018             1.62988           0.0385164
                   5             80.6147             1.62637           0.0300414
                   6             82.7613             1.63118           0.0249958
                   7              77.229             1.61881            0.024481
                   8             78.5875             1.61292            0.022002
                   9             76.9565             1.60472           0.0210651
                  10             79.8495             1.60395           0.0188571
                  11             80.8378             1.60511           0.0170966
                  12             77.3168             1.60022           0.0163576
                  13             79.9978              1.6002           0.0150468
                  14             79.4984             1.59947           0.0139498
                  15             82.2666             1.60252           0.0133417
                  16             78.6333             1.60066           0.0126187
                  17              79.328             1.59983           0.0118822
                  18             78.4307             1.59809           0.0113361
                  19             81.2099             1.59947           0.0108105
                  20             78.7678             1.59826           0.0103264
                  21             81.0746             1.59937          0.00988443
                  22             81.0752             1.60037          0.00947799
                  23             83.0724             1.60303          0.00943779
                  24                  82             1.60457          0.00916636
                  25             81.0525             1.60523          0.00881674
                  26             73.6058             1.60011          0.00989783
                  27             80.6497             1.60059          0.00953614
                  28              82.349             1.60224          0.00933743
                  29             77.8973             1.60072          0.00913827
                  30             75.3987             1.59763          0.00935402
                  31             79.1317             1.59714          0.00906016
                  32             79.1103             1.59667          0.00878487
                  33             76.4848             1.59465          0.00875308
                  34             79.0102             1.59422          0.00850235
                  35             81.9105             1.59548          0.00835097
                  36             83.4048             1.59749          0.00836261
                  37             79.8543             1.59748          0.00813346
                  38             77.2724             1.59611          0.00803409
                  39             80.9031             1.59668          0.00784559
                  40             78.3862             1.59595          0.00768111
                  41             82.6579             1.59735          0.00762025
                  42             77.3085             1.59613          0.00753577
                  43              83.571             1.59788          0.00756389
                  44             76.8597              1.5965          0.00751759
                  45             79.6685             1.59643          0.00734896
                  46             79.7885             1.59642          0.00718744
                  47             80.6365             1.59676          0.00704142
                  48             81.7416             1.59756          0.00693863
                  49             79.4837              1.5974          0.00679746
                  50             80.0971             1.59749          0.00666074
                  51              78.032             1.59677          0.00656869
                  52             79.2424             1.59654           0.0064452
                  53             78.6015             1.59607          0.00633931
                  54             77.9911              1.5954          0.00625693
                  55             78.2724             1.59486          0.00616621
                  56             82.9812             1.59601          0.00616456
                  57             80.4173             1.59623           0.0060593
                  58             76.4456             1.59507          0.00606599
                  59             84.3626             1.59663          0.00616361
                  60             79.7645             1.59661          0.00606005
                  61             83.5434             1.59783          0.00608293
                  62             81.5165             1.59835          0.00600693
                  63             79.4063             1.59819          0.00591304
                  64             75.9944             1.59697          0.00594713
                  65             78.1137             1.59643          0.00587919
                  66             79.0569              1.5962          0.00579407
                  67             79.7295             1.59618          0.00570698
                  68             77.4776             1.59549          0.00566408
                  69             79.5431             1.59542          0.00558179
                  70             83.3083             1.59643          0.00559353
                  71             81.0411             1.59678          0.00552487
                  72             79.5356             1.59669          0.00544825
                  73             81.4543             1.59714          0.00539139
                  74              78.915             1.59688          0.00532412
                  75             77.4456             1.59624          0.00529145
                  76             75.7648             1.59518          0.00532889
                  77             78.8625             1.59495          0.00526438
                  78             81.3959             1.59537          0.00521362
                  79             78.7531             1.59511          0.00515361
                  80              83.197             1.59597            0.005161
                  81             82.8623             1.59673          0.00515272
                  82             81.3602              1.5971          0.00510305
                  83             77.3998             1.59651          0.00507578
                  84             81.3741             1.59688          0.00502853
                  85             80.6095             1.59706          0.00497229
                  86             76.6257             1.59631           0.0049711
                  87             86.0618             1.59774          0.00511916
                  88             79.7561             1.59771          0.00506075
                  89             78.9468              1.5975          0.00500801
                  90             84.7053             1.59857          0.00506704
                  91              81.555             1.59893          0.00502378
                  92             79.6964             1.59888          0.00496918
                  93             81.3356             1.59918          0.00492456
                  94             80.9808             1.59939          0.00487674
                  95             78.3436             1.59905          0.00483726
                  96             82.2917             1.59954          0.00481135
                  97             78.8108              1.5993          0.00476755
                  98             83.8932              1.6001          0.00478627
                  99             76.1875             1.59933          0.00480004
                 100             78.9274             1.59912          0.00475634
                   1              68.186             1.36372                   0
                   2              68.108             1.36294             0.00078
                   3             66.8188             1.35409          0.00886611
                   4             66.5292             1.34821          0.00859206
                   5             66.6738             1.34526          0.00727858
                   6             69.5604             1.35292          0.00969305
                   7             69.6686              1.3587           0.0100252
                   8             67.9062             1.35863          0.00868239
                   9             67.9666             1.35871          0.00765755
                  10             64.9034             1.35264          0.00914767
                  11             64.4374             1.34683           0.0101096
                  12              67.512             1.34712          0.00923315
                  13              67.476              1.3473          0.00849527
                  14               69.21             1.34994          0.00829493
                  15              68.198             1.35087          0.00777854
                  16             68.8386             1.35249          0.00745404
                  17             65.2708             1.34972          0.00752954
                  18             67.8742             1.35015            0.007112
                  19               69.29             1.35203            0.006984
                  20             66.0906             1.35052          0.00679569
                  21             66.7232             1.34975          0.00650904
                  22             68.6468             1.35081          0.00629494
                  23              64.628             1.34828          0.00652642
                  24              69.434             1.34996          0.00647139
                  25             68.3584             1.35065           0.0062452
                  26             64.3722             1.34822          0.00647391
                  27              67.849             1.34854          0.00623797
                  28             68.1718             1.34907          0.00603456
                  29             63.5718              1.3464           0.0064087
                  30             68.1422             1.34694          0.00621562
                  31             70.2942             1.34885          0.00630526
                  32              68.702             1.34963          0.00615561
                  33             68.4036             1.35019          0.00599227
                  34             69.3092             1.35125          0.00590895
                  35             68.4754             1.35177          0.00576131
                  36             66.6638             1.35126          0.00562251
                  37             70.4938             1.35284           0.0056933
                  38              67.597             1.35282          0.00554151
                  39              66.355             1.35216          0.00543768
                  40             66.1748             1.35144          0.00534822
                  41             65.9864             1.35067          0.00527318
                  42             68.4496             1.35111          0.00516456
                  43              66.708             1.35071           0.0050584
                  44             69.5258             1.35162          0.00502421
                  45             69.3238             1.35239          0.00497202
                  46             71.6186             1.35413          0.00516423
                  47             67.4136               1.354           0.0050547
                  48             65.7724              1.3532          0.00501305
                  49             66.4978             1.35273          0.00493254
                  50             67.2596             1.35258          0.00483523
                  51             67.1172             1.35238          0.00474372
                  52             69.6372             1.35315          0.00471593
                  53             67.4616             1.35308          0.00462669
                  54             71.6848             1.35457          0.00477936
                  55             67.5654             1.35451          0.00469203
                  56             67.2954             1.35436          0.00461004
                  57             69.9822             1.35515          0.00459761
                  58             65.1414             1.35425          0.00460684
                  59             64.5656             1.35318          0.00465204
                  60             70.2974             1.35406          0.00465763
                  61              65.322             1.35328          0.00464669
                  62             67.3802             1.35319          0.00457205
                  63             68.8108             1.35356          0.00451371
                  64             66.4406             1.35317          0.00445942
                  65             66.6672             1.35286          0.00440086
                  66             69.0984             1.35331          0.00435604
                  67             67.8454             1.35336          0.00429087
                  68             70.6406             1.35423          0.00431676
                  69             63.5258             1.35302          0.00442339
                  70             67.5388             1.35299          0.00435986
                  71             67.1212             1.35284          0.00430059
                  72             67.0086             1.35266          0.00424409
                  73             66.1118             1.35225          0.00420625
                  74             65.0016             1.35154          0.00420859
                  75             70.6938             1.35237          0.00423446
                  76             69.3332             1.35282          0.00420267
                  77             66.8818             1.35263          0.00415242
                  78             67.0838             1.35249          0.00410124
                  79             67.6692              1.3525          0.00404901
                  80             66.1292             1.35212          0.00401552
                  81              69.388             1.35256          0.00398997
                  82             66.6322             1.35232          0.00394849
                  83             64.2658             1.35151          0.00398329
                  84             66.0138             1.35114          0.00395311
                  85              66.899             1.35099          0.00390939
                  86             66.8358             1.35082          0.00386723
                  87             70.7682             1.35156          0.00389385
                  88             67.7154             1.35159          0.00384947
                  89             69.1726             1.35195          0.00382277
                  90             65.3852             1.35146          0.00381189
                  91              66.312             1.35118          0.00377995
                  92             66.4328             1.35094          0.00374664
                  93             68.3442             1.35111           0.0037101
                  94             67.7088             1.35114          0.00367057
                  95             66.4468             1.35091          0.00363924
                  96             68.5192             1.35111          0.00360684
                  97             70.4328              1.3517          0.00361842
                  98             70.5838             1.35232          0.00363322
                  99             66.5584              1.3521          0.00360267
                 100             69.8758             1.35256          0.00359526
