0.5           -0.973893          0.00061226            0.332662            0.333836          -0.0875942            0.044298             78.9563            0.623614
0.65            -0.91376         0.000615012            0.425389            0.188998         -0.00942616           0.0145534             32.3252            0.428682
0.8           -0.847735         0.000382383            0.438788           0.0716218         -0.00266268          0.00550551             14.9789            0.127381
0.95           -0.782395         0.000277005            0.429152           0.0339405         -0.00124668          0.00315479             8.56987           0.0655479
1.1           -0.720558         0.000266147            0.396503           0.0224582          0.00047132          0.00226094             5.56679           0.0316528
1.25           -0.664392         0.000223767            0.357478           0.0135427          0.00143476          0.00173929             3.97629           0.0177446
1.4            -0.61329         0.000225615             0.31822          0.00999233           -0.000623           0.0013718             2.97422           0.0123216
1.55           -0.568513           0.0002081            0.282381          0.00698882           0.0009234          0.00107903             2.34255          0.00816348
1.7           -0.528641         0.000194274            0.249369          0.00499195         -0.00037712         0.000999635             1.90282           0.0057422
1.85           -0.493624         0.000186556            0.221072          0.00380109          0.00036608         0.000835232             1.59912          0.00475634
2           -0.462208         0.000204847             0.19679          0.00336032          0.00050256         0.000647316             1.35256          0.00359526
