0.5            -1.00443         0.000613812            0.245742             0.34319            0.891284           0.0119921             90.9992            0.408855
0.65           -0.939139         0.000692771            0.525921            0.217359            0.548317          0.00875829             42.8635            0.367432
0.8           -0.861669         0.000497002            0.497116           0.0949181            0.302185          0.00568203               18.71            0.198637
0.95            -0.78991         0.000328379            0.456926           0.0408566            0.175705          0.00294834             9.83525           0.0714082
1.1           -0.724578         0.000290941            0.409783           0.0248556             0.11189          0.00195685              6.0501           0.0377894
1.25           -0.666927         0.000254096            0.364658           0.0153479           0.0804702          0.00148956             4.16132           0.0186262
1.4           -0.615509         0.000208575            0.321363          0.00933624           0.0600742          0.00122136             3.10984           0.0121793
1.55           -0.569957         0.000205989            0.284316          0.00692971           0.0474487         0.000919111             2.41819          0.00863789
1.7           -0.529947         0.000180813            0.251458          0.00469087            0.039124           0.0008172             1.94913          0.00578976
1.85           -0.494518         0.000192704            0.222534          0.00394778           0.0316635         0.000717192             1.62539          0.00530376
2           -0.463086         0.000181429            0.197799          0.00296145           0.0262226         0.000655685             1.37581          0.00356726
