                   1            -41.5206           -0.830412                   0
                   2             -6.3902           -0.479108            0.351304
                   3             33.4756          -0.0962347            0.433278
                   4              9.2104           -0.026124            0.314294
                   5             25.7644           0.0821584            0.266446
                   6              2.5858           0.0770847            0.217611
                   7            -39.0652          -0.0455423            0.221048
                   8            -35.2998           -0.128099            0.208476
                   9               8.633          -0.0946813            0.186871
                  10            -26.0194           -0.137252            0.172478
                  11             16.8616          -0.0941171            0.161866
                  12             -1.1126          -0.0881283            0.147884
                  13            -46.1284           -0.152316            0.150417
                  14              25.374           -0.105188            0.147017
                  15              4.9902          -0.0915216            0.137546
                  16            -42.1248           -0.138458            0.136956
                  17              11.163            -0.11718            0.130396
                  18            -20.9342            -0.13393            0.124074
                  19            -17.8054           -0.145624            0.117944
                  20             -5.5876            -0.14393            0.111904
                  21            -44.4512           -0.179411              0.1122
                  22              5.9298           -0.165865            0.107832
                  23             23.2708           -0.138418             0.10663
                  24              -7.854           -0.139196            0.102094
                  25            -35.5122           -0.162038            0.100554
                  26             27.8622           -0.134373            0.100492
                  27             37.8016           -0.101395            0.102167
                  28             -19.527           -0.111722           0.0989907
                  29            -25.8968           -0.125729           0.0965379
                  30             -1.2768           -0.122389           0.0933242
                  31             -14.537            -0.12782           0.0904268
                  32            -21.6302           -0.137344           0.0880719
                  33            -37.5098           -0.155916           0.0873582
                  34            -20.3886           -0.163323            0.085073
                  35             -30.087           -0.175849           0.0835509
                  36             -39.686           -0.193012            0.082991
                  37             -0.2596           -0.187936           0.0808763
                  38             44.8596            -0.15938           0.0837386
                  39              6.9922           -0.151708           0.0819233
                  40             -16.679           -0.156255           0.0799783
                  41            -20.5124            -0.16245           0.0782488
                  42              9.1368           -0.154231           0.0768041
                  43            -36.8326           -0.167776           0.0762099
                  44              8.6748           -0.160019           0.0748606
                  45             -4.9962           -0.158684           0.0731904
                  46               1.884           -0.154415           0.0717087
                  47              6.8346           -0.148221           0.0704393
                  48              8.1954           -0.141719           0.0692621
                  49            -24.4078           -0.148789           0.0682013
                  50            -19.9334           -0.153786             0.06701
                  51            -17.5728           -0.157662           0.0657972
                  52             25.9168           -0.144662           0.0658161
                  53              1.6698           -0.141303           0.0646497
                  54             10.5338           -0.134785           0.0637752
                  55              5.0482           -0.130498           0.0627514
                  56            -27.4938           -0.137987           0.0620741
                  57            -18.8992           -0.142198           0.0611205
                  58             15.4512           -0.134418           0.0605593
                  59            -42.2864           -0.146474           0.0607327
                  60             44.1558           -0.129314           0.0621286
                  61             36.7744           -0.115137           0.0627248
                  62            -21.8152           -0.120317           0.0619219
                  63             -8.2914            -0.12104           0.0609353
                  64             -19.953           -0.125384           0.0601328
                  65             -7.5044           -0.125764           0.0592017
                  66             11.6462           -0.120329           0.0585505
                  67             10.9722           -0.115258           0.0578926
                  68             -16.175            -0.11832            0.057117
                  69             11.7964           -0.113186           0.0565168
                  70             15.9288           -0.107018            0.056044
                  71            -13.6642            -0.10936           0.0552986
                  72             13.4666             -0.1041           0.0547783
                  73             -8.6764           -0.105051           0.0540311
                  74             -9.7332           -0.106262           0.0533097
                  75             -3.4554           -0.105767           0.0525964
                  76             17.7528          -0.0997035           0.0522527
                  77              0.1436          -0.0983714           0.0515869
                  78            -19.7236           -0.102168           0.0510625
                  79            -46.3128           -0.112599           0.0514799
                  80             -14.159           -0.114731           0.0508771
                  81              7.7426           -0.111403           0.0503551
                  82             -3.4028           -0.110874           0.0497401
                  83               2.112            -0.10903           0.0491718
                  84              7.2082           -0.106016           0.0486763
                  85              40.475          -0.0952448           0.0492914
                  86              1.5368          -0.0937799           0.0487369
                  87            -17.8822          -0.0968128           0.0482688
                  88            -12.4932           -0.098552           0.0477488
                  89            -30.6204           -0.104326            0.047561
                  90              9.7506              -0.101            0.047147
                  91              17.338          -0.0960793            0.046885
                  92              9.8806           -0.092887           0.0464823
                  93              9.4568          -0.0898545           0.0460797
                  94            -28.5406           -0.094971           0.0458731
                  95            -10.8846          -0.0962628            0.045406
                  96             12.7332          -0.0926073            0.045079
                  97             40.1092          -0.0833827           0.0455556
                  98            -19.7702          -0.0865666           0.0452006
                  99              -7.259          -0.0871586           0.0447456
                 100             -6.5356          -0.0875942            0.044298
                   1              -0.816            -0.01632                   0
                   2             -9.8532           -0.106692            0.090372
                   3              10.468         -0.00134133            0.117563
                   4            -13.9582           -0.070797            0.108327
                   5              3.5438          -0.0424624           0.0885643
                   6            -10.5832          -0.0706627           0.0776167
                   7              3.9554          -0.0492669           0.0689992
                   8               2.435           -0.037021           0.0609969
                   9              -12.53           -0.060752           0.0587961
                  10              -3.267          -0.0612108           0.0525908
                  11              0.2832          -0.0551313           0.0479571
                  12              4.6552          -0.0427783           0.0454881
                  13             -2.5408          -0.0433966           0.0418475
                  14             -0.9012          -0.0415843           0.0387856
                  15              9.8634          -0.0256608           0.0394627
                  16              -3.102          -0.0279345            0.036984
                  17             -14.946          -0.0438748           0.0382229
                  18              7.9304          -0.0326258           0.0377518
                  19              4.5746          -0.0260933           0.0363022
                  20                6.13          -0.0186586           0.0352326
                  21             -6.0098          -0.0234937           0.0338599
                  22              6.2688          -0.0167269           0.0329857
                  23              1.3254          -0.0148471           0.0315749
                  24             -3.5812          -0.0172128           0.0303231
                  25              -5.809          -0.0211715           0.0293531
                  26             -2.9268          -0.0226086           0.0282381
                  27              6.0668          -0.0172773           0.0276902
                  28              12.625         -0.00764243           0.0283692
                  29             -6.8468          -0.0121008           0.0277342
                  30              8.3508         -0.00613027           0.0274509
                  31             -2.2562         -0.00738813           0.0265804
                  32              -2.568         -0.00876225           0.0257731
                  33             -12.263          -0.0159288           0.0259876
                  34              3.2108          -0.0135716           0.0253216
                  35             14.6608         -0.00480629           0.0261032
                  36              4.6692         -0.00207878           0.0255139
                  37             -6.1068         -0.00532357            0.025026
                  38               0.502         -0.00491926           0.0243619
                  39              9.9886         0.000329231           0.0243025
                  40              6.4746           0.0035583           0.0239063
                  41             -3.7182          0.00165776           0.0233932
                  42            -11.3838         -0.00380257           0.0234734
                  43              -4.073         -0.00560856            0.022992
                  44             -1.8474         -0.00632082           0.0224747
                  45              0.0518         -0.00615733           0.0219702
                  46             -5.7942          -0.0085427           0.0216192
                  47              0.2246         -0.00826536           0.0211561
                  48               8.272          -0.0046465           0.0210244
                  49              9.9972        -0.000471184             0.02101
                  50             15.6962          0.00581672           0.0215244
                  51              0.5302          0.00591059           0.0210983
                  52              6.1192          0.00815046           0.0208095
                  53              1.5608          0.00858566           0.0204177
                  54             -5.8956          0.00624311           0.0201725
                  55             -8.2202          0.00314044            0.020044
                  56              -4.264           0.0015615            0.019746
                  57              1.2714          0.00198021            0.019401
                  58              4.0208          0.00333255           0.0191115
                  59             -1.3074          0.00283288           0.0187914
                  60               -4.79            0.001189           0.0185486
                  61             -1.6572         0.000626164           0.0182506
                  62               4.371          0.00202606           0.0180083
                  63              9.0006          0.00485124            0.017944
                  64             -11.369          0.00122262           0.0180303
                  65            -11.7776         -0.00242006           0.0181207
                  66             -8.0196         -0.00481358           0.0180038
                  67             -0.6524         -0.00493648           0.0177335
                  68             -2.9816         -0.00574082           0.0174892
                  69             -1.3854         -0.00605919           0.0172369
                  70             -0.4642         -0.00610526           0.0169889
                  71             -4.6702         -0.00733482            0.016793
                  72            -14.1508          -0.0111637            0.016995
                  73               2.046          -0.0104502           0.0167758
                  74              8.8854         -0.00790757           0.0167417
                  75              1.0428         -0.00752405           0.0165215
                  76             -0.5228         -0.00756263           0.0163027
                  77             -1.4384         -0.00783803           0.0160919
                  78              3.0178         -0.00696374           0.0159083
                  79              2.4326         -0.00625975           0.0157214
                  80              9.7306         -0.00374885           0.0157254
                  81             -9.9372          -0.0061562           0.0157155
                  82              -8.015           -0.008036           0.0156361
                  83              2.0278         -0.00745055           0.0154577
                  84            -20.5876          -0.0122637            0.016013
                  85             -1.0868          -0.0123751           0.0158239
                  86             10.5484         -0.00977809            0.015853
                  87              3.1698         -0.00893701           0.0156923
                  88               9.292         -0.00672364             0.01567
                  89             -0.6236         -0.00678822           0.0154931
                  90             -0.2814         -0.00677533             0.01532
                  91             -1.3098         -0.00698875           0.0151522
                  92              6.2716         -0.00554939           0.0150555
                  93             -7.1726         -0.00703222           0.0149664
                  94              2.1878         -0.00649191           0.0148162
                  95            -10.1732         -0.00856531           0.0148053
                  96             -8.2688          -0.0101987           0.0147411
                  97              7.8362          -0.0084779           0.0146894
                  98              0.1248         -0.00836592           0.0145392
                  99            -13.1852          -0.0109451           0.0146209
                 100              7.0474         -0.00942616           0.0145534
                   1             -5.4378           -0.108756                   0
                   2             -2.1408           -0.075786             0.03297
                   3               1.714          -0.0390973           0.0413328
                   4              -2.337           -0.041008           0.0292891
                   5             -2.2824           -0.041936           0.0227062
                   6             -4.2708          -0.0491827           0.0199055
                   7              2.0906          -0.0361834           0.0212603
                   8             -2.6292          -0.0382335           0.0185257
                   9             -1.5522          -0.0374347           0.0163577
                  10              0.0646           -0.033562           0.0151346
                  11              1.8212          -0.0271996            0.015096
                  12             -1.9224           -0.028137           0.0138126
                  13              1.9236          -0.0230132           0.0136999
                  14             -2.5768          -0.0250506           0.0128462
                  15             -0.3314          -0.0238224           0.0120221
                  16              0.0668            -0.02225            0.011355
                  17              2.0808          -0.0184932           0.0113085
                  18              -0.376          -0.0178836           0.0106792
                  19             -5.8072          -0.0230552           0.0113484
                  20             -3.3416           -0.025244           0.0109862
                  21              1.9948          -0.0221421           0.0109007
                  22              0.4992          -0.0206818           0.0104955
                  23              0.2142          -0.0195963           0.0100873
                  24              3.9966          -0.0154493           0.0105106
                  25               5.688           -0.010281            0.011329
                  26             -0.7056          -0.0104283           0.0108856
                  27             -0.0862          -0.0101059           0.0104796
                  28              3.2552         -0.00741986           0.0104495
                  29              5.3902         -0.00344662           0.0108374
                  30               1.381         -0.00241107            0.010521
                  31              3.8592         0.000156516           0.0104949
                  32             -0.1124          8.1375e-05           0.0101619
                  33              7.4752          0.00460933           0.0108401
                  34              0.2848          0.00464129           0.0105165
                  35               1.721          0.00549211            0.010247
                  36              1.1146          0.00595878          0.00996922
                  37              0.1244          0.00586497          0.00969649
                  38             -2.0052          0.00465526          0.00951508
                  39             -0.5894          0.00423364          0.00927748
                  40             -1.7744           0.0032406          0.00909693
                  41             -0.6428            0.002848          0.00888096
                  42              2.8906          0.00415667          0.00876518
                  43             -3.3374          0.00250772           0.0087163
                  44             -3.8788         0.000687636          0.00870823
                  45              5.7936          0.00324729          0.00888902
                  46             -4.4758           0.0012307          0.00892446
                  47              3.0612          0.00250715          0.00882531
                  48             -4.3652         0.000636083          0.00883978
                  49              1.4706          0.00122335          0.00867739
                  50              0.3782          0.00135016          0.00850302
                  51             -0.7126          0.00104424          0.00834024
                  52             -2.7404        -2.98462e-05          0.00824851
                  53              0.6228         0.000205736          0.00809481
                  54              2.8386          0.00125326          0.00801226
                  55              4.8732          0.00300255          0.00805741
                  56             -2.4724          0.00206593          0.00796747
                  57              1.6308          0.00260189          0.00784477
                  58             -2.8296          0.00158131           0.0077756
                  59             -0.4692          0.00139546          0.00764493
                  60               0.205          0.00144053          0.00751657
                  61              -1.144          0.00104184          0.00740307
                  62             -2.9942         5.91613e-05          0.00734868
                  63             -0.4226        -7.59365e-05          0.00723236
                  64              -1.436          -0.0005235          0.00713251
                  65              -0.471        -0.000660369          0.00702326
                  66             -0.3762        -0.000764364          0.00691681
                  67              3.1632         0.000191284          0.00687949
                  68             -4.4194         -0.00111135          0.00690161
                  69              0.1428         -0.00105386          0.00680109
                  70             -1.9444         -0.00159434          0.00672499
                  71             -0.9654         -0.00184383          0.00663428
                  72              2.9068         -0.00101078          0.00659432
                  73              -2.542         -0.00169337          0.00653909
                  74              1.1604         -0.00135686          0.00645889
                  75               0.294         -0.00126037          0.00637292
                  76             -1.7722         -0.00171016          0.00630457
                  77              0.7814         -0.00148499          0.00622623
                  78             -3.0978         -0.00226026          0.00619459
                  79             -0.9806          -0.0024799          0.00611962
                  80              -2.332          -0.0030319           0.0060678
                  81             -4.0564         -0.00399605          0.00606949
                  82              3.7156         -0.00304107           0.0060706
                  83              0.4792         -0.00288896          0.00599894
                  84             -2.5966         -0.00347281          0.00595578
                  85              0.6008         -0.00329059          0.00588812
                  86              4.2162         -0.00227181          0.00590775
                  87              1.5002         -0.00190083          0.00585122
                  88             -2.6504         -0.00248159          0.00581343
                  89              -0.961         -0.00266966          0.00575082
                  90             -3.3044         -0.00337431          0.00573005
                  91                 4.3         -0.00239218          0.00575122
                  92              0.2838         -0.00230448          0.00568903
                  93             -2.1256         -0.00273682          0.00564411
                  94              2.2252         -0.00223426          0.00560632
                  95             -1.7996          -0.0025896          0.00555836
                  96             -5.1656         -0.00363879          0.00559933
                  97               4.066         -0.00276293           0.0056101
                  98              1.2872         -0.00247204          0.00556017
                  99              2.1418         -0.00201438          0.00552272
                 100             -3.3422         -0.00266268          0.00550551
                   1              1.9238            0.038476                   0
                   2             -1.3754            0.005484            0.032992
                   3              2.2932            0.018944           0.0233237
                   4              0.4606            0.016511           0.0166709
                   5              0.1444           0.0137864           0.0131975
                   6              1.9886           0.0181173           0.0116135
                   7             -1.8672           0.0101943            0.012614
                   8                 1.9             0.01367           0.0114636
                   9                0.83           0.0139956           0.0101152
                  10             -1.1794           0.0102372           0.0097969
                  11               1.046           0.0112084          0.00891469
                  12             -0.4582          0.00951067          0.00831316
                  13              0.7462          0.00992708          0.00765832
                  14             -4.5682            0.002692             0.01013
                  15               1.228          0.00414987          0.00954257
                  16               0.333          0.00430675          0.00892764
                  17               1.208          0.00547459          0.00846698
                  18              0.3942          0.00560844          0.00798387
                  19              0.2728          0.00560042          0.00755199
                  20              0.8586            0.006179          0.00718777
                  21              -0.277          0.00562095          0.00685967
                  22              2.3418          0.00749436          0.00680345
                  23              -1.413          0.00593983          0.00668421
                  24              0.1704          0.00583433          0.00640051
                  25              2.1194          0.00729648          0.00631087
                  26              0.0846          0.00708092          0.00606712
                  27              -0.121          0.00672904          0.00584868
                  28              -0.135          0.00639229          0.00564598
                  29               0.708          0.00666014           0.0054544
                  30              0.3608          0.00667867          0.00526948
                  31              -0.753          0.00597742          0.00514468
                  32              2.2884          0.00722087          0.00513417
                  33              -0.575          0.00665358          0.00500839
                  34             -1.6334          0.00549706          0.00499459
                  35              -0.728            0.004924          0.00488353
                  36             -0.7072          0.00439433           0.0047754
                  37             -1.2996          0.00357308          0.00471659
                  38              0.9008          0.00395316           0.0046065
                  39              -2.223          0.00271179          0.00465539
                  40               1.786            0.003537          0.00461194
                  41             -0.3344          0.00328761          0.00450495
                  42             -2.8968           0.0018299          0.00463175
                  43              2.0706          0.00275042          0.00461548
                  44              0.5668          0.00294555          0.00451358
                  45              0.7276          0.00320347          0.00441967
                  46              1.6466          0.00384974          0.00437057
                  47             -1.6916            0.003048          0.00435107
                  48             -0.7014          0.00269225          0.00427429
                  49             -0.2834          0.00252163          0.00418963
                  50             -2.4396          0.00149536          0.00423132
                  51              1.6776          0.00212392          0.00419488
                  52             -3.4078         0.000772385          0.00432977
                  53              1.1746          0.00120106          0.00426887
                  54             -0.1834          0.00111089          0.00419004
                  55              1.6442          0.00168858          0.00415352
                  56             -0.7952          0.00137443          0.00409076
                  57              2.7412          0.00231214          0.00412631
                  58             -3.8222         0.000954276          0.00427587
                  59             -0.9258         0.000624271          0.00421571
                  60             -0.7948         0.000348933          0.00415399
                  61             -0.1484         0.000294557          0.00408569
                  62             -0.2082         0.000222645          0.00401989
                  63               2.373         0.000972444          0.00402601
                  64             -0.2982         0.000864063          0.00396408
                  65              1.2388          0.00123194          0.00391992
                  66              0.6722          0.00141697           0.0038645
                  67             -2.0522         0.000783224          0.00385878
                  68             -2.3106         9.21176e-05          0.00386392
                  69              0.5858          0.00026058          0.00381124
                  70              2.6736          0.00102074          0.00383254
                  71             -1.1476         0.000683099          0.00379323
                  72             -0.9962         0.000396889          0.00375111
                  73             -0.1452         0.000351671          0.00369965
                  74             -1.3614         -2.1027e-05          0.00366829
                  75             -0.7208         -0.00021296          0.00362414
                  76             -1.2162        -0.000530211          0.00359018
                  77              3.0984         0.000281455          0.00363502
                  78              2.3792         0.000887897            0.003639
                  79              2.0304          0.00139068          0.00362766
                  80              -0.641          0.00121305          0.00358643
                  81              0.6442          0.00135714           0.0035448
                  82              0.0824          0.00136068          0.00350131
                  83             -0.9658          0.00111157          0.00346782
                  84             -2.2802         0.000555429          0.00347113
                  85              0.7426         0.000723624          0.00343418
                  86              -0.197         0.000669395          0.00339444
                  87               1.805          0.00107664          0.00337982
                  88             -1.5674         0.000708182          0.00336145
                  89             -0.5976         0.000565933          0.00332651
                  90               -1.71         0.000179644          0.00331195
                  91             -0.0852         0.000158945          0.00327541
                  92             -0.3434         8.25652e-05          0.00324052
                  93              1.5638         0.000417978          0.00322298
                  94             -2.6794        -0.000156553          0.00323986
                  95             -1.2618        -0.000420547          0.00321643
                  96              0.7112           -0.000268           0.0031864
                  97             -0.3376        -0.000334845          0.00315409
                  98               -3.83         -0.00111306          0.00321728
                  99             -0.6374         -0.00123059          0.00318678
                 100              -0.142         -0.00124668          0.00315479
                   1              0.9136            0.018272                   0
                   2              -0.707            0.002066            0.016206
                   3             -0.0968            0.000732          0.00945116
                   4              -1.177           -0.005336          0.00902678
                   5              1.2188           0.0006064          0.00917615
                   6              0.1338         0.000951333          0.00750023
                   7               0.508          0.00226686          0.00647392
                   8               1.039            0.004581           0.0060654
                   9              1.5402          0.00749467          0.00609123
                  10              0.4822           0.0077096           0.0054524
                  11              0.0832             0.00716          0.00496241
                  12              0.2456          0.00697267          0.00453391
                  13              0.1356          0.00664492          0.00418345
                  14             -0.2804          0.00576971          0.00397078
                  15              0.1022          0.00552133          0.00370493
                  16              0.5134            0.005818          0.00347832
                  17             -1.0698          0.00421718           0.0036384
                  18              0.5886          0.00463689           0.0034559
                  19              -2.001          0.00228653           0.0040262
                  20              0.8284           0.0030006          0.00388576
                  21              1.0722          0.00387886          0.00379901
                  22              0.1816          0.00386764          0.00362223
                  23              0.8724          0.00445809          0.00351116
                  24             -0.0714          0.00421283          0.00337062
                  25             -0.4598          0.00367648          0.00327717
                  26             -2.1532          0.00187877          0.00362567
                  27             -0.8212          0.00120089          0.00355405
                  28              1.0268          0.00189143          0.00349369
                  29             -0.5562          0.00144262          0.00340081
                  30              0.1554          0.00149813          0.00328596
                  31             -0.3614          0.00121665          0.00319064
                  32              0.5172          0.00150187          0.00310246
                  33             -0.8462         0.000943515          0.00305838
                  34               0.534          0.00122988          0.00298085
                  35              1.4112          0.00200114          0.00299543
                  36              1.3984          0.00272244          0.00299906
                  37             -2.0832          0.00152281          0.00315394
                  38             -1.1358         0.000884947          0.00313539
                  39             -1.5902         4.67692e-05          0.00316687
                  40              0.1708            0.000131          0.00308783
                  41              -2.182        -0.000936585           0.0031952
                  42              -0.663            -0.00123          0.00313197
                  43             -0.0924         -0.00124437           0.0030583
                  44             -0.2854         -0.00134582          0.00298971
                  45              1.3236        -0.000727644          0.00298718
                  46              -0.097           -0.000754          0.00292164
                  47              -2.868         -0.00195838          0.00310214
                  48              1.1376         -0.00144358          0.00308015
                  49              0.6808         -0.00113624          0.00303225
                  50              1.5222         -0.00050464          0.00303738
                  51              3.0288          0.00069302          0.00320909
                  52             -2.2276        -0.000177077          0.00326485
                  53             -1.4228        -0.000710642           0.0032468
                  54              0.8804        -0.000371407          0.00320412
                  55               1.723         0.000261891          0.00320844
                  56              1.0416         0.000629214          0.00317197
                  57              0.1736         0.000679088          0.00311622
                  58             -0.7606         0.000405103          0.00307426
                  59             -1.6884        -0.000174102          0.00307671
                  60             -0.9748        -0.000496133          0.00304209
                  61             -0.4382        -0.000631672          0.00299487
                  62              0.2408        -0.000543806          0.00294748
                  63             -0.0336        -0.000545841          0.00290032
                  64              0.6064        -0.000347813          0.00286151
                  65              0.8922        -6.79385e-05          0.00283101
                  66               -0.72        -0.000285091          0.00279623
                  67              0.8872            -1.6e-05          0.00276729
                  68              1.8686         0.000533824          0.00278118
                  69              2.4346          0.00123177          0.00282805
                  70             -0.8582         0.000968971          0.00279972
                  71              0.9902          0.00123425          0.00277273
                  72              -0.299          0.00113406          0.00273578
                  73              -0.197          0.00106455          0.00269894
                  74              -1.501         0.000644486          0.00269515
                  75             -1.8166         0.000151467           0.0027043
                  76              0.2622         0.000218474          0.00266932
                  77               0.621         0.000376935          0.00263919
                  78              1.4092         0.000733436          0.00262941
                  79             -0.4282         0.000615747          0.00259858
                  80              0.7638            0.000799          0.00257243
                  81              1.6758          0.00120291          0.00257238
                  82              0.0266          0.00119473          0.00254083
                  83             -0.1448          0.00114545          0.00251051
                  84             -0.1724          0.00109076          0.00248105
                  85              0.4034          0.00117285          0.00245306
                  86             -0.4028          0.00106553          0.00242674
                  87              0.5864          0.00118809          0.00240181
                  88             -1.8374            0.000757          0.00241318
                  89             -0.2538         0.000691461          0.00238681
                  90              2.2234          0.00117787          0.00240975
                  91              0.6032          0.00129749          0.00238612
                  92             -0.0212          0.00127878          0.00236011
                  93              0.0176          0.00126882          0.00233462
                  94               -1.68         0.000897872          0.00233925
                  95              1.0584          0.00111124          0.00232431
                  96             -1.2404          0.00084125          0.00231576
                  97             -0.2228         0.000786639          0.00229241
                  98                0.25         0.000829633          0.00226931
                  99              -1.986          0.00042004          0.00228331
                 100              0.2774          0.00047132          0.00226094
                   1              0.3152            0.006304                   0
                   2               0.492            0.008072            0.001768
                   3              1.0282            0.012236          0.00428729
                   4              0.4438            0.011396          0.00314579
                   5             -1.5332            0.002984          0.00875782
                   6             -1.0494         -0.00101133          0.00819119
                   7             -1.0152         -0.00376743          0.00745127
                   8             -0.4886           -0.004518           0.0064965
                   9              0.6442         -0.00258444          0.00604685
                  10             -0.1272          -0.0025804          0.00540846
                  11              0.2204         -0.00194509          0.00493322
                  12              2.2274          0.00192933          0.00594068
                  13              0.4814          0.00252154          0.00549663
                  14              0.2698          0.00272686          0.00509303
                  15              -0.684          0.00163307          0.00486588
                  16             -0.0062          0.00152325          0.00455294
                  17             -0.0466          0.00137882          0.00427918
                  18              0.2088          0.00153422          0.00403744
                  19              0.3342          0.00180526          0.00382864
                  20             -1.2554           0.0004596          0.00387343
                  21             -0.5378        -7.44762e-05          0.00372288
                  22              0.9966         0.000834909          0.00366426
                  23               -1.07        -0.000131826          0.00363233
                  24              -0.323          -0.0003955          0.00348767
                  25              1.4468          0.00077776          0.00354504
                  26                0.37          0.00103246          0.00341547
                  27             -0.9236         0.000310074          0.00336499
                  28              1.6208          0.00145671          0.00343936
                  29              0.8304          0.00197917          0.00335951
                  30             -0.3776          0.00166147          0.00326111
                  31             -0.4892          0.00129226           0.0031757
                  32              -0.847           0.0007225           0.0031272
                  33             -0.9612         0.000118061          0.00309063
                  34             -1.4518        -0.000739412          0.00311856
                  35              0.5212        -0.000420457          0.00304489
                  36              0.0236        -0.000395667          0.00295921
                  37             -1.0564           -0.000956          0.00293216
                  38               1.762        -3.47368e-06          0.00300871
                  39             -0.5302        -0.000275282          0.00294313
                  40             -0.5098          -0.0005233          0.00287931
                  41               0.352        -0.000338829          0.00281426
                  42             -1.3456        -0.000971524          0.00281837
                  43              0.7508        -0.000599721          0.00277705
                  44             -1.3542         -0.00120164          0.00277916
                  45              0.4908          -0.0009568          0.00272771
                  46              -1.113         -0.00141991          0.00270765
                  47             -0.5802          -0.0016366          0.00265826
                  48             -0.5634         -0.00183725          0.00261002
                  49                1.17          -0.0013222          0.00260757
                  50              -0.798         -0.00161496           0.0025716
                  51               1.655        -0.000934275          0.00261097
                  52              0.5814        -0.000692692          0.00257163
                  53              0.7866        -0.000382792          0.00254161
                  54              0.4436        -0.000211407          0.00249998
                  55               1.076         0.000183709          0.00248571
                  56             -0.2718         8.33571e-05          0.00244298
                  57              0.0274         9.15088e-05          0.00239975
                  58              1.0824         0.000463172          0.00238712
                  59              0.0846            0.000484          0.00234641
                  60             -0.5956           0.0002774           0.0023162
                  61              1.0816         0.000627475          0.00230466
                  62              0.8822         0.000901935          0.00228373
                  63             -0.0872         0.000859937          0.00224759
                  64              0.1666         0.000898562          0.00221253
                  65              0.8108          0.00113422          0.00219093
                  66             -0.3614          0.00100752           0.0021612
                  67             -1.5842         0.000519582           0.0021839
                  68              1.0926         0.000833294           0.0021743
                  69               0.739          0.00103542          0.00215207
                  70             -0.3398         0.000923543          0.00212405
                  71              0.9214          0.00117008          0.00210838
                  72             -0.9424         0.000892056           0.0020974
                  73              0.5814          0.00103912          0.00207369
                  74              -0.818            0.000804          0.00205895
                  75              0.6988         0.000979627          0.00203889
                  76             -0.1378         0.000930474          0.00201248
                  77               0.536          0.00105761          0.00199024
                  78               0.764          0.00123995            0.001973
                  79              0.2132          0.00127823          0.00194824
                  80             -0.5436          0.00112635          0.00192972
                  81             -1.0384         0.000856049          0.00192482
                  82              0.2864         0.000915463          0.00190213
                  83             -0.0484         0.000892771          0.00187921
                  84              -0.051             0.00087          0.00185684
                  85              1.5674          0.00122856          0.00186957
                  86               1.086          0.00146684          0.00186301
                  87              0.4074          0.00154363          0.00184307
                  88             -0.1982          0.00148105          0.00182308
                  89              1.0898           0.0017093          0.00181688
                  90             -0.0186          0.00168618          0.00179672
                  91              -1.047          0.00143754          0.00179418
                  92             -2.0096         0.000985043          0.00183135
                  93             -0.5946         0.000846581          0.00181684
                  94              0.4138         0.000925617          0.00179914
                  95               0.956          0.00111714          0.00179038
                  96             -0.2906          0.00104496           0.0017731
                  97              1.2628          0.00129456          0.00177239
                  98              0.8354          0.00145184          0.00176125
                  99              0.7882           0.0015964          0.00174935
                 100             -0.7284          0.00143476          0.00173929
                   1             -0.8834           -0.017668                   0
                   2               0.251           -0.006324            0.011344
                   3             -1.0076          -0.0109333          0.00800883
                   4               0.308            -0.00666          0.00709451
                   5             -0.1762          -0.0060328          0.00553106
                   6              0.5418         -0.00322133          0.00531972
                   7              0.3332         -0.00180914          0.00471255
                   8              0.8536            0.000551          0.00471449
                   9              0.9182          0.00253022          0.00460484
                  10              -0.559           0.0011592          0.00434089
                  11             -0.4538         0.000228727          0.00403522
                  12              0.1996         0.000542333          0.00369696
                  13             -0.1796         0.000224308          0.00341555
                  14               -0.09         7.97143e-05          0.00316549
                  15              0.3182         0.000498667          0.00297654
                  16             -0.1122          0.00032725          0.00278957
                  17               0.156         0.000491529          0.00262549
                  18              0.2618         0.000755111          0.00248933
                  19              0.4026          0.00113916          0.00238578
                  20              0.5368            0.001619          0.00231366
                  21             -0.4334          0.00112914          0.00225459
                  22             -0.0018          0.00107618          0.00215032
                  23             -1.1922        -7.30435e-06          0.00232287
                  24             -0.1632           -0.000143          0.00222812
                  25             -0.2522         -0.00033904          0.00214611
                  26              0.3384        -6.56923e-05          0.00207995
                  27             -0.9336        -0.000754815          0.00211675
                  28              0.3232           -0.000497          0.00205598
                  29             -1.1856         -0.00129752          0.00213924
                  30             -0.2086         -0.00139333          0.00206893
                  31               0.314         -0.00114581          0.00201632
                  32              0.4812         -0.00080925          0.00198109
                  33              -0.284        -0.000956848          0.00192579
                  34             -0.8258         -0.00141447          0.00192352
                  35             -0.7986          -0.0018304           0.0019135
                  36              0.6514         -0.00141767          0.00190484
                  37              0.9952        -0.000841405           0.0019402
                  38              0.4852        -0.000563895          0.00190873
                  39              0.8734        -0.000101538          0.00191578
                  40              0.1056           -4.62e-05          0.00186809
                  41             -1.0392           -0.000552          0.00189086
                  42             -0.2276        -0.000647238          0.00184775
                  43             -0.4784        -0.000854698          0.00181615
                  44             -0.5074         -0.00106591          0.00178692
                  45             -0.1934         -0.00112818          0.00174787
                  46             -0.4548         -0.00130139          0.00171821
                  47              0.3184         -0.00113821          0.00168915
                  48              0.8558        -0.000757917          0.00169675
                  49              -0.314        -0.000870612          0.00166558
                  50             -0.0694         -0.00088096          0.00163196
                  51             -0.5424         -0.00107639          0.00161154
                  52             -1.1914         -0.00151392          0.00163969
                  53             -0.7954         -0.00178551          0.00163123
                  54              0.3912         -0.00160756           0.0016106
                  55              0.3274         -0.00145927          0.00158798
                  56             -1.1242         -0.00183471          0.00160392
                  57             -0.2092         -0.00187593          0.00157607
                  58               0.647         -0.00162048          0.00156959
                  59              0.7966         -0.00132298          0.00157118
                  60               0.422         -0.00116027          0.00155332
                  61             -0.1726         -0.00119784           0.0015281
                  62              0.2552         -0.00109619          0.00150668
                  63              0.8096        -0.000821778          0.00150776
                  64              0.3442        -0.000701375          0.00148889
                  65             -1.5212         -0.00115865          0.00153547
                  66             -0.8196         -0.00138945          0.00152954
                  67              0.1668         -0.00131893          0.00150819
                  68             -0.7626         -0.00152382          0.00149991
                  69              -0.495         -0.00164522          0.00148299
                  70             -1.2992         -0.00199291          0.00150243
                  71               0.009         -0.00196231          0.00148144
                  72             -0.1738         -0.00198333          0.00146087
                  73              0.3932         -0.00184844          0.00144702
                  74              0.6396         -0.00165059          0.00144098
                  75              0.7388         -0.00143157          0.00143841
                  76              1.8644        -0.000922105          0.00150802
                  77             -0.7022         -0.00109252          0.00149803
                  78              0.1458         -0.00104113          0.00147959
                  79              0.9864        -0.000778228          0.00148421
                  80             -0.1904          -0.0008161          0.00146603
                  81             -1.9842         -0.00129595          0.00152527
                  82             -0.7312         -0.00145849           0.0015153
                  83              0.0702           -0.001424          0.00149732
                  84              0.5162         -0.00128414          0.00148599
                  85             -0.4642         -0.00137826          0.00147142
                  86              1.1508          -0.0010946          0.00148161
                  87              0.4078        -0.000988276          0.00146834
                  88             -0.2558         -0.00103518          0.00145231
                  89              0.1944        -0.000979865          0.00143697
                  90              0.7134        -0.000810444          0.00143098
                  91               0.996        -0.000582637          0.00143338
                  92               0.652        -0.000434565          0.00142543
                  93             -0.5422        -0.000546495          0.00141445
                  94              0.1398        -0.000510936          0.00139978
                  95              0.0034        -0.000504842          0.00138498
                  96              1.0836        -0.000273833          0.00138981
                  97             -0.6752        -0.000410227          0.00138215
                  98              -0.685        -0.000545837          0.00137468
                  99             -1.1126        -0.000765091          0.00137827
                 100              0.6722           -0.000623           0.0013718
                   1             -0.3396           -0.006792                   0
                   2             -1.4486           -0.017882             0.01109
                   3             -0.2396          -0.0135187          0.00774821
                   4             -0.2328           -0.011303          0.00590987
                   5               0.181          -0.0083184          0.00546477
                   6              0.1766         -0.00634333          0.00487956
                   7              -0.145         -0.00585143          0.00415321
                   8              0.1032           -0.004862          0.00373039
                   9               0.427         -0.00337289          0.00361122
                  10              0.0246          -0.0029864          0.00325301
                  11              0.5488         -0.00171709          0.00320456
                  12              0.1068           -0.001396          0.00294292
                  13             -0.0092         -0.00130277           0.0027087
                  14             -0.2258         -0.00153229          0.00251825
                  15              0.3588        -0.000951733          0.00241517
                  16              0.2872         -0.00053325          0.00229762
                  17               0.457         3.57647e-05          0.00223199
                  18             -0.1936        -0.000181333          0.00211551
                  19              -0.776        -0.000988632          0.00215778
                  20             -0.0584          -0.0009976          0.00204707
                  21              0.3988        -0.000570286          0.00199349
                  22             -0.1518        -0.000682364          0.00190402
                  23             -1.3596         -0.00183496          0.00215372
                  24             -0.3888          -0.0020825          0.00207684
                  25              0.1466         -0.00188192           0.0020021
                  26              -0.344         -0.00207415          0.00193314
                  27              -0.628         -0.00246252          0.00190027
                  28              0.6224            -0.00193          0.00190701
                  29             -0.6236         -0.00229352          0.00187564
                  30              0.7718         -0.00170253          0.00190598
                  31               0.172         -0.00153665          0.00185092
                  32              0.6484         -0.00108337          0.00184858
                  33               0.457        -0.000773576          0.00181827
                  34              0.1062        -0.000688353          0.00176604
                  35              0.2828        -0.000507086          0.00172439
                  36             -0.5132        -0.000778111          0.00169758
                  37             -0.1032        -0.000812865          0.00165143
                  38              0.2632        -0.000652947          0.00161532
                  39             -0.1702        -0.000723487          0.00157494
                  40             -0.1462          -0.0007785          0.00153604
                  41              0.7676        -0.000385073          0.00154891
                  42              0.2586        -0.000252762          0.00151736
                  43              0.9516         0.000195721          0.00154804
                  44              0.0452         0.000211818          0.00151254
                  45              -0.074         0.000174222          0.00147902
                  46              0.9286         0.000574174          0.00150078
                  47              0.4512         0.000753957          0.00147947
                  48              0.9426            0.001131          0.00149659
                  49             -1.4846         0.000501959          0.00159501
                  50             -0.0978           0.0004528          0.00156356
                  51              0.1382         0.000498118          0.00153326
                  52             -0.2028         0.000410538          0.00150604
                  53               0.817         0.000711094          0.00150761
                  54              0.6592         0.000942074          0.00149735
                  55             -0.0414         0.000909891          0.00147023
                  56               0.865          0.00120257           0.0014731
                  57             -0.1542          0.00112737          0.00144898
                  58              0.1908          0.00117372          0.00142453
                  59              -0.079          0.00112705          0.00140096
                  60              0.8166          0.00138047          0.00140053
                  61              0.0286          0.00136721          0.00137744
                  62              1.4848          0.00182413             0.00143
                  63             -0.8628          0.00152127          0.00143935
                  64              0.5218          0.00166056          0.00142351
                  65              0.3064          0.00172929          0.00140312
                  66               0.237          0.00177491          0.00138245
                  67              -0.469          0.00160842           0.0013718
                  68              -0.056          0.00156829          0.00135208
                  69             -0.1018          0.00151606          0.00133336
                  70              0.0756            0.001516          0.00131417
                  71              0.7932          0.00171808           0.0013112
                  72              0.6302          0.00186928          0.00130167
                  73             -0.1162          0.00181184            0.001285
                  74              -0.443          0.00166762          0.00127569
                  75               0.035          0.00165472          0.00125863
                  76              -0.312          0.00155084           0.0012463
                  77             -0.9534          0.00128306          0.00125882
                  78              0.5746          0.00141395          0.00124945
                  79              0.6208          0.00155322          0.00124137
                  80             -0.0298          0.00152635          0.00122605
                  81              0.3904           0.0016039           0.0012133
                  82             -0.4456          0.00147566          0.00120525
                  83              0.3974          0.00155364          0.00119319
                  84               0.079          0.00155395           0.0011789
                  85             -0.7746          0.00135341          0.00118209
                  86             -0.2204          0.00128642          0.00117018
                  87               -0.04          0.00126244           0.0011569
                  88              0.6026          0.00138505          0.00115023
                  89             -0.1266          0.00134103          0.00113808
                  90              0.2254          0.00137622          0.00112592
                  91                1.09          0.00160066          0.00113587
                  92             -0.8366          0.00140139          0.00114099
                  93             -0.0882          0.00136735          0.00112917
                  94             -0.8932          0.00116277          0.00113567
                  95              0.2342          0.00119983          0.00112427
                  96              0.1612          0.00122092          0.00111269
                  97             -0.1702          0.00117324          0.00110219
                  98             -0.2234          0.00111567          0.00109241
                  99             -0.3822          0.00102719          0.00108493
                 100             -0.4676           0.0009234          0.00107903
                   1              0.6222            0.012444                   0
                   2               0.025            0.006472            0.005972
                   3             -0.3396          0.00205067          0.00560682
                   4              0.1772            0.002424          0.00398216
                   5             -0.2498             0.00094          0.00342298
                   6              0.5132            0.002494          0.00319783
                   7             -0.0862          0.00189143          0.00276902
                   8              0.0696            0.001829          0.00239885
                   9             -0.4738         0.000572889          0.00246039
                  10              -0.129           0.0002576          0.00222311
                  11             -0.6734        -0.000990182          0.00236656
                  12               1.219            0.001124          0.00302274
                  13              0.0312          0.00108554          0.00278078
                  14             -0.1474         0.000797429          0.00259057
                  15              -0.176           0.0005096          0.00242881
                  16             -0.7772         -0.00049375          0.00248363
                  17              0.2062        -0.000222118          0.00234873
                  18              0.9738         0.000872222          0.00247005
                  19              0.4164          0.00126463          0.00236916
                  20              0.9614           0.0021628           0.0024204
                  21              -0.324          0.00175124          0.00233875
                  22              0.2896          0.00193491          0.00223747
                  23             -0.3836          0.00151722          0.00217839
                  24             -0.0952          0.00137467          0.00209052
                  25              0.0806          0.00138416          0.00200518
                  26              0.1942          0.00148031          0.00192891
                  27               1.534          0.00256178          0.00214818
                  28             -0.9764          0.00177286          0.00221527
                  29              0.4812          0.00204359           0.0021546
                  30             -0.4104          0.00170187           0.0021094
                  31             -0.5332          0.00130297          0.00207885
                  32               0.261          0.00142537          0.00201656
                  33              -1.041         0.000751273          0.00206748
                  34              0.0746         0.000773059          0.00200587
                  35              0.4286         0.000995886          0.00196042
                  36               0.194            0.001076          0.00190687
                  37             -0.5912         0.000727351           0.0018871
                  38              0.4956         0.000969053           0.0018526
                  39             -0.2706         0.000805436          0.00181188
                  40              0.9428           0.0012567          0.00182275
                  41              1.1696          0.00179659           0.0018579
                  42             -0.2238          0.00164724          0.00181927
                  43              0.1446          0.00167619          0.00177669
                  44              0.1992          0.00172864          0.00173664
                  45              0.2048          0.00178124          0.00169842
                  46             -0.2306          0.00164226          0.00166689
                  47             -0.0392          0.00159064          0.00163186
                  48               -0.32          0.00142417          0.00160615
                  49              0.2398          0.00149298          0.00157453
                  50              0.4346          0.00163696          0.00154943
                  51             -0.3042          0.00148557          0.00152627
                  52             -0.2678            0.001354           0.0015024
                  53              0.0002          0.00132853            0.001474
                  54              -0.236          0.00121652          0.00145078
                  55              0.4532           0.0013592          0.00143129
                  56             -0.1842          0.00126914          0.00140838
                  57              0.2406           0.0013313          0.00138484
                  58              0.0706          0.00133269          0.00136076
                  59               0.296          0.00141044          0.00133975
                  60              -0.104          0.00135227          0.00131852
                  61              -0.296          0.00123305          0.00130219
                  62               0.444          0.00135639          0.00128694
                  63             -0.3138          0.00123524          0.00127213
                  64              0.0692          0.00123756           0.0012521
                  65             -0.4754          0.00107225          0.00124372
                  66             -0.2646         0.000975818          0.00122852
                  67             -0.4956         0.000813313          0.00122091
                  68             -0.2752         0.000720412           0.0012064
                  69             -0.6758         0.000514087          0.00120656
                  70             -0.7848         0.000282514          0.00121154
                  71              0.2054         0.000336394          0.00119557
                  72             -0.1544         0.000288833           0.0011798
                  73             -0.0182          0.00027989          0.00116356
                  74             -0.6464         0.000101405          0.00116153
                  75             -0.5264          -4.032e-05          0.00115467
                  76             -0.1846        -8.83684e-05          0.00114039
                  77              0.3092        -6.90909e-06          0.00112842
                  78             -0.2862        -8.02051e-05          0.00111627
                  79             -0.3618        -0.000170785          0.00110577
                  80               0.369           -7.64e-05          0.00109593
                  81             -0.7554        -0.000261975          0.00109811
                  82             -0.2552        -0.000321024          0.00108624
                  83             -0.0134        -0.000320386          0.00107307
                  84             -0.7704             -0.0005          0.00107533
                  85              0.2632        -0.000432188          0.00106476
                  86             -1.2354        -0.000714465          0.00108951
                  87              1.0766        -0.000458759          0.00110686
                  88             -0.0002        -0.000453591          0.00109422
                  89              0.6088        -0.000311685          0.00109112
                  90             -0.3488        -0.000385733          0.00108147
                  91              0.4744        -0.000277231          0.00107501
                  92              0.2808        -0.000213174          0.00106519
                  93             -0.0646        -0.000224774          0.00105373
                  94              0.2024        -0.000179319          0.00104345
                  95              0.1656        -0.000142568          0.00103307
                  96               0.168        -0.000106083           0.0010229
                  97             -0.4908        -0.000206186          0.00101724
                  98             -0.3662        -0.000278816          0.00100942
                  99             -0.7062        -0.000418667          0.00100891
                 100              0.1868         -0.00037712         0.000999635
                   1              0.3484            0.006968                   0
                   2              0.4962            0.008446            0.001478
                   3              0.4238            0.008456         0.000853382
                   4             -0.4502            0.004091          0.00440651
                   5              0.4598            0.005112           0.0035627
                   6             -0.6722          0.00201933          0.00424576
                   7             -1.1972         -0.00168971          0.00516073
                   8             -0.2122           -0.002009          0.00448071
                   9              0.0052         -0.00177422          0.00395858
                  10               0.244          -0.0011088          0.00360265
                  11               0.027        -0.000958909          0.00326217
                  12             -0.0428        -0.000950333          0.00297795
                  13             -0.1392         -0.00109138          0.00274294
                  14              0.1712        -0.000768857          0.00255987
                  15             -0.4694         -0.00134347          0.00245141
                  16             -0.4978         -0.00188175          0.00235541
                  17              0.1244         -0.00162471          0.00222741
                  18              0.1868         -0.00132689          0.00212103
                  19             -0.0088         -0.00126632          0.00200721
                  20               0.171           -0.001032          0.00191857
                  21              0.6184        -0.000393905          0.00193326
                  22              -0.387        -0.000727818          0.00187329
                  23             -0.0104        -0.000705217          0.00179014
                  24              -0.438         -0.00104083          0.00174648
                  25             -0.1608         -0.00112784          0.00167742
                  26              0.2774        -0.000871077          0.00163194
                  27              -0.669         -0.00133437          0.00163725
                  28             -1.0624         -0.00204557          0.00173058
                  29              0.1782         -0.00185214          0.00168101
                  30               0.103         -0.00172173          0.00162924
                  31             -0.3912         -0.00191858          0.00158805
                  32              0.5158         -0.00153625          0.00158445
                  33                0.92        -0.000932121          0.00165024
                  34              -0.214         -0.00103059          0.00160399
                  35              0.0364        -0.000980343           0.0015583
                  36             -0.2566         -0.00109567          0.00151878
                  37              0.2324        -0.000940432           0.0014853
                  38             -0.0666        -0.000950737          0.00144572
                  39              0.1682        -0.000840103           0.0014125
                  40              0.0096          -0.0008143          0.00137698
                  41              0.3322         -0.00063239          0.00135524
                  42              0.4608        -0.000397905           0.0013432
                  43              0.2544        -0.000270326          0.00131778
                  44              -0.228        -0.000367818          0.00129117
                  45             -0.3094        -0.000497156          0.00126876
                  46             -0.4344        -0.000675217          0.00125358
                  47               0.208         -0.00057234          0.00123093
                  48              0.4258           -0.000383          0.00121979
                  49              0.3996        -0.000212082          0.00120681
                  50              0.4678          -2.072e-05          0.00119781
                  51             -0.1244         -6.9098e-05          0.00117508
                  52              0.4668         0.000111769          0.00116637
                  53              0.2284         0.000195849          0.00114724
                  54             -0.1438         0.000138963          0.00112723
                  55              0.3388         0.000259636          0.00111311
                  56             -0.1768         0.000191857          0.00109515
                  57             -0.4904         1.64211e-05          0.00108997
                  58              0.0574          3.5931e-05          0.00107119
                  59             -0.3266        -7.53898e-05          0.00105875
                  60              0.4806         8.60667e-05           0.0010534
                  61             -0.0952         5.34426e-05           0.0010365
                  62             -0.4004        -7.65806e-05           0.0010279
                  63              -0.676        -0.000289968          0.00103372
                  64             -0.6224        -0.000479938          0.00103502
                  65              0.3936        -0.000351446          0.00102705
                  66             -0.2692        -0.000427697          0.00101424
                  67              0.1882        -0.000365134          0.00100094
                  68              0.1236        -0.000323412         0.000986992
                  69             -0.2962         -0.00040458         0.000975964
                  70             -0.5758        -0.000563314          0.00097493
                  71              0.6878        -0.000361634         0.000982033
                  72              0.1672        -0.000310167         0.000969664
                  73              0.1264        -0.000271288         0.000957079
                  74              0.6248        -9.87568e-05         0.000959693
                  75             -0.7064        -0.000285813         0.000965112
                  76             -0.3936        -0.000385632         0.000957545
                  77             -0.2626        -0.000448831         0.000947138
                  78             -0.2716        -0.000512718         0.000937097
                  79              0.4414        -0.000394481         0.000932684
                  80              0.6564         -0.00022545         0.000936335
                  81              0.1196        -0.000193136         0.000925268
                  82             -0.0638        -0.000206341          0.00091401
                  83              0.4188         -0.00010294         0.000908832
                  84              0.6478         5.25238e-05         0.000911305
                  85             -0.1442         1.79765e-05         0.000901183
                  86              0.2076         6.60465e-05         0.000891939
                  87              0.1252          9.4069e-05         0.000882072
                  88             -0.0008         9.28182e-05         0.000871992
                  89               0.039         0.000100539         0.000862173
                  90               -0.51        -1.39111e-05         0.000860188
                  91              0.1604         2.14945e-05         0.000851419
                  92                 0.7         0.000173435         0.000855711
                  93               0.275          0.00023071         0.000848395
                  94               0.524         0.000339745         0.000846374
                  95              -0.549         0.000220589         0.000845852
                  96              0.1286         0.000245083         0.000837353
                  97               1.056         0.000460289         0.000856164
                  98             -0.3072         0.000392898         0.000850058
                  99              -0.253         0.000337818         0.000843228
                 100              0.1582          0.00036608         0.000835232
                   1             -0.2336           -0.004672                   0
                   2              0.3448            0.001112            0.005784
                   3               0.138          0.00166133          0.00338428
                   4             -0.0496            0.000998          0.00248328
                   5               0.287           0.0019464          0.00214464
                   6             -0.1864          0.00100067          0.00199016
                   7              0.3846          0.00195657          0.00193464
                   8             -0.1986           0.0012155          0.00183203
                   9             -0.1938         0.000649778          0.00171187
                  10               0.435           0.0014548          0.00172988
                  11               0.091            0.001488          0.00156508
                  12             -0.0408            0.001296          0.00144156
                  13              0.4052          0.00181969          0.00142571
                  14             -0.4012          0.00111657          0.00149554
                  15              0.2188          0.00133387          0.00140913
                  16             -0.2994          0.00087625           0.0013953
                  17              -0.122         0.000681176          0.00132509
                  18             -0.1262         0.000503111          0.00126193
                  19               0.386         0.000882947          0.00125265
                  20             -0.1682           0.0006706          0.00120719
                  21                0.16         0.000791048          0.00115456
                  22              0.4216          0.00113836          0.00115432
                  23             -0.0328          0.00106035          0.00110575
                  24             -0.3532         0.000721833          0.00111148
                  25             -0.5716          0.00023568          0.00117171
                  26             -0.1142         0.000138769           0.0011299
                  27             -0.1178         4.63704e-05          0.00109117
                  28              0.1102         0.000123429           0.0010543
                  29              0.2774         0.000310483          0.00103435
                  30              -0.589        -9.25333e-05          0.00107748
                  31              0.4146         0.000177935          0.00107667
                  32              0.4032         0.000424375          0.00107122
                  33              0.3332         0.000613455          0.00105532
                  34             -0.0412         0.000571176          0.00102469
                  35              -0.485         0.000277714          0.00103736
                  36              0.2882         0.000430111          0.00101958
                  37             -0.1538         0.000335351          0.00099616
                  38               0.361         0.000516526         0.000986373
                  39             -0.0102         0.000498051         0.000960926
                  40             -0.1924           0.0003894         0.000942876
                  41               -0.61         8.23415e-05         0.000969501
                  42                0.27         0.000208952          0.00095457
                  43             -0.5156        -3.57209e-05         0.000963685
                  44             -0.1122        -8.59091e-05         0.000942865
                  45             -0.0234           -9.44e-05         0.000921713
                  46             -1.2094        -0.000618174          0.00104257
                  47               0.236        -0.000504596          0.00102645
                  48              0.3844        -0.000333917          0.00101923
                  49              0.1694        -0.000257959           0.0010011
                  50              0.2348         -0.00015888         0.000985866
                  51              0.0608        -0.000131922         0.000966718
                  52               0.376         1.52308e-05         0.000959298
                  53              0.1684         7.84906e-05         0.000943148
                  54              0.4564         0.000246074         0.000940567
                  55             -0.1334         0.000193091         0.000924827
                  56               0.001             0.00019         0.000908167
                  57              0.4558         0.000346596         0.000905732
                  58              -0.095         0.000307862         0.000890822
                  59             -0.0844         0.000274034         0.000876246
                  60              0.2918         0.000366733         0.000866491
                  61              0.4356         0.000503541          0.00086308
                  62             -0.1434         0.000449161         0.000850785
                  63              0.2704         0.000527873         0.000840863
                  64              0.3334         0.000623813         0.000833163
                  65             -0.1412         0.000570769         0.000821958
                  66             -0.4616         0.000422242         0.000822923
                  67             -0.4174         0.000291343         0.000821049
                  68             -0.1586         0.000240412         0.000810487
                  69             -0.3306         0.000141101         0.000804805
                  70               0.432         0.000262514         0.000802462
                  71              0.3452         0.000356056         0.000796591
                  72              0.2142         0.000410611         0.000787341
                  73              0.4578         0.000530411         0.000785668
                  74              -0.534         0.000378919         0.000789646
                  75             -0.0066         0.000372107         0.000779076
                  76             -0.2356         0.000305211         0.000771662
                  77              0.2722         0.000371948         0.000764493
                  78             -0.0086         0.000364974          0.00075466
                  79             -0.1744         0.000316203         0.000746641
                  80              -0.084          0.00029125         0.000737671
                  81              -0.084         0.000266914         0.000728914
                  82              0.0914         0.000285951         0.000720221
                  83             -0.0894         0.000260964          0.00071193
                  84               0.361          0.00034381         0.000708265
                  85              0.0082         0.000341694         0.000699886
                  86              0.1134         0.000364093         0.000692063
                  87              0.2322         0.000413287         0.000685828
                  88               0.325         0.000482455         0.000681509
                  89              0.4074         0.000568584         0.000679291
                  90              0.2672         0.000621644         0.000673793
                  91             -0.2884         0.000551429         0.000670037
                  92                0.33         0.000617174         0.000665967
                  93             -0.4898         0.000505204         0.000668215
                  94              0.0328         0.000506809          0.00066107
                  95              -0.314         0.000435368         0.000657964
                  96             -0.1224         0.000405333         0.000651767
                  97              0.2972         0.000462433         0.000647535
                  98             -0.4718         0.000361429         0.000648804
                  99              0.6188         0.000482788         0.000653583
                 100               0.123          0.00050256         0.000647316
