                   1            -1.01291            -1.01291                   0
                   2            -1.00749             -1.0102          0.00271132
                   3            -1.00315            -1.00785          0.00282389
                   4            -1.01148            -1.00876          0.00219304
                   5            -1.00702            -1.00841           0.0017337
                   6            -1.00485            -1.00782          0.00153478
                   7            -1.01001            -1.00813          0.00133446
                   8           -0.989598            -1.00581          0.00258877
                   9           -0.998828            -1.00504          0.00241139
                  10            -1.01067             -1.0056          0.00222912
                  11            -1.00341             -1.0054          0.00202612
                  12            -1.00233            -1.00515          0.00186718
                  13            -1.00644            -1.00525          0.00172044
                  14            -1.00909            -1.00552          0.00161633
                  15            -1.00658            -1.00559          0.00150637
                  16            -1.01111            -1.00594          0.00145072
                  17             -1.0094            -1.00614          0.00137791
                  18             -1.0115            -1.00644          0.00133284
                  19            -1.00812            -1.00653          0.00126384
                  20            -1.00148            -1.00627          0.00122525
                  21             -1.0108            -1.00649          0.00118524
                  22            -1.00615            -1.00647          0.00113019
                  23            -1.00949            -1.00661          0.00108789
                  24           -0.995332            -1.00614          0.00114258
                  25            -1.00626            -1.00614          0.00109594
                  26             -1.0068            -1.00617          0.00105325
                  27            -1.00867            -1.00626          0.00101774
                  28            -1.00163            -1.00609         0.000994552
                  29            -1.00696            -1.00612         0.000960105
                  30            -1.00958            -1.00624         0.000934676
                  31           -0.999273            -1.00601          0.00093153
                  32            -1.00195            -1.00589         0.000910841
                  33            -1.00463            -1.00585         0.000883628
                  34            -1.01189            -1.00603         0.000875442
                  35            -1.01246            -1.00621         0.000869688
                  36            -1.00686            -1.00623         0.000845378
                  37            -1.00755            -1.00626         0.000822984
                  38           -0.994973            -1.00597         0.000854365
                  39           -0.985488            -1.00544         0.000983982
                  40           -0.996904            -1.00523         0.000982531
                  41            -1.00495            -1.00522         0.000958292
                  42            -1.00661            -1.00525         0.000935782
                  43            -1.00908            -1.00534         0.000918073
                  44            -1.00271            -1.00528         0.000898963
                  45            -0.99073            -1.00496         0.000936382
                  46            -1.01246            -1.00512         0.000930213
                  47            -1.00794            -1.00518         0.000912171
                  48            -1.00286            -1.00513         0.000894271
                  49            -1.00925            -1.00522          0.00087984
                  50            -1.00789            -1.00527         0.000863724
                  51           -0.989508            -1.00496         0.000901281
                  52            -0.99878            -1.00484         0.000891742
                  53            -1.01366            -1.00501         0.000890418
                  54            -1.01301            -1.00516         0.000886249
                  55            -1.00671            -1.00519         0.000870442
                  56           -0.994508              -1.005          0.00087577
                  57            -1.00057            -1.00492         0.000863771
                  58           -0.998745            -1.00481         0.000855396
                  59           -0.994711            -1.00464         0.000858027
                  60            -1.00595            -1.00466         0.000843889
                  61            -1.00207            -1.00462         0.000831022
                  62             -1.0048            -1.00462         0.000817514
                  63            -1.00899            -1.00469         0.000807415
                  64             -1.0063            -1.00472         0.000795097
                  65            -1.00663            -1.00475         0.000783323
                  66           -0.990879            -1.00454         0.000799472
                  67           -0.995176             -1.0044         0.000799747
                  68             -1.0098            -1.00448         0.000791895
                  69            -1.00929            -1.00455          0.00078344
                  70            -1.00772            -1.00459         0.000773492
                  71            -1.01034            -1.00467         0.000766811
                  72             -1.0091            -1.00473         0.000758582
                  73           -0.995215             -1.0046         0.000759397
                  74            -1.00704            -1.00464          0.00074979
                  75            -1.01058            -1.00472         0.000743958
                  76            -1.00457            -1.00471         0.000734106
                  77            -1.00712            -1.00475         0.000725184
                  78           -0.999529            -1.00468         0.000718943
                  79            -1.01006            -1.00475         0.000713045
                  80           -0.998856            -1.00467         0.000707915
                  81           -0.996336            -1.00457         0.000706657
                  82           -0.995294            -1.00446         0.000707092
                  83            -1.00389            -1.00445         0.000698554
                  84            -1.00363            -1.00444         0.000690257
                  85            -1.00172            -1.00441         0.000682837
                  86            -1.00335             -1.0044         0.000674962
                  87             -1.0016            -1.00436         0.000667934
                  88           -0.995926            -1.00427         0.000667225
                  89             -1.0113            -1.00435         0.000664398
                  90            -1.00868             -1.0044         0.000658733
                  91            -1.00777            -1.00443         0.000652507
                  92           -0.992853            -1.00431         0.000657532
                  93            -1.00078            -1.00427         0.000651531
                  94            -1.00577            -1.00428          0.00064476
                  95            -1.00216            -1.00426         0.000638329
                  96            -1.00662            -1.00429         0.000632122
                  97            -1.00843            -1.00433         0.000627029
                  98            -1.00976            -1.00438         0.000623068
                  99            -1.01038            -1.00445          0.00061971
                 100            -1.00243            -1.00443         0.000613812
                   1           -0.948262           -0.948262                   0
                   2           -0.933779           -0.941021          0.00724184
                   3           -0.942212           -0.941418          0.00419991
                   4           -0.931304           -0.938889          0.00390034
                   5           -0.940992            -0.93931          0.00305031
                   6           -0.942209           -0.939793            0.002537
                   7            -0.93994           -0.939814          0.00214426
                   8           -0.948209           -0.940863          0.00213295
                   9           -0.926221           -0.939236          0.00248701
                  10           -0.947179           -0.940031          0.00236198
                  11           -0.936012           -0.939665          0.00216751
                  12           -0.937468           -0.939482          0.00198711
                  13           -0.938019            -0.93937          0.00183134
                  14           -0.944883           -0.939763          0.00174063
                  15            -0.93802           -0.939647           0.0016246
                  16            -0.94946           -0.940261          0.00163877
                  17           -0.944282           -0.940497          0.00155743
                  18           -0.928382           -0.939824          0.00161527
                  19           -0.927367           -0.939168          0.00166263
                  20           -0.943919           -0.939406          0.00159509
                  21           -0.946262           -0.939732          0.00155196
                  22           -0.928651           -0.939229          0.00156312
                  23           -0.934551           -0.939025          0.00150739
                  24           -0.947532            -0.93938          0.00148611
                  25           -0.932104           -0.939089          0.00145483
                  26           -0.945104            -0.93932          0.00141677
                  27           -0.926161           -0.938833          0.00144779
                  28           -0.938194            -0.93881          0.00139531
                  29           -0.946435           -0.939073          0.00137177
                  30           -0.924149           -0.938575          0.00141555
                  31           -0.954014           -0.939073          0.00145689
                  32           -0.929664           -0.938779          0.00144095
                  33           -0.950172           -0.939125          0.00143864
                  34           -0.937049           -0.939064          0.00139702
                  35           -0.936058           -0.938978          0.00135924
                  36           -0.938695            -0.93897          0.00132096
                  37           -0.931716           -0.938774          0.00129964
                  38           -0.943505           -0.938898          0.00127109
                  39           -0.939039           -0.938902          0.00123807
                  40           -0.926016            -0.93858          0.00124898
                  41            -0.93929           -0.938597          0.00121826
                  42           -0.944944           -0.938748          0.00119847
                  43            -0.93497            -0.93866          0.00117356
                  44           -0.940668           -0.938706          0.00114749
                  45           -0.936506           -0.938657          0.00112276
                  46           -0.947162           -0.938842          0.00111354
                  47           -0.944746           -0.938968          0.00109681
                  48            -0.93316           -0.938847          0.00108051
                  49           -0.943156           -0.938935          0.00106187
                  50           -0.945763           -0.939071          0.00104934
                  51           -0.939957           -0.939088          0.00102871
                  52           -0.941184           -0.939129          0.00100954
                  53            -0.93578           -0.939066         0.000992319
                  54           -0.939246           -0.939069         0.000973775
                  55           -0.940346           -0.939092         0.000956188
                  56           -0.947003           -0.939233         0.000949524
                  57           -0.931698           -0.939101          0.00094204
                  58           -0.947243           -0.939242         0.000936239
                  59           -0.939978           -0.939254         0.000920319
                  60           -0.930351           -0.939106         0.000916936
                  61           -0.934222           -0.939026         0.000905326
                  62           -0.941181            -0.93906         0.000891282
                  63           -0.939301           -0.939064         0.000877029
                  64           -0.931545           -0.938947         0.000871176
                  65           -0.943129           -0.939011         0.000860078
                  66           -0.946838            -0.93913         0.000855209
                  67            -0.93429           -0.939057         0.000845439
                  68           -0.947467           -0.939181         0.000842044
                  69           -0.937388           -0.939155         0.000830158
                  70           -0.941374           -0.939187         0.000818827
                  71           -0.951401           -0.939359          0.00082534
                  72           -0.925582           -0.939167          0.00083599
                  73           -0.935555           -0.939118         0.000825942
                  74           -0.933096           -0.939037         0.000818759
                  75           -0.932952           -0.938955         0.000811833
                  76             -0.9337           -0.938886         0.000804059
                  77           -0.935233           -0.938839         0.000794965
                  78           -0.945254           -0.938921         0.000789004
                  79           -0.934853            -0.93887         0.000780653
                  80           -0.934043           -0.938809         0.000773191
                  81           -0.943127           -0.938863         0.000765444
                  82            -0.94461           -0.938933         0.000759294
                  83           -0.943592           -0.938989         0.000752188
                  84           -0.925138           -0.938824         0.000761253
                  85           -0.935975            -0.93879          0.00075299
                  86           -0.948675           -0.938905         0.000753007
                  87           -0.939448           -0.938912         0.000744328
                  88             -0.9339           -0.938855         0.000738021
                  89           -0.948387           -0.938962         0.000737501
                  90           -0.932744           -0.938893         0.000732525
                  91           -0.944942           -0.938959         0.000727474
                  92            -0.94491           -0.939024         0.000722424
                  93           -0.934573           -0.938976         0.000716215
                  94           -0.951113           -0.939105         0.000720222
                  95           -0.947461           -0.939193         0.000718008
                  96           -0.932016           -0.939118         0.000714412
                  97           -0.938835           -0.939115         0.000707015
                  98            -0.93285           -0.939051         0.000702678
                  99           -0.940259           -0.939064         0.000695651
                 100             -0.9466           -0.939139         0.000692771
                   1           -0.861384           -0.861384                   0
                   2           -0.858708           -0.860046            0.001338
                   3           -0.865159           -0.861751            0.001871
                   4           -0.860587            -0.86146          0.00135457
                   5           -0.856388           -0.860445          0.00145946
                   6           -0.852291           -0.859086          0.00180748
                   7           -0.860539           -0.859294          0.00154163
                   8           -0.865935           -0.860124          0.00157211
                   9           -0.869695           -0.861187          0.00174739
                  10           -0.864751           -0.861544          0.00160302
                  11           -0.854464             -0.8609          0.00158641
                  12           -0.854922           -0.860402          0.00153148
                  13           -0.861463           -0.860484          0.00141112
                  14           -0.861931           -0.860587          0.00131052
                  15           -0.864721           -0.860863          0.00125078
                  16           -0.864382           -0.861082          0.00119049
                  17           -0.864845           -0.861304          0.00113996
                  18            -0.86107           -0.861291          0.00107484
                  19           -0.855774              -0.861          0.00105735
                  20           -0.862382           -0.861069          0.00100547
                  21           -0.859795           -0.861009         0.000958312
                  22           -0.869469           -0.861393         0.000991336
                  23             -0.8576           -0.861228         0.000961502
                  24           -0.862423           -0.861278         0.000921913
                  25           -0.865691           -0.861455         0.000901716
                  26           -0.874098           -0.861941         0.000993492
                  27           -0.865685            -0.86208         0.000965995
                  28           -0.862735           -0.862103          0.00093115
                  29            -0.86312           -0.862138         0.000899151
                  30           -0.855712           -0.861924         0.000894686
                  31           -0.869265           -0.862161         0.000897162
                  32           -0.861179            -0.86213         0.000869215
                  33           -0.857601           -0.861993         0.000853568
                  34           -0.851637           -0.861688         0.000882327
                  35           -0.865051           -0.861784         0.000862118
                  36           -0.852639            -0.86153         0.000875497
                  37           -0.857524           -0.861422         0.000858363
                  38           -0.863158           -0.861468         0.000836718
                  39           -0.856837           -0.861349         0.000823586
                  40           -0.859764           -0.861309          0.00080371
                  41           -0.868924           -0.861495         0.000805566
                  42           -0.862968            -0.86153         0.000786933
                  43           -0.858039           -0.861449         0.000772692
                  44           -0.864024           -0.861507         0.000757191
                  45           -0.860256            -0.86148         0.000740695
                  46            -0.86634           -0.861585         0.000732079
                  47           -0.861285           -0.861579         0.000716362
                  48           -0.864942           -0.861649          0.00070477
                  49           -0.860883           -0.861633         0.000690414
                  50           -0.865462            -0.86171         0.000680784
                  51           -0.862553           -0.861726         0.000667507
                  52           -0.863827           -0.861767          0.00065579
                  53           -0.862072           -0.861773         0.000643323
                  54           -0.854245           -0.861633         0.000646507
                  55           -0.858005           -0.861567         0.000638062
                  56           -0.866574           -0.861657          0.00063291
                  57           -0.856164            -0.86156         0.000629132
                  58           -0.865122           -0.861622         0.000621232
                  59           -0.861647           -0.861622         0.000610612
                  60            -0.85372            -0.86149         0.000614626
                  61            -0.85708           -0.861418         0.000608774
                  62           -0.865911           -0.861491         0.000603243
                  63           -0.862355           -0.861504         0.000593749
                  64           -0.857386            -0.86144          0.00058793
                  65           -0.861928           -0.861447         0.000578863
                  66           -0.867151           -0.861534         0.000576539
                  67           -0.861632           -0.861535         0.000567871
                  68           -0.859093           -0.861499         0.000560609
                  69           -0.869821            -0.86162         0.000565435
                  70           -0.855109           -0.861527         0.000565008
                  71           -0.860388           -0.861511         0.000557224
                  72            -0.85993           -0.861489         0.000549869
                  73           -0.858347           -0.861446          0.00054399
                  74           -0.860008           -0.861427          0.00053694
                  75           -0.869677           -0.861537         0.000541033
                  76           -0.856017           -0.861464         0.000538785
                  77           -0.860079           -0.861446         0.000532045
                  78              -0.856           -0.861376         0.000529802
                  79           -0.861041           -0.861372         0.000523069
                  80           -0.866778           -0.861439         0.000520891
                  81           -0.867794           -0.861518         0.000520369
                  82           -0.864059           -0.861549         0.000514917
                  83           -0.858096           -0.861507         0.000510373
                  84            -0.87334           -0.861648         0.000523566
                  85           -0.866984           -0.861711         0.000521164
                  86            -0.87381           -0.861852         0.000533935
                  87           -0.863863           -0.861875         0.000528269
                  88           -0.861993           -0.861876         0.000522233
                  89           -0.861971           -0.861877         0.000516333
                  90           -0.862992            -0.86189         0.000510714
                  91            -0.85896           -0.861857         0.000506095
                  92           -0.861085           -0.861849         0.000500634
                  93           -0.866366           -0.861897         0.000497598
                  94           -0.851029           -0.861782         0.000505672
                  95           -0.861309           -0.861777         0.000500346
                  96           -0.868328           -0.861845         0.000499787
                  97           -0.862346            -0.86185         0.000494635
                  98           -0.860837            -0.86184          0.00048967
                  99           -0.849887           -0.861719          0.00049951
                 100           -0.856728           -0.861669         0.000497002
                   1           -0.793905           -0.793905                   0
                   2           -0.794467           -0.794186          0.00028064
                   3           -0.791561           -0.793311         0.000889705
                   4           -0.791152           -0.792771         0.000828954
                   5           -0.795146           -0.793246         0.000798665
                   6           -0.786167           -0.792066          0.00134804
                   7           -0.791879            -0.79204          0.00113961
                   8           -0.789848           -0.791766          0.00102425
                   9           -0.784418           -0.790949          0.00121761
                  10           -0.795073           -0.791362          0.00116454
                  11           -0.789028           -0.791149          0.00107452
                  12           -0.784036           -0.790557          0.00114611
                  13           -0.794892            -0.79089          0.00110576
                  14           -0.786904           -0.790605           0.0010626
                  15           -0.794516           -0.790866            0.001023
                  16           -0.791022           -0.790876         0.000956974
                  17           -0.788044           -0.790709         0.000914221
                  18           -0.787934           -0.790555         0.000875616
                  19           -0.791067           -0.790582         0.000828687
                  20           -0.789163           -0.790511         0.000789357
                  21           -0.791244           -0.790546         0.000751639
                  22           -0.791866           -0.790606         0.000719168
                  23           -0.790654           -0.790608         0.000687192
                  24            -0.79738            -0.79089         0.000715894
                  25           -0.790757           -0.790885         0.000686682
                  26           -0.787449           -0.790753         0.000672845
                  27            -0.78652           -0.790596         0.000666152
                  28           -0.783908           -0.790357         0.000684922
                  29           -0.790022           -0.790346         0.000660983
                  30           -0.793164            -0.79044         0.000645442
                  31           -0.789069           -0.790395         0.000625838
                  32           -0.792216           -0.790452         0.000608631
                  33           -0.786868           -0.790344         0.000599816
                  34           -0.790994           -0.790363         0.000582221
                  35           -0.782766           -0.790146          0.00060558
                  36           -0.792007           -0.790197         0.000590786
                  37           -0.787848           -0.790134         0.000578093
                  38           -0.794272           -0.790243         0.000573117
                  39           -0.785859            -0.79013         0.000569434
                  40           -0.794423           -0.790238         0.000565294
                  41           -0.791784           -0.790275         0.000552623
                  42           -0.787168           -0.790201         0.000544356
                  43           -0.792196           -0.790248         0.000533566
                  44           -0.784869           -0.790126         0.000535441
                  45           -0.786854           -0.790053         0.000528433
                  46           -0.794005           -0.790139         0.000523909
                  47           -0.792796           -0.790195         0.000515748
                  48           -0.788255           -0.790155         0.000506505
                  49           -0.794868           -0.790251         0.000505302
                  50           -0.786699            -0.79018         0.000500163
                  51           -0.793438           -0.790244         0.000494402
                  52           -0.789614           -0.790232         0.000484953
                  53           -0.786731           -0.790166         0.000480278
                  54           -0.787692            -0.79012         0.000473522
                  55           -0.789047             -0.7901         0.000465242
                  56           -0.788123           -0.790065         0.000458221
                  57           -0.793545           -0.790126         0.000454233
                  58           -0.788563           -0.790099         0.000447145
                  59           -0.786213           -0.790033          0.00044441
                  60           -0.788587           -0.790009         0.000437605
                  61            -0.78469           -0.789922         0.000439118
                  62           -0.792899            -0.78997         0.000434638
                  63           -0.790105           -0.789972         0.000427689
                  64           -0.790083           -0.789974         0.000420957
                  65           -0.790788           -0.789986         0.000414619
                  66           -0.791436           -0.790008         0.000408879
                  67           -0.787322           -0.789968          0.00040472
                  68           -0.790561           -0.789977         0.000398819
                  69           -0.792941            -0.79002         0.000395338
                  70           -0.785135            -0.78995          0.00039585
                  71           -0.784075           -0.789867         0.000398912
                  72           -0.794892           -0.789937         0.000399476
                  73           -0.791492           -0.789959         0.000394541
                  74            -0.79298           -0.789999         0.000391308
                  75           -0.788851           -0.789984         0.000386359
                  76           -0.794185           -0.790039         0.000385228
                  77           -0.789793           -0.790036         0.000380206
                  78            -0.79048           -0.790042         0.000375343
                  79           -0.792082           -0.790068          0.00037146
                  80           -0.795646           -0.790137         0.000373357
                  81           -0.793648           -0.790181         0.000371257
                  82           -0.785145           -0.790119         0.000371808
                  83           -0.793587           -0.790161          0.00036967
                  84           -0.782943           -0.790075         0.000375215
                  85            -0.78698           -0.790039         0.000372558
                  86           -0.787512           -0.790009         0.000369371
                  87           -0.788036           -0.789987         0.000365804
                  88           -0.787187           -0.789955          0.00036302
                  89           -0.788736           -0.789941         0.000359179
                  90           -0.784797           -0.789884         0.000359736
                  91           -0.789378           -0.789878         0.000355804
                  92           -0.790322           -0.789883         0.000351949
                  93           -0.792208           -0.789908          0.00034904
                  94           -0.791449           -0.789925         0.000345696
                  95           -0.788066           -0.789905         0.000342597
                  96           -0.791316            -0.78992         0.000339328
                  97            -0.78631           -0.789883         0.000337867
                  98           -0.790952           -0.789894          0.00033458
                  99           -0.791739           -0.789912         0.000331707
                 100           -0.789722            -0.78991         0.000328379
                   1           -0.720117           -0.720117                   0
                   2           -0.722887           -0.721502          0.00138508
                   3           -0.725722           -0.722909          0.00161786
                   4           -0.721997           -0.722681          0.00116648
                   5             -0.7192           -0.721985          0.00114065
                   6           -0.725596           -0.722587          0.00110895
                   7           -0.718311           -0.721976          0.00111866
                   8           -0.727331           -0.722645          0.00117754
                   9            -0.72188            -0.72256          0.00104197
                  10           -0.723823           -0.722686         0.000940481
                  11           -0.726983           -0.723077         0.000936089
                  12           -0.724661           -0.723209         0.000864661
                  13           -0.717886             -0.7228         0.000894567
                  14           -0.725572           -0.722998         0.000851557
                  15           -0.728618           -0.723372         0.000876836
                  16           -0.725829           -0.723526         0.000834449
                  17           -0.726528           -0.723702         0.000803483
                  18           -0.717879           -0.723379         0.000823726
                  19           -0.723199           -0.723369         0.000779224
                  20           -0.726333           -0.723518         0.000753941
                  21           -0.722566           -0.723472          0.00071857
                  22           -0.726359           -0.723604         0.000697582
                  23           -0.721698           -0.723521         0.000671694
                  24            -0.72983           -0.723784         0.000694749
                  25           -0.728523           -0.723973         0.000692818
                  26           -0.727734           -0.724118         0.000681176
                  27           -0.727335           -0.724237         0.000666204
                  28           -0.725299           -0.724275          0.00064309
                  29            -0.72466           -0.724288          0.00062066
                  30            -0.72316           -0.724251         0.000600792
                  31           -0.726105            -0.72431          0.00058416
                  32           -0.721649           -0.724227         0.000571692
                  33           -0.723203           -0.724196         0.000554965
                  34           -0.720323           -0.724082         0.000550315
                  35           -0.726142           -0.724141         0.000537593
                  36           -0.722771           -0.724103         0.000523831
                  37           -0.726656           -0.724172         0.000514126
                  38           -0.723362           -0.724151         0.000500868
                  39           -0.726536           -0.724212         0.000491674
                  40           -0.726667           -0.724273         0.000483139
                  41           -0.724042           -0.724268         0.000471242
                  42           -0.723397           -0.724247         0.000460352
                  43           -0.720729           -0.724165         0.000456904
                  44           -0.727398           -0.724239         0.000452404
                  45           -0.725772           -0.724273         0.000443547
                  46           -0.725594           -0.724301         0.000434747
                  47           -0.721443           -0.724241         0.000429721
                  48            -0.71854           -0.724122         0.000437118
                  49           -0.729294           -0.724227         0.000440926
                  50           -0.721963           -0.724182         0.000434385
                  51           -0.726959           -0.724236          0.00042925
                  52           -0.718652           -0.724129         0.000434399
                  53           -0.721806           -0.724085         0.000428372
                  54           -0.727779           -0.724154         0.000425892
                  55           -0.721247           -0.724101         0.000421403
                  56           -0.726216           -0.724139          0.00041553
                  57            -0.72361           -0.724129          0.00040828
                  58           -0.721765           -0.724089         0.000403245
                  59           -0.723907           -0.724085         0.000396363
                  60           -0.721867           -0.724048         0.000391451
                  61            -0.72572           -0.724076         0.000385954
                  62           -0.721826            -0.72404         0.000381408
                  63           -0.721803           -0.724004          0.00037698
                  64           -0.729966           -0.724097         0.000382557
                  65           -0.726448           -0.724133         0.000378358
                  66           -0.726467           -0.724169         0.000374255
                  67           -0.721267           -0.724125         0.000371162
                  68           -0.723261           -0.724113         0.000365884
                  69           -0.721739           -0.724078          0.00036218
                  70           -0.726251           -0.724109         0.000358315
                  71           -0.726275            -0.72414         0.000354547
                  72           -0.726413           -0.724171         0.000351011
                  73           -0.722692           -0.724151         0.000346762
                  74           -0.725175           -0.724165         0.000342323
                  75           -0.729072            -0.72423         0.000344008
                  76           -0.723787           -0.724225         0.000339502
                  77           -0.726222           -0.724251         0.000336066
                  78            -0.72671           -0.724282         0.000333225
                  79           -0.726763           -0.724314         0.000330475
                  80           -0.726891           -0.724346         0.000327904
                  81           -0.726102           -0.724367         0.000324556
                  82           -0.727508           -0.724406         0.000322853
                  83           -0.726665           -0.724433         0.000320099
                  84            -0.72821           -0.724478         0.000319445
                  85           -0.726345             -0.7245         0.000316428
                  86           -0.728572           -0.724547         0.000316291
                  87           -0.727707           -0.724584         0.000314736
                  88           -0.724163           -0.724579         0.000311176
                  89           -0.721933           -0.724549         0.000309092
                  90           -0.724916           -0.724553         0.000305666
                  91           -0.723965           -0.724547         0.000302357
                  92           -0.727878           -0.724583         0.000301237
                  93           -0.722297           -0.724558         0.000298992
                  94           -0.728655           -0.724602         0.000298988
                  95           -0.727774           -0.724635         0.000297702
                  96           -0.720563           -0.724593         0.000297624
                  97           -0.722746           -0.724574         0.000295154
                  98           -0.724868           -0.724577         0.000292142
                  99           -0.720988           -0.724541          0.00029144
                 100           -0.728294           -0.724578         0.000290941
                   1           -0.669838           -0.669838                   0
                   2           -0.669769           -0.669803           3.444e-05
                   3           -0.664404           -0.668004          0.00179972
                   4           -0.666761           -0.667693          0.00130995
                   5           -0.669864           -0.668127          0.00110371
                   6           -0.668943           -0.668263         0.000911374
                   7           -0.667659           -0.668177         0.000775077
                   8           -0.664061           -0.667662         0.000845738
                   9           -0.668682           -0.667776         0.000754428
                  10           -0.663131           -0.667311         0.000819187
                  11           -0.670939           -0.667641         0.000811048
                  12           -0.673088           -0.668095         0.000868436
                  13           -0.663691           -0.667756         0.000867711
                  14           -0.668761           -0.667828         0.000806546
                  15            -0.66327           -0.667524         0.000810004
                  16           -0.665107           -0.667373         0.000772606
                  17             -0.6697            -0.66751         0.000738535
                  18           -0.671004           -0.667704         0.000722847
                  19           -0.669693           -0.667809         0.000691711
                  20            -0.66828           -0.667832         0.000656637
                  21           -0.665138           -0.667704         0.000637631
                  22           -0.669857           -0.667802         0.000615784
                  23            -0.66526           -0.667691         0.000598689
                  24           -0.668611            -0.66773          0.00057448
                  25           -0.668492            -0.66776         0.000551864
                  26           -0.663654           -0.667602         0.000553238
                  27           -0.663147           -0.667437         0.000557338
                  28           -0.663065           -0.667281         0.000559302
                  29           -0.667403           -0.667285         0.000539687
                  30           -0.669574           -0.667361         0.000526938
                  31           -0.664008           -0.667253         0.000521011
                  32              -0.664           -0.667152         0.000514612
                  33           -0.669118           -0.667211         0.000502321
                  34           -0.664263           -0.667124         0.000494976
                  35           -0.665499           -0.667078         0.000482864
                  36           -0.666185           -0.667053         0.000469914
                  37           -0.666742           -0.667045         0.000457115
                  38           -0.662537           -0.666926         0.000460468
                  39           -0.665688           -0.666894         0.000449627
                  40           -0.669961           -0.666971         0.000444896
                  41           -0.667766            -0.66699         0.000434342
                  42           -0.667427           -0.667001         0.000424001
                  43           -0.664577           -0.666944         0.000417844
                  44           -0.666552           -0.666936         0.000408335
                  45           -0.665279           -0.666899         0.000400852
                  46           -0.667799           -0.666918         0.000392529
                  47           -0.668334           -0.666948         0.000385266
                  48           -0.663618           -0.666879         0.000383481
                  49           -0.664424           -0.666829         0.000378902
                  50           -0.664137           -0.666775         0.000375132
                  51           -0.667924           -0.666798         0.000368393
                  52           -0.664048           -0.666745         0.000365089
                  53           -0.666973           -0.666749          0.00035816
                  54           -0.671294           -0.666833         0.000361403
                  55           -0.667865           -0.666852         0.000355267
                  56           -0.669197           -0.666894          0.00035137
                  57           -0.667476           -0.666904         0.000345301
                  58           -0.667925           -0.666922         0.000339752
                  59           -0.669195            -0.66696         0.000336159
                  60           -0.669529           -0.667003         0.000333271
                  61           -0.665885           -0.666985         0.000328274
                  62            -0.66707           -0.666986         0.000322939
                  63           -0.669644           -0.667028         0.000320561
                  64           -0.665012           -0.666997          0.00031708
                  65            -0.67123           -0.667062         0.000318885
                  66           -0.668168           -0.667079         0.000314463
                  67           -0.666688           -0.667073         0.000309789
                  68           -0.670732           -0.667127         0.000309907
                  69           -0.667615           -0.667134         0.000305464
                  70           -0.670924           -0.667188           0.0003059
                  71           -0.668481           -0.667206         0.000302111
                  72           -0.665091           -0.667177          0.00029933
                  73           -0.665275           -0.667151         0.000296348
                  74           -0.667374           -0.667154         0.000292332
                  75           -0.667107           -0.667153         0.000288408
                  76           -0.666848           -0.667149         0.000284616
                  77           -0.668794            -0.66717         0.000281707
                  78           -0.667233           -0.667171         0.000278073
                  79           -0.667587           -0.667176          0.00027458
                  80            -0.66576           -0.667159         0.000271704
                  81           -0.663104           -0.667109         0.000272959
                  82           -0.669688            -0.66714         0.000271438
                  83           -0.670264           -0.667178         0.000270776
                  84           -0.667802           -0.667185         0.000267636
                  85           -0.666592           -0.667178         0.000264561
                  86           -0.663246           -0.667133         0.000265434
                  87           -0.661297           -0.667065         0.000270805
                  88           -0.665495           -0.667048         0.000268304
                  89            -0.66355           -0.667008         0.000268167
                  90           -0.661393           -0.666946         0.000272412
                  91           -0.668859           -0.666967         0.000270221
                  92           -0.664018           -0.666935         0.000269183
                  93           -0.666303           -0.666928          0.00026636
                  94           -0.667101            -0.66693         0.000263517
                  95           -0.666082           -0.666921         0.000260881
                  96           -0.665874            -0.66691          0.00025838
                  97           -0.667015           -0.666911         0.000255705
                  98           -0.668472           -0.666927         0.000253582
                  99           -0.670663           -0.666965         0.000253829
                 100           -0.663191           -0.666927         0.000254096
                   1            -0.61717            -0.61717                   0
                   2           -0.612565           -0.614867          0.00230284
                   3            -0.61733           -0.615688          0.00156246
                   4           -0.614517           -0.615395          0.00114298
                   5             -0.6146           -0.615236         0.000899522
                   6           -0.614044           -0.615038         0.000760851
                   7           -0.614318           -0.614935         0.000651203
                   8           -0.615857            -0.61505         0.000575623
                   9           -0.613931           -0.614926         0.000522652
                  10           -0.617589           -0.615192         0.000538022
                  11             -0.6152           -0.615193          0.00048666
                  12           -0.618627           -0.615479         0.000528462
                  13           -0.617691           -0.615649         0.000515038
                  14           -0.614985           -0.615602         0.000479186
                  15           -0.613951           -0.615492          0.00045948
                  16           -0.617576           -0.615622         0.000449113
                  17            -0.61355             -0.6155         0.000439124
                  18           -0.615097           -0.615478         0.000414615
                  19           -0.616451           -0.615529         0.000395516
                  20           -0.612742            -0.61539         0.000400264
                  21           -0.617101           -0.615471         0.000389355
                  22            -0.61433           -0.615419         0.000374842
                  23           -0.615936           -0.615442         0.000358879
                  24           -0.616458           -0.615484         0.000346199
                  25           -0.615175           -0.615472         0.000332292
                  26           -0.616337           -0.615505         0.000320985
                  27           -0.612729           -0.615402         0.000325533
                  28           -0.616356           -0.615436         0.000315538
                  29           -0.615216           -0.615429         0.000304557
                  30           -0.618109           -0.615518           0.0003075
                  31           -0.611668           -0.615394         0.000322302
                  32           -0.616769           -0.615437         0.000315014
                  33           -0.614566            -0.61541         0.000306456
                  34           -0.619623           -0.615534          0.00032209
                  35           -0.613675           -0.615481         0.000317233
                  36           -0.615093            -0.61547         0.000308484
                  37           -0.619925           -0.615591         0.000323281
                  38           -0.617018           -0.615628         0.000316894
                  39           -0.617375           -0.615673         0.000311893
                  40            -0.61534           -0.615665          0.00030411
                  41           -0.617914            -0.61572         0.000301632
                  42            -0.61619           -0.615731         0.000294576
                  43           -0.617426            -0.61577         0.000290332
                  44           -0.612373           -0.615693         0.000293976
                  45           -0.615436           -0.615687         0.000287426
                  46           -0.615574           -0.615685         0.000281119
                  47           -0.621335           -0.615805         0.000300194
                  48           -0.617743           -0.615845         0.000296634
                  49           -0.612134            -0.61577          0.00030023
                  50           -0.612397           -0.615702         0.000301797
                  51           -0.617811           -0.615744         0.000298697
                  52           -0.616117           -0.615751         0.000292985
                  53           -0.618619           -0.615805         0.000292455
                  54           -0.615491           -0.615799         0.000287047
                  55           -0.613653            -0.61576         0.000284468
                  56           -0.618056           -0.615801         0.000282335
                  57           -0.610905           -0.615715         0.000290334
                  58           -0.614756           -0.615699         0.000285763
                  59           -0.613113           -0.615655         0.000284278
                  60            -0.61467           -0.615638         0.000279981
                  61           -0.615628           -0.615638         0.000275353
                  62           -0.613788           -0.615608         0.000272514
                  63           -0.613978           -0.615582         0.000269399
                  64           -0.616986           -0.615604         0.000266062
                  65           -0.613002           -0.615564         0.000264978
                  66           -0.613197           -0.615528         0.000263387
                  67           -0.616776           -0.615547         0.000260094
                  68           -0.617756            -0.61558         0.000258292
                  69           -0.617905           -0.615613         0.000256743
                  70           -0.616149           -0.615621         0.000253164
                  71           -0.612869           -0.615582         0.000252564
                  72           -0.616668           -0.615597         0.000249487
                  73           -0.615174           -0.615591         0.000246114
                  74           -0.616028           -0.615597         0.000242838
                  75           -0.617681           -0.615625         0.000241184
                  76           -0.613761           -0.615601          0.00023925
                  77           -0.617298           -0.615623          0.00023715
                  78           -0.616781           -0.615638          0.00023456
                  79           -0.613309           -0.615608          0.00023344
                  80           -0.611397           -0.615555         0.000236439
                  81           -0.615611           -0.615556         0.000233502
                  82           -0.616654           -0.615569         0.000231025
                  83           -0.616541           -0.615581         0.000228525
                  84           -0.614991           -0.615574         0.000225898
                  85           -0.618282           -0.615606         0.000225485
                  86           -0.613919           -0.615586          0.00022371
                  87           -0.616609           -0.615598         0.000221435
                  88           -0.614295           -0.615583         0.000219404
                  89           -0.614774           -0.615574         0.000217115
                  90           -0.612278           -0.615538         0.000217791
                  91           -0.612195           -0.615501         0.000218494
                  92           -0.614132           -0.615486         0.000216618
                  93           -0.611761           -0.615446         0.000217988
                  94            -0.61695           -0.615462         0.000216249
                  95           -0.615238            -0.61546         0.000213974
                  96           -0.614862           -0.615453         0.000211825
                  97           -0.619704           -0.615497         0.000214162
                  98           -0.615909           -0.615501         0.000212007
                  99           -0.614649           -0.615493         0.000210031
                 100           -0.617145           -0.615509         0.000208575
                   1           -0.567856           -0.567856                   0
                   2           -0.570486           -0.569171          0.00131508
                   3           -0.570043           -0.569462         0.000812993
                   4           -0.570281           -0.569667         0.000610246
                   5           -0.567865           -0.569306         0.000594356
                   6           -0.567421           -0.568992         0.000578162
                   7           -0.569717           -0.569096         0.000499489
                   8           -0.567405           -0.568884         0.000481425
                   9           -0.566408           -0.568609         0.000505926
                  10            -0.57359           -0.569107         0.000672915
                  11           -0.568143            -0.56902         0.000614954
                  12            -0.56964           -0.569071         0.000563752
                  13           -0.569864           -0.569132         0.000522152
                  14           -0.566782           -0.568964         0.000511728
                  15           -0.570561           -0.569071         0.000488139
                  16           -0.570333            -0.56915         0.000463373
                  17           -0.574026           -0.569437         0.000521262
                  18           -0.570976           -0.569522         0.000498835
                  19           -0.573011           -0.569706         0.000506323
                  20           -0.569275           -0.569684         0.000480822
                  21           -0.570117           -0.569705         0.000457817
                  22           -0.568018           -0.569628         0.000443193
                  23           -0.570424           -0.569663         0.000424897
                  24           -0.569708           -0.569665         0.000406812
                  25           -0.569865           -0.569673         0.000390283
                  26            -0.56844           -0.569625         0.000377958
                  27           -0.569377           -0.569616         0.000363806
                  28           -0.568971           -0.569593         0.000351329
                  29           -0.568964           -0.569571          0.00033969
                  30           -0.567662           -0.569508         0.000334287
                  31           -0.570049           -0.569525         0.000323795
                  32           -0.569355            -0.56952         0.000313558
                  33           -0.571437           -0.569578         0.000309414
                  34           -0.570421           -0.569603         0.000301198
                  35           -0.566882           -0.569525         0.000302624
                  36           -0.566007           -0.569427         0.000309904
                  37           -0.572967           -0.569523          0.00031623
                  38           -0.571325            -0.56957         0.000311427
                  39           -0.573242           -0.569664         0.000317612
                  40            -0.56968           -0.569665          0.00030957
                  41           -0.570103           -0.569676         0.000302114
                  42           -0.570909           -0.569705         0.000296291
                  43           -0.571004           -0.569735         0.000290892
                  44           -0.567996           -0.569696         0.000286939
                  45            -0.56736           -0.569644         0.000285251
                  46           -0.573825           -0.569735         0.000293417
                  47           -0.571736           -0.569777         0.000290245
                  48           -0.569594           -0.569773          0.00028416
                  49           -0.574526            -0.56987         0.000294717
                  50           -0.568381           -0.569841         0.000290294
                  51           -0.568457           -0.569813         0.000285835
                  52           -0.571144           -0.569839          0.00028145
                  53           -0.572788           -0.569895         0.000281638
                  54           -0.572753           -0.569948         0.000281397
                  55            -0.57035           -0.569955          0.00027633
                  56           -0.569747           -0.569951         0.000271377
                  57           -0.569294            -0.56994         0.000266823
                  58           -0.570208           -0.569944         0.000262223
                  59            -0.57196           -0.569978         0.000259995
                  60           -0.571048           -0.569996         0.000256246
                  61           -0.570724           -0.570008         0.000252292
                  62           -0.570713            -0.57002          0.00024845
                  63             -0.5668           -0.569968         0.000249759
                  64           -0.571054           -0.569985         0.000246409
                  65           -0.565679           -0.569919         0.000251474
                  66           -0.571565           -0.569944         0.000248888
                  67           -0.572145           -0.569977         0.000247336
                  68           -0.575075           -0.570052         0.000254945
                  69           -0.570222           -0.570054         0.000251235
                  70           -0.572627           -0.570091         0.000250332
                  71           -0.569328            -0.57008         0.000247015
                  72           -0.569853           -0.570077         0.000243581
                  73           -0.570924           -0.570089           0.0002405
                  74            -0.56712           -0.570049         0.000240596
                  75           -0.568399           -0.570027         0.000238384
                  76           -0.565552           -0.569968         0.000242484
                  77           -0.570088           -0.569969         0.000239319
                  78           -0.568244           -0.569947         0.000237264
                  79           -0.569722           -0.569944         0.000234259
                  80           -0.565621            -0.56989         0.000237543
                  81           -0.568264            -0.56987          0.00023545
                  82           -0.572536           -0.569903         0.000234822
                  83           -0.569259           -0.569895         0.000232105
                  84           -0.570228           -0.569899         0.000229359
                  85            -0.57163           -0.569919         0.000227558
                  86           -0.569063           -0.569909         0.000225117
                  87           -0.571087           -0.569923         0.000222925
                  88           -0.569197           -0.569915         0.000220532
                  89           -0.573571           -0.569956         0.000221875
                  90           -0.571574           -0.569974         0.000220132
                  91           -0.571954           -0.569996         0.000218785
                  92           -0.569277           -0.569988         0.000216534
                  93           -0.572147           -0.570011         0.000215448
                  94           -0.569435           -0.570005         0.000213231
                  95           -0.572898           -0.570035         0.000213161
                  96           -0.569673           -0.570031         0.000210963
                  97           -0.568182           -0.570012         0.000209645
                  98           -0.567651           -0.569988         0.000208889
                  99            -0.56799           -0.569968         0.000207752
                 100           -0.568811           -0.569957         0.000205989
                   1           -0.524868           -0.524868                   0
                   2           -0.530488           -0.527678          0.00281024
                   3           -0.530239           -0.528532          0.00183342
                   4           -0.531337           -0.529233          0.00147399
                   5           -0.528258           -0.529038          0.00115827
                   6           -0.532864           -0.529676          0.00114057
                   7            -0.52953           -0.529655         0.000964182
                   8           -0.529246           -0.529604         0.000836567
                   9           -0.532402           -0.529915         0.000800606
                  10           -0.531571            -0.53008         0.000734978
                  11           -0.527518           -0.529847         0.000704428
                  12           -0.527738           -0.529672         0.000666638
                  13           -0.533169           -0.529941         0.000669622
                  14           -0.532959           -0.530156          0.00065636
                  15           -0.528926           -0.530074         0.000616514
                  16           -0.527893           -0.529938         0.000592591
                  17           -0.529465            -0.52991         0.000557338
                  18           -0.530129           -0.529922         0.000525604
                  19           -0.529969           -0.529925         0.000497178
                  20           -0.529812           -0.529919         0.000471698
                  21           -0.530016           -0.529924         0.000448698
                  22           -0.530921           -0.529969         0.000430212
                  23           -0.527971           -0.529882         0.000420158
                  24           -0.529142           -0.529851          0.00040345
                  25           -0.527772           -0.529768         0.000395811
                  26           -0.533497           -0.529912         0.000406433
                  27           -0.529116           -0.529882         0.000392199
                  28           -0.531083           -0.529925         0.000380358
                  29            -0.52915           -0.529898         0.000367979
                  30           -0.530553            -0.52992         0.000356171
                  31           -0.530984           -0.529954         0.000346196
                  32            -0.53196           -0.530017         0.000341014
                  33           -0.529623           -0.530005         0.000330735
                  34           -0.527438            -0.52993         0.000329626
                  35           -0.529813           -0.529926         0.000320087
                  36           -0.530042            -0.52993         0.000311085
                  37           -0.529601           -0.529921         0.000302691
                  38           -0.528484           -0.529883         0.000297035
                  39           -0.528366           -0.529844         0.000291921
                  40           -0.529698            -0.52984         0.000284553
                  41           -0.528165           -0.529799         0.000280517
                  42           -0.529208           -0.529785         0.000274119
                  43            -0.52643           -0.529707         0.000278809
                  44           -0.526982           -0.529645         0.000279353
                  45           -0.529514           -0.529642         0.000273091
                  46           -0.528861           -0.529625         0.000267628
                  47           -0.531191           -0.529659         0.000263982
                  48            -0.52798           -0.529624          0.00026078
                  49           -0.530284           -0.529637         0.000255758
                  50           -0.529493           -0.529634         0.000250607
                  51           -0.529503           -0.529632         0.000245657
                  52           -0.529671           -0.529633         0.000240888
                  53            -0.53126           -0.529663         0.000238286
                  54           -0.532322           -0.529713         0.000238957
                  55           -0.530781           -0.529732         0.000235375
                  56           -0.527105           -0.529685         0.000235845
                  57           -0.527554           -0.529648         0.000234667
                  58           -0.527059           -0.529603         0.000234866
                  59           -0.531409           -0.529634         0.000232872
                  60           -0.528805            -0.52962         0.000229373
                  61           -0.528303           -0.529598         0.000226612
                  62           -0.530939            -0.52962         0.000223974
                  63            -0.53314           -0.529676         0.000227364
                  64            -0.53111           -0.529698         0.000224902
                  65           -0.529716           -0.529698         0.000221415
                  66           -0.531232           -0.529722          0.00021927
                  67           -0.528026           -0.529696          0.00021745
                  68           -0.529687           -0.529696         0.000214229
                  69           -0.532589           -0.529738         0.000215223
                  70           -0.530589            -0.52975         0.000212474
                  71           -0.531762           -0.529779         0.000211368
                  72           -0.529097           -0.529769         0.000208627
                  73           -0.528707           -0.529755         0.000206263
                  74           -0.529061           -0.529745         0.000203672
                  75           -0.529012           -0.529735         0.000201176
                  76           -0.533532           -0.529785         0.000204701
                  77           -0.531693            -0.52981         0.000203538
                  78           -0.532441           -0.529844         0.000203724
                  79           -0.529483           -0.529839         0.000201181
                  80            -0.52969           -0.529837         0.000198659
                  81           -0.530315           -0.529843          0.00019628
                  82            -0.52953            -0.52984         0.000193909
                  83           -0.530391           -0.529846         0.000191674
                  84            -0.52852            -0.52983         0.000190035
                  85           -0.529226           -0.529823         0.000187921
                  86           -0.529703           -0.529822         0.000185728
                  87           -0.531618           -0.529843         0.000184737
                  88           -0.532851           -0.529877         0.000185798
                  89           -0.534106           -0.529924         0.000189747
                  90           -0.529897           -0.529924         0.000187627
                  91           -0.528629            -0.52991         0.000186098
                  92           -0.532915           -0.529942         0.000186941
                  93           -0.526896            -0.52991         0.000187798
                  94           -0.529767           -0.529908         0.000185796
                  95           -0.530279           -0.529912         0.000183871
                  96           -0.527472           -0.529887         0.000183712
                  97           -0.531802           -0.529906         0.000182878
                  98           -0.531721           -0.529925         0.000181946
                  99           -0.529207           -0.529918         0.000180245
                 100           -0.532841           -0.529947         0.000180813
                   1           -0.496737           -0.496737                   0
                   2           -0.492304           -0.494521          0.00221632
                   3           -0.494032           -0.494358          0.00128992
                   4           -0.497223           -0.495074          0.00115969
                   5             -0.4976           -0.495579           0.0010306
                   6           -0.492302           -0.495033          0.00100324
                   7           -0.498585            -0.49554         0.000988171
                   8           -0.495365           -0.495519         0.000856061
                   9           -0.494355           -0.495389          0.00076597
                  10           -0.492187           -0.495069         0.000756231
                  11            -0.49693           -0.495238         0.000704644
                  12           -0.495226           -0.495237          0.00064325
                  13           -0.496871           -0.495363         0.000604903
                  14           -0.496386           -0.495436          0.00056478
                  15           -0.495755           -0.495457         0.000526212
                  16           -0.495502            -0.49546         0.000492235
                  17           -0.492943           -0.495312         0.000485504
                  18           -0.495639            -0.49533         0.000458099
                  19           -0.495055           -0.495316          0.00043356
                  20           -0.497742           -0.495437         0.000428825
                  21           -0.493199            -0.49533         0.000421586
                  22           -0.494529           -0.495294         0.000403613
                  23            -0.49385           -0.495231         0.000390745
                  24           -0.494673           -0.495208         0.000374833
                  25           -0.495061           -0.495202         0.000359575
                  26           -0.495719           -0.495222          0.00034604
                  27           -0.497637           -0.495311         0.000344785
                  28           -0.494868           -0.495295         0.000332621
                  29            -0.49342           -0.495231         0.000327397
                  30           -0.494307             -0.4952         0.000317792
                  31           -0.495191             -0.4952          0.00030737
                  32           -0.493959           -0.495161         0.000300124
                  33            -0.49109           -0.495038         0.000315959
                  34           -0.496307           -0.495075          0.00030879
                  35           -0.493964           -0.495043         0.000301513
                  36           -0.495259           -0.495049         0.000293079
                  37           -0.492021           -0.494967         0.000296562
                  38            -0.49486           -0.494965         0.000288666
                  39           -0.493552           -0.494928         0.000283488
                  40           -0.494125           -0.494908          0.00027704
                  41           -0.493792           -0.494881         0.000271567
                  42           -0.496631           -0.494923         0.000268277
                  43           -0.494453           -0.494912         0.000262191
                  44           -0.494909           -0.494912         0.000256163
                  45           -0.495559           -0.494926         0.000250819
                  46           -0.492734           -0.494878         0.000249889
                  47           -0.496966           -0.494923         0.000248517
                  48           -0.494898           -0.494922         0.000243285
                  49           -0.495008           -0.494924         0.000238274
                  50           -0.493731             -0.4949         0.000234676
                  51           -0.493799           -0.494879          0.00023104
                  52           -0.494209           -0.494866         0.000226919
                  53           -0.494398           -0.494857         0.000222771
                  54            -0.49279           -0.494819         0.000221933
                  55           -0.494311           -0.494809         0.000218056
                  56           -0.496844           -0.494846         0.000217189
                  57           -0.495503           -0.494857         0.000213656
                  58           -0.497166           -0.494897         0.000213682
                  59            -0.49568            -0.49491         0.000210448
                  60           -0.492463            -0.49487         0.000210892
                  61           -0.493271           -0.494843         0.000209056
                  62           -0.496113           -0.494864         0.000206673
                  63           -0.492462           -0.494826         0.000206908
                  64           -0.496057           -0.494845         0.000204556
                  65           -0.494296           -0.494836         0.000201562
                  66            -0.49494           -0.494838          0.00019849
                  67           -0.494732           -0.494836         0.000195512
                  68            -0.49283           -0.494807         0.000194862
                  69           -0.493612            -0.49479         0.000192797
                  70           -0.492611           -0.494759         0.000192555
                  71            -0.49823           -0.494807         0.000196018
                  72           -0.498698           -0.494861          0.00020069
                  73            -0.49381           -0.494847         0.000198445
                  74           -0.490649            -0.49479         0.000203799
                  75           -0.494589           -0.494788         0.000201082
                  76           -0.495355           -0.494795         0.000198559
                  77           -0.494152           -0.494787         0.000196141
                  78           -0.494856           -0.494788         0.000193612
                  79           -0.495054           -0.494791         0.000191175
                  80           -0.489675           -0.494727          0.00019931
                  81           -0.492193           -0.494696         0.000199305
                  82           -0.496154           -0.494714         0.000197661
                  83           -0.495064           -0.494718         0.000195311
                  84           -0.490109           -0.494663         0.000200621
                  85           -0.494058           -0.494656         0.000198375
                  86           -0.492872           -0.494635         0.000197148
                  87            -0.49469           -0.494636          0.00019487
                  88           -0.492487           -0.494611         0.000194184
                  89           -0.492214           -0.494584          0.00019387
                  90           -0.498576           -0.494629         0.000196767
                  91           -0.494451           -0.494627         0.000194603
                  92           -0.494785           -0.494628         0.000192484
                  93           -0.497255           -0.494657         0.000192486
                  94           -0.496713           -0.494679          0.00019168
                  95           -0.492865           -0.494659          0.00019061
                  96           -0.492808            -0.49464         0.000189597
                  97           -0.491323           -0.494606         0.000190723
                  98           -0.490459           -0.494564         0.000193451
                  99           -0.491393           -0.494532         0.000194147
                 100           -0.493133           -0.494518         0.000192704
                   1           -0.460976           -0.460976                   0
                   2           -0.461814           -0.461395           0.0004188
                   3           -0.458878           -0.460556         0.000873262
                   4           -0.465209           -0.461719          0.00131704
                   5           -0.460243           -0.461424          0.00106206
                   6           -0.465019           -0.462023            0.001054
                   7           -0.463687           -0.462261         0.000921965
                   8           -0.462614           -0.462305         0.000799663
                   9           -0.462241           -0.462298         0.000705272
                  10           -0.462056           -0.462274         0.000631278
                  11           -0.467032           -0.462706         0.000716358
                  12           -0.462962           -0.462728          0.00065429
                  13             -0.4658           -0.462964         0.000646589
                  14           -0.460494           -0.462788         0.000624085
                  15           -0.464605           -0.462909         0.000593492
                  16           -0.465764           -0.463087         0.000583147
                  17           -0.463847           -0.463132         0.000549592
                  18           -0.460492           -0.462985         0.000538509
                  19           -0.461669           -0.462916         0.000514066
                  20           -0.462185           -0.462879         0.000489055
                  21           -0.463093            -0.46289         0.000465295
                  22           -0.463997            -0.46294         0.000446488
                  23           -0.460543           -0.462836         0.000439182
                  24            -0.46349           -0.462863         0.000421367
                  25           -0.460497           -0.462768         0.000415089
                  26           -0.461268           -0.462711         0.000402956
                  27           -0.465279           -0.462806         0.000399241
                  28            -0.46189           -0.462773         0.000386106
                  29           -0.460729           -0.462703          0.00037916
                  30           -0.462028            -0.46268         0.000366994
                  31           -0.462039           -0.462659          0.00035556
                  32           -0.463122           -0.462674         0.000344574
                  33           -0.465393           -0.462756         0.000343982
                  34           -0.462619           -0.462752         0.000333736
                  35           -0.465266           -0.462824         0.000331924
                  36           -0.463921           -0.462854         0.000324008
                  37           -0.463073            -0.46286         0.000315184
                  38           -0.462523           -0.462852         0.000306906
                  39           -0.461445           -0.462815           0.0003011
                  40           -0.462819           -0.462816         0.000293476
                  41           -0.463013            -0.46282         0.000286269
                  42           -0.464245           -0.462854         0.000281422
                  43            -0.46488           -0.462901         0.000278807
                  44           -0.464097           -0.462929         0.000273749
                  45            -0.46299            -0.46293           0.0002676
                  46           -0.459916           -0.462864         0.000269793
                  47           -0.464884           -0.462907         0.000267466
                  48           -0.460515           -0.462858         0.000266538
                  49           -0.461067           -0.462821         0.000263587
                  50           -0.462609           -0.462817         0.000258296
                  51           -0.464075           -0.462841          0.00025438
                  52           -0.465339           -0.462889         0.000254022
                  53           -0.461662           -0.462866         0.000250258
                  54           -0.465442           -0.462914         0.000250169
                  55           -0.464816           -0.462949         0.000248002
                  56           -0.461573           -0.462924         0.000244768
                  57           -0.467488           -0.463004         0.000253419
                  58           -0.462733           -0.462999         0.000249055
                  59           -0.461331           -0.462971         0.000246426
                  60           -0.462616           -0.462965         0.000242356
                  61           -0.463303           -0.462971         0.000238415
                  62           -0.462207           -0.462958         0.000234861
                  63           -0.461015           -0.462928         0.000233153
                  64           -0.464795           -0.462957         0.000231329
                  65           -0.465749              -0.463         0.000231758
                  66           -0.464582           -0.463024         0.000229475
                  67           -0.461502           -0.463001         0.000227163
                  68            -0.46178           -0.462983         0.000224517
                  69           -0.462406           -0.462975         0.000221397
                  70           -0.462817           -0.462972         0.000218223
                  71           -0.462772            -0.46297         0.000215146
                  72           -0.464682           -0.462993         0.000213465
                  73           -0.466781           -0.463045         0.000216821
                  74           -0.464659           -0.463067         0.000214981
                  75           -0.462918           -0.463065         0.000212104
                  76            -0.46383           -0.463075         0.000209537
                  77           -0.462371           -0.463066            0.000207
                  78           -0.460234            -0.46303          0.00020753
                  79           -0.464611            -0.46305         0.000205862
                  80           -0.466106           -0.463088         0.000206831
                  81           -0.463407           -0.463092         0.000204299
                  82            -0.46223           -0.463081         0.000202066
                  83           -0.466346           -0.463121         0.000203456
                  84           -0.465149           -0.463145         0.000202465
                  85           -0.464463            -0.46316         0.000200669
                  86           -0.461413            -0.46314          0.00019936
                  87           -0.463669           -0.463146         0.000197149
                  88           -0.462099           -0.463134         0.000195259
                  89           -0.461519           -0.463116         0.000193904
                  90           -0.461105           -0.463094         0.000193035
                  91           -0.463196           -0.463095         0.000190905
                  92           -0.462605            -0.46309         0.000188894
                  93           -0.460011           -0.463056          0.00018976
                  94           -0.463921           -0.463066         0.000187956
                  95           -0.461485           -0.463049          0.00018671
                  96           -0.461691           -0.463035         0.000185295
                  97           -0.465906           -0.463064         0.000185748
                  98           -0.464436           -0.463078         0.000184375
                  99           -0.464553           -0.463093          0.00018311
                 100           -0.462333           -0.463086         0.000181429
