                   1             49.0776            0.981552                   0
                   2              47.321            0.963986            0.017566
                   3              45.832            0.948204           0.0187597
                   4             48.9514             0.95591            0.015341
                   5             47.8394            0.956086           0.0118844
                   6              46.768            0.952631              0.0103
                   7             47.8464            0.953245          0.00872673
                   8             32.4352            0.915178           0.0388106
                   9             44.3112             0.91196           0.0343786
                  10             48.3922            0.917549           0.0312528
                  11             46.8874            0.919385           0.0283288
                  12              45.331            0.918321           0.0258824
                  13              46.937            0.919892           0.0238601
                  14             47.7884            0.922455           0.0222383
                  15             45.4182            0.921515           0.0207241
                  16             48.5794            0.924645           0.0196366
                  17              47.931            0.926643           0.0185533
                  18              48.897            0.929493           0.0177228
                  19              47.599            0.930677           0.0168059
                  20             46.0376             0.93018           0.0159512
                  21             48.6276            0.932198           0.0153061
                  22             47.4112            0.932927            0.014612
                  23             48.0574            0.934154           0.0140161
                  24             38.4112             0.92724           0.0150957
                  25             47.0372             0.92778           0.0144893
                  26             41.9886            0.924395           0.0143265
                  27             48.1034             0.92579           0.0138561
                  28             45.1556             0.92498           0.0133766
                  29             47.1698            0.925615           0.0129227
                  30             47.6886            0.926554           0.0125198
                  31              45.562             0.92606           0.0121193
                  32              37.718            0.920694            0.012903
                  33             47.1584            0.921375           0.0125244
                  34             48.6952             0.92292           0.0122483
                  35             49.1414            0.924632           0.0120157
                  36             46.2904            0.924665           0.0116772
                  37             48.1274            0.925689           0.0114033
                  38             41.9926             0.92343           0.0113267
                  39              17.381            0.908665            0.018431
                  40             35.0596            0.903479           0.0186981
                  41             47.0942            0.904415           0.0182604
                  42             47.3868            0.905447           0.0178501
                  43              48.071            0.906748           0.0174786
                  44             45.1896            0.906681           0.0170769
                  45              19.585            0.895237           0.0202392
                  46             48.8384             0.89701           0.0198735
                  47             47.2202            0.898018           0.0194722
                  48              45.061            0.898085           0.0190623
                  49             48.3552            0.899493           0.0187223
                  50             47.5164             0.90051           0.0183722
                  51             33.7296             0.89608           0.0185452
                  52             43.5894            0.895613            0.018191
                  53              49.142            0.897259           0.0179203
                  54             49.2098            0.898869           0.0176588
                  55             46.4124            0.899403            0.017343
                  56             28.7702            0.893617           0.0179864
                  57             44.5572            0.893574           0.0176681
                  58              40.162            0.892016           0.0174305
                  59             28.1764            0.886449           0.0180145
                  60             45.3582            0.886794           0.0177151
                  61             42.6272            0.886233           0.0174313
                  62             46.5758            0.886963           0.0171634
                  63             48.1768            0.888178           0.0169324
                  64             46.9152            0.888962           0.0166842
                  65              47.421            0.889876           0.0164509
                  66             34.5964            0.886877           0.0164751
                  67             33.5404            0.883652           0.0165446
                  68             47.2614            0.884558           0.0163247
                  69             48.3532            0.885753           0.0161307
                  70              47.828            0.886765           0.0159307
                  71              48.537            0.887948           0.0157492
                  72             48.2888            0.889029           0.0155665
                  73             30.5378            0.885217            0.015818
                  74             46.7894              0.8859           0.0156177
                  75             48.1698            0.886933           0.0154427
                  76             46.7878            0.887576           0.0152517
                  77             47.8028            0.888465           0.0150786
                  78             44.9034            0.888588           0.0148845
                  79             48.6104            0.889647            0.014733
                  80              43.061            0.889291            0.014552
                  81              42.279            0.888752           0.0143813
                  82              38.536            0.887312           0.0142776
                  83             46.1548            0.887743           0.0141111
                  84             45.2392            0.887946           0.0139436
                  85             40.1254            0.886941           0.0138152
                  86             45.8834            0.887298           0.0136583
                  87             44.0698            0.887231           0.0135005
                  88             37.7362            0.885725           0.0134309
                  89             48.3452            0.886637           0.0133104
                  90             47.6696            0.887379           0.0131826
                  91             47.3572            0.888035           0.0130535
                  92             42.0932            0.887534           0.0129206
                  93              42.958            0.887229           0.0127845
                  94             47.4976            0.887896           0.0126654
                  95             45.3198            0.888091           0.0125328
                  96             47.6308            0.888763           0.0124198
                  97               47.32            0.889357           0.0123055
                  98             48.0006            0.890078           0.0122006
                  99             48.9356            0.890973           0.0121098
                 100             46.1012            0.891284           0.0119921
                   1              34.016             0.68032                   0
                   2             23.9268            0.579428            0.100892
                   3              28.671            0.577425           0.0582844
                   4             23.4802             0.55047           0.0492456
                   5             23.8598            0.535815           0.0408637
                   6             26.4618            0.534719           0.0333831
                   7             29.6888            0.543155           0.0294483
                   8             32.7014            0.557014           0.0290254
                   9             16.7334            0.532309           0.0355753
                  10             32.3666            0.543812           0.0338347
                  11             23.4692            0.537045           0.0313436
                  12             29.1492            0.540874           0.0288676
                  13             22.3674            0.533679           0.0275117
                  14             31.0082            0.539857           0.0262093
                  15             25.7706            0.538227           0.0244539
                  16             33.1906            0.546076           0.0241837
                  17             33.2652             0.55309           0.0237746
                  18             24.1544            0.549201           0.0227498
                  19              20.197            0.541555           0.0228369
                  20             27.7568            0.542234           0.0216756
                  21             30.4552            0.545419           0.0208621
                  22             25.8872            0.544161           0.0199309
                  23             26.5378            0.543578           0.0190536
                  24               32.21             0.54777            0.018718
                  25             23.6212            0.544757           0.0182049
                  26             29.9408            0.546836           0.0176138
                  27             22.2024            0.543029           0.0173712
                  28             31.6256            0.546225           0.0170417
                  29             31.4266            0.549063           0.0166867
                  30              19.832            0.543982           0.0169025
                  31             34.6754            0.548806           0.0170449
                  32             26.5792            0.548267           0.0165124
                  33             31.2308            0.550581           0.0161706
                  34             26.1628            0.549777           0.0157084
                  35             24.2846            0.547946           0.0153625
                  36             26.4384            0.547414           0.0149391
                  37             26.3104             0.54684           0.0145411
                  38              26.043            0.546157           0.0141697
                  39             28.9972            0.547023           0.0138288
                  40             13.5992            0.540147           0.0151312
                  41             24.8854            0.539112           0.0147938
                  42             29.5606            0.540352           0.0144904
                  43              25.026            0.539426           0.0141797
                  44              31.971            0.541699           0.0140389
                  45             24.7052            0.540641           0.0137641
                  46              32.664             0.54309           0.0136824
                  47             33.0058             0.54558           0.0136177
                  48             23.3208             0.54393           0.0134326
                  49              25.329            0.543168           0.0131777
                  50             33.6264            0.545755           0.0131681
                  51             28.5118            0.546235           0.0129162
                  52             29.1396            0.546938           0.0126849
                  53             25.5908            0.546276           0.0124609
                  54             30.1354            0.547321           0.0122725
                  55             26.1842            0.546891            0.012055
                  56             32.1266            0.548599           0.0119603
                  57             24.3842             0.54753           0.0117971
                  58              33.188            0.549534           0.0117639
                  59             30.3252              0.5505            0.011603
                  60             16.4972            0.546824           0.0119856
                  61             21.3556            0.544861           0.0119498
                  62             28.7714            0.545354           0.0117658
                  63              30.713            0.546448           0.0116291
                  64             24.1418            0.545454            0.011489
                  65             23.9618            0.544435           0.0113566
                  66             30.9358            0.545561           0.0112397
                  67             25.0256            0.544888           0.0110911
                  68              29.727            0.545619           0.0109512
                  69              26.089            0.545273           0.0107968
                  70             24.9942            0.544625           0.0106612
                  71             35.3634            0.546915           0.0107567
                  72             17.5542            0.544196           0.0109494
                  73             26.2076            0.543921           0.0108019
                  74             21.8392            0.542473           0.0107528
                  75             27.6194            0.542605           0.0106093
                  76             27.8898            0.542805           0.0104707
                  77             24.0832            0.542011           0.0103643
                  78             31.7344            0.543199           0.0102993
                  79              25.973            0.542899           0.0101725
                  80             25.2064            0.542414           0.0100563
                  81             28.0566            0.542645          0.00993403
                  82              32.906            0.544054          0.00991268
                  83             27.9008            0.544222          0.00979396
                  84             26.0042            0.543934          0.00968093
                  85             26.7764            0.543836          0.00956687
                  86             33.8082            0.545374          0.00957936
                  87             29.8404            0.545965          0.00948705
                  88             26.6104            0.545809          0.00937993
                  89             32.5086            0.546982          0.00934778
                  90             26.7812            0.546856          0.00924419
                  91              30.614            0.547575          0.00917027
                  92             32.3938            0.548665          0.00913533
                  93             22.4932            0.547602           0.0090988
                  94             32.3218            0.548654          0.00906268
                  95             32.7324             0.54977          0.00903593
                  96             23.4394            0.548926          0.00898101
                  97             24.0486            0.548225          0.00891551
                  98             21.9648            0.547114           0.0088938
                  99             29.6674            0.547581          0.00881588
                 100             31.0612            0.548317          0.00875829
                   1             15.1012            0.302024                   0
                   2             11.5512            0.266524              0.0355
                   3             12.9368            0.263928           0.0206597
                   4             14.7486            0.271689           0.0165422
                   5             11.0488            0.261546           0.0163419
                   6             11.9878            0.257915           0.0138286
                   7             16.1464            0.267202           0.0149282
                   8             18.1766            0.279244           0.0176672
                   9             19.7986            0.292213           0.0202727
                  10              18.517            0.300026            0.019744
                  11             11.8396            0.294277           0.0187615
                  12             11.8652             0.28953           0.0177727
                  13             14.2564            0.289191            0.016352
                  14             16.7474            0.292459           0.0154878
                  15             16.6232            0.295126            0.014663
                  16             17.8542            0.298999           0.0142521
                  17             14.4316            0.298389           0.0134014
                  18             13.1744             0.29645           0.0127829
                  19              7.6144            0.288863           0.0142748
                  20             16.0538            0.290473           0.0136378
                  21             12.3078            0.288363           0.0131426
                  22             19.5318            0.293012           0.0133655
                  23              11.841            0.290569           0.0130028
                  24             15.4984            0.291377           0.0124754
                  25             18.9084            0.294848           0.0124594
                  26             21.8058            0.300282            0.013146
                  27             14.0736            0.299585           0.0126689
                  28             19.1978            0.302598           0.0125745
                  29              15.799             0.30306           0.0121419
                  30             13.4994            0.301957           0.0117819
                  31             14.9428            0.301857           0.0113959
                  32             13.0084            0.300555           0.0111107
                  33              15.743            0.300988           0.0107775
                  34             12.9914            0.299778           0.0105255
                  35              16.148             0.30044           0.0102418
                  36             11.1966            0.298315           0.0101776
                  37               14.47            0.298074          0.00990165
                  38             18.0162            0.299712          0.00977579
                  39             16.7518            0.300618          0.00956481
                  40               15.35            0.300777          0.00932399
                  41             20.0508            0.303222          0.00941665
                  42             16.1192            0.303678          0.00920102
                  43             16.3578            0.304224          0.00900107
                  44             16.5592            0.304837          0.00881544
                  45             14.2596              0.3044          0.00862837
                  46             17.1696            0.305248          0.00848118
                  47             14.6734            0.304997          0.00830255
                  48             14.3344            0.304616          0.00813669
                  49             11.4084            0.303056          0.00812019
                  50             13.3148            0.302321          0.00799003
                  51             17.2816             0.30317           0.0078777
                  52             12.8886            0.302297           0.0077739
                  53              9.6208            0.300224          0.00790261
                  54              7.0916             0.29729          0.00829107
                  55             14.8932            0.297301          0.00813893
                  56             15.5942            0.297561          0.00799651
                  57              13.649             0.29713           0.0078668
                  58             16.6646            0.297754          0.00775508
                  59             18.4366            0.298957          0.00771685
                  60             13.2396            0.298387          0.00760849
                  61             11.7012            0.297332          0.00755674
                  62             17.0372            0.298032          0.00746676
                  63              14.008            0.297749          0.00735276
                  64             13.4844             0.29731          0.00725023
                  65             15.9002            0.297628          0.00714492
                  66             21.1782            0.299537          0.00728998
                  67             15.5796            0.299716           0.0071826
                  68             11.2736            0.298625          0.00715992
                  69             16.8724            0.299187          0.00707779
                  70             12.9328            0.298608          0.00699994
                  71               14.49            0.298484          0.00690176
                  72              14.826            0.298457          0.00680528
                  73             14.7666            0.298414          0.00671155
                  74                13.3            0.297976           0.0066347
                  75             17.7716            0.298742          0.00659032
                  76             14.5414            0.298638          0.00650386
                  77             17.2986            0.299253          0.00644821
                  78             12.6388            0.298657          0.00639283
                  79             14.3014            0.298497          0.00631341
                  80             18.3842            0.299362           0.0062937
                  81             16.1458            0.299653          0.00622231
                  82             16.1266            0.299932          0.00615229
                  83             14.3596            0.299778          0.00607966
                  84              18.889            0.300707          0.00607819
                  85             18.1802            0.301447          0.00605167
                  86             22.2242             0.30311          0.00620784
                  87             18.1776            0.303805          0.00617528
                  88             15.4826            0.303871          0.00610506
                  89              13.907            0.303582            0.006043
                  90             18.9188            0.304413          0.00603299
                  91             13.3798            0.304009          0.00598003
                  92             15.5716            0.304089          0.00591522
                  93              13.135            0.303644          0.00586817
                  94             11.1326            0.302783            0.005869
                  95              13.232            0.302381          0.00582075
                  96               19.26            0.303244          0.00582405
                  97             17.2252            0.303669          0.00577937
                  98             14.2734            0.303483          0.00572311
                  99             11.8178            0.302805          0.00570544
                 100               12.04            0.302185          0.00568203
                   1              9.4432            0.188864                   0
                   2              9.2064            0.186496            0.002368
                   3              8.8636            0.183421          0.00336492
                   4             10.8198            0.191665          0.00858017
                   5              10.405            0.194952          0.00741458
                   6              6.0384            0.182588           0.0137666
                   7              9.2776            0.183011           0.0116426
                   8                5.98            0.175085           0.0128254
                   9              7.9638            0.173328           0.0114465
                  10              9.7634            0.175522           0.0104705
                  11               9.009            0.175946           0.0094804
                  12              7.5696              0.1739          0.00889298
                  13               10.89            0.177277          0.00884997
                  14              5.7194            0.172785          0.00934406
                  15             12.0294            0.177305          0.00980318
                  16              8.3942            0.176716          0.00918892
                  17              8.7308            0.176592          0.00863237
                  18              9.8752            0.177754          0.00822118
                  19              9.9864            0.178911          0.00786199
                  20              8.4478            0.178413          0.00747512
                  21              9.2708            0.178746          0.00711808
                  22              8.6254            0.178463          0.00679274
                  23               9.374            0.178855          0.00650252
                  24             11.6308            0.181095          0.00661642
                  25              9.8724            0.181749          0.00637987
                  26              8.1034            0.180992          0.00617614
                  27              7.5608            0.179889          0.00604445
                  28             10.1894            0.180743          0.00588678
                  29              7.1958            0.179473          0.00582039
                  30              12.169            0.181603          0.00601301
                  31              8.4926            0.181224          0.00582815
                  32              7.8808            0.180486          0.00569111
                  33              7.0698            0.179302          0.00564171
                  34              8.0844            0.178784          0.00549773
                  35              7.4338            0.177924           0.0054072
                  36              6.5784            0.176636          0.00541032
                  37              8.0008            0.176187           0.0052812
                  38              9.5608            0.176582          0.00515554
                  39               7.787            0.176048          0.00504996
                  40              9.4766            0.176385          0.00493362
                  41               8.561            0.176259          0.00481344
                  42              7.9398            0.175843           0.0047158
                  43              8.9498            0.175916          0.00460541
                  44              8.5722            0.175815          0.00450067
                  45               8.694            0.175772          0.00439973
                  46             10.0514            0.176321           0.0043379
                  47             12.4892            0.177884          0.00452325
                  48              9.1968             0.17801          0.00442981
                  49              9.5712            0.178284          0.00434709
                  50              8.4282            0.178089          0.00426369
                  51              8.8554             0.17807           0.0041793
                  52               8.975            0.178098          0.00409823
                  53              6.9882            0.177374          0.00408471
                  54              7.2288            0.176767          0.00405411
                  55              8.4564            0.176628          0.00398214
                  56              9.6074            0.176905          0.00392019
                  57              8.3234            0.176722          0.00385515
                  58             10.0878            0.177154          0.00381261
                  59              7.4322            0.176671          0.00377846
                  60              7.7466            0.176308          0.00373258
                  61              7.8242            0.175983          0.00368524
                  62              8.5082            0.175889          0.00362652
                  63               9.102            0.175987          0.00356983
                  64               9.587            0.176233          0.00352222
                  65              7.8694            0.175943          0.00347971
                  66               10.81            0.176553          0.00348044
                  67              6.5662            0.175878          0.00349394
                  68              9.5832             0.17611          0.00344999
                  69             10.4336            0.176582          0.00343222
                  70              8.8572             0.17659          0.00338284
                  71               7.867            0.176319          0.00334586
                  72               11.85            0.177162          0.00340501
                  73             10.1302             0.17751          0.00337608
                  74              9.7492            0.177746          0.00333851
                  75               9.567            0.177928          0.00329868
                  76             10.4428            0.178335          0.00328033
                  77             10.5822            0.178767          0.00326622
                  78              8.1196            0.178557           0.0032309
                  79              8.2856            0.178395          0.00319388
                  80             10.7358            0.178849          0.00318622
                  81               8.999            0.178863          0.00314667
                  82              5.3028            0.177975          0.00323239
                  83              9.9084            0.178218          0.00320246
                  84               4.777            0.177234          0.00331366
                  85              7.3706            0.176883          0.00329319
                  86              8.3002            0.176757          0.00325713
                  87               8.031            0.176571          0.00322481
                  88              7.6282            0.176298          0.00319961
                  89              8.7612            0.176286          0.00316347
                  90              8.0922            0.176126          0.00313224
                  91              9.4844            0.176275          0.00310121
                  92               8.806            0.176273          0.00306732
                  93             10.1606            0.176563          0.00304795
                  94              7.4834            0.176277           0.0030289
                  95              8.9856            0.176313          0.00299706
                  96              6.9912            0.175933          0.00298994
                  97              7.1956            0.175603          0.00297731
                  98              10.061            0.175864          0.00295834
                  99             10.2478            0.176158          0.00294302
                 100              6.5462            0.175705          0.00294834
                   1               5.633             0.11266                   0
                   2              6.6984            0.123314            0.010654
                   3              7.0238            0.129035          0.00840012
                   4               5.993            0.126741          0.00636725
                   5              4.8196            0.120671          0.00782097
                   6              5.2112             0.11793          0.00694929
                   7              5.3586            0.116393          0.00607097
                   8               6.427            0.117912          0.00547247
                   9               4.919            0.115741          0.00529173
                  10              4.0166              0.1122          0.00591102
                  11              3.9178            0.109124          0.00616878
                  12               5.752            0.109617          0.00565284
                  13               4.196             0.10764          0.00556289
                  14              5.7304            0.108138          0.00517423
                  15              5.3842            0.108107          0.00481704
                  16              5.3316            0.108015          0.00450687
                  17              5.2212            0.107804          0.00423874
                  18              5.6572            0.108101          0.00400732
                  19               4.538            0.107188          0.00389887
                  20              6.9522            0.108781          0.00402716
                  21               6.136            0.109445          0.00388768
                  22              7.4178            0.111213          0.00410711
                  23               4.404            0.110207          0.00405132
                  24               6.174             0.11076          0.00391807
                  25              6.8066            0.111775           0.0038927
                  26              5.9958            0.112088          0.00375307
                  27              5.8372            0.112261           0.0036155
                  28              4.5876            0.111528          0.00356015
                  29               5.349            0.111372          0.00343877
                  30              4.1404            0.110419          0.00345591
                  31              5.5624            0.110446          0.00334268
                  32              4.2028            0.109621          0.00333995
                  33              5.2082            0.109456          0.00324138
                  34              5.9674            0.109747          0.00315803
                  35              6.8362            0.110518          0.00316186
                  36              5.6672            0.110596          0.00307378
                  37              6.4792             0.11111          0.00303327
                  38              4.9254            0.110778          0.00297094
                  39              5.2596            0.110635           0.0028973
                  40              5.4876            0.110613          0.00282403
                  41              5.4452            0.110571           0.0027546
                  42              3.4732            0.109592          0.00286084
                  43              5.0614            0.109398          0.00280028
                  44              5.8738            0.109581          0.00274205
                  45              6.8094            0.110173          0.00274486
                  46              6.9844            0.110814          0.00276015
                  47              4.7886            0.110494          0.00271968
                  48              5.6688            0.110554          0.00266309
                  49              5.5154            0.110549          0.00260818
                  50              6.4672            0.110925          0.00258298
                  51               6.797            0.111416           0.0025789
                  52              4.7096            0.111084          0.00255042
                  53               3.656            0.110368          0.00260236
                  54              4.7664            0.110089          0.00256886
                  55               5.958            0.110254          0.00252711
                  56              5.4006            0.110214          0.00248189
                  57              5.4642            0.110198          0.00243802
                  58              5.3326            0.110137          0.00239639
                  59              6.2486            0.110388          0.00236881
                  60              4.7282            0.110125          0.00234388
                  61              6.1006            0.110319          0.00231336
                  62              5.3062            0.110252          0.00227675
                  63              5.8076            0.110345          0.00224227
                  64              5.4342            0.110319          0.00220711
                  65              5.9396             0.11045           0.0021768
                  66               3.707              0.1099          0.00221303
                  67              4.6674            0.109653          0.00219371
                  68              4.3332            0.109315          0.00218749
                  69              6.8678            0.109721          0.00219353
                  70               8.348            0.110539          0.00231143
                  71              5.3086            0.110477          0.00227948
                  72              6.9518            0.110874          0.00228232
                  73                6.23            0.111062          0.00225868
                  74              5.5982            0.111074          0.00222798
                  75              6.3412            0.111284          0.00220809
                  76              3.7466            0.110806          0.00223072
                  77              5.6744            0.110841          0.00220184
                  78              5.9342            0.110941          0.00217575
                  79              6.0272            0.111063          0.00215147
                  80              6.2674            0.111241           0.0021319
                  81              4.1142            0.110884          0.00213555
                  82              6.3702            0.111085          0.00211894
                  83              6.3022            0.111265            0.002101
                  84              6.3642            0.111456          0.00208458
                  85              5.7614            0.111501          0.00206039
                  86                6.33            0.111676          0.00204385
                  87              6.1064            0.111796          0.00202378
                  88              4.6676            0.111587           0.0020116
                  89              5.0134            0.111459          0.00199294
                  90              5.0292            0.111339          0.00197437
                  91              5.5522            0.111335          0.00195255
                  92              7.1948            0.111689          0.00196338
                  93              4.5418            0.111465          0.00195505
                  94              5.6968            0.111491          0.00193432
                  95              5.5954            0.111496          0.00191386
                  96              5.9272            0.111569          0.00189524
                  97              3.4454            0.111129          0.00192647
                  98              6.6712            0.111357          0.00192024
                  99              5.5494            0.111353          0.00190074
                 100              8.2542             0.11189          0.00195685
                   1              4.0542            0.081084                   0
                   2               4.162            0.082162            0.001078
                   3               3.131            0.075648          0.00654367
                   4              3.6832            0.075152          0.00465358
                   5              3.6812           0.0748464          0.00361758
                   6              3.0574           0.0725633          0.00373323
                   7               5.107           0.0767886          0.00527329
                   8              3.7122           0.0764705          0.00457787
                   9              3.9854           0.0768302          0.00405329
                  10              4.1474            0.077442          0.00367663
                  11              4.6866           0.0789229          0.00364046
                  12              5.4592           0.0814447          0.00417174
                  13               2.887           0.0796212          0.00424863
                  14               4.363           0.0801669          0.00397113
                  15              3.9554           0.0800963           0.0036976
                  16              4.5666           0.0807985          0.00352935
                  17              4.2504           0.0810461          0.00332448
                  18              3.9694            0.080954          0.00313571
                  19               4.612            0.081548          0.00302497
                  20              3.7398           0.0812104          0.00288953
                  21               4.384           0.0815185          0.00276571
                  22              4.7824           0.0821607          0.00271408
                  23              3.1704           0.0813454          0.00271854
                  24              4.5476           0.0817457           0.0026334
                  25              5.3688           0.0827709            0.002726
                  26               4.774           0.0832597          0.00266428
                  27              4.5478           0.0835447          0.00257951
                  28              3.5028            0.083063          0.00253193
                  29              3.7264           0.0827687          0.00246072
                  30              3.9338           0.0826323           0.0023812
                  31              2.9796            0.081889          0.00242006
                  32              3.4788           0.0815042          0.00237459
                  33               3.135           0.0809344            0.002371
                  34              4.1982           0.0810235          0.00230194
                  35              4.2478           0.0811359          0.00223802
                  36              3.9424           0.0810723          0.00217589
                  37              4.3342            0.081224           0.0021217
                  38              3.2418           0.0807927          0.00210966
                  39               4.881           0.0812242          0.00209966
                  40              4.1416           0.0812644          0.00204689
                  41              5.1138           0.0817769          0.00206107
                  42               4.587           0.0820141          0.00202534
                  43              3.5614           0.0817633          0.00199352
                  44              3.4212           0.0814601          0.00197114
                  45               4.057            0.081453          0.00192686
                  46              4.5782           0.0816728          0.00189728
                  47              4.7348           0.0819499          0.00187704
                  48              1.9662           0.0810618          0.00204085
                  49              3.6988           0.0809172          0.00200399
                  50              4.3814           0.0810514          0.00196808
                  51              3.0508           0.0806586           0.0019687
                  52              3.3196           0.0803842          0.00194987
                  53              4.7128            0.080646          0.00193055
                  54              3.2758           0.0803658          0.00191507
                  55              4.1232           0.0804039          0.00188032
                  56              2.8926           0.0800012          0.00188984
                  57              3.4094            0.079794          0.00186792
                  58              2.3324           0.0792225          0.00192234
                  59              5.0678           0.0795976          0.00192636
                  60              4.3024           0.0797051          0.00189703
                  61              2.3916           0.0791826          0.00193746
                  62              4.6754           0.0794137          0.00191991
                  63               4.271            0.079509          0.00189159
                  64              3.7712           0.0794452           0.0018629
                  65              3.7344            0.079372          0.00183547
                  66              5.0212            0.079691          0.00183538
                  67              3.3806           0.0795107          0.00181674
                  68              5.2898           0.0798972          0.00183109
                  69              5.0978           0.0802169          0.00183246
                  70              3.3912           0.0800399          0.00181475
                  71               3.943           0.0800233          0.00178909
                  72               3.748           0.0799529          0.00176546
                  73              4.0474           0.0799666          0.00174117
                  74              3.8146           0.0799169          0.00171819
                  75              4.8274           0.0801387          0.00170957
                  76              4.8006           0.0803475          0.00169981
                  77              4.2838           0.0804167          0.00167901
                  78              3.8824           0.0803812          0.00165773
                  79              5.0066           0.0806312          0.00165559
                  80              3.5602           0.0805134          0.00163901
                  81              3.0396           0.0802699          0.00163686
                  82              4.0408           0.0802766          0.00161679
                  83              5.1194            0.080543          0.00161925
                  84              4.9846            0.080771          0.00161602
                  85              5.3192           0.0810723          0.00162508
                  86              2.8152           0.0807843          0.00163169
                  87              3.4216           0.0806423          0.00161906
                  88              4.3376           0.0807117          0.00160206
                  89              4.0556           0.0807162          0.00158397
                  90              2.8622           0.0804554          0.00158783
                  91              4.6868           0.0806014          0.00157705
                  92              3.8646           0.0805654          0.00156023
                  93              3.3568            0.080421           0.0015501
                  94               4.613           0.0805469          0.00153869
                  95              2.9048           0.0803106          0.00154064
                  96              4.1442           0.0803374          0.00152474
                  97               4.557           0.0804488          0.00151305
                  98              4.1988           0.0804848          0.00149796
                  99              4.8784           0.0806573          0.00149276
                 100               3.097           0.0804702          0.00148956
                   1              3.2658            0.065316                   0
                   2              2.4716            0.057374            0.007942
                   3              3.4442           0.0612107          0.00597872
                   4              2.6722            0.059269          0.00465216
                   5              3.4202            0.061096          0.00404024
                   6              3.0108           0.0609493           0.0033021
                   7               2.695           0.0599423          0.00296692
                   8               3.843            0.062057          0.00332776
                   9              2.6682           0.0610911          0.00308967
                  10               2.013            0.059008          0.00346066
                  11              2.3402           0.0578985          0.00332108
                  12               2.708            0.057587          0.00304768
                  13              3.4882           0.0585237          0.00295581
                  14               2.843           0.0584049          0.00273912
                  15              3.9764           0.0598131          0.00291298
                  16              2.4602             0.05915          0.00280436
                  17              3.0946           0.0593113          0.00263917
                  18              2.6632           0.0589753          0.00251082
                  19              2.5068           0.0585101          0.00242013
                  20              3.7342           0.0593188           0.0024342
                  21              3.8732           0.0601829          0.00247135
                  22              3.1644            0.060324          0.00236057
                  23              3.1406           0.0604322          0.00225819
                  24              3.4042            0.060751          0.00218544
                  25               2.197           0.0600786          0.00220141
                  26              2.7616           0.0598922          0.00212325
                  27              2.7218           0.0596901          0.00205306
                  28              3.9912           0.0604091          0.00210501
                  29                3.34           0.0606295          0.00204305
                  30              3.1132            0.060684          0.00197452
                  31              2.0302           0.0600363          0.00201662
                  32              3.3628           0.0602619          0.00196558
                  33              3.0956           0.0603119          0.00190574
                  34              3.2974           0.0604776          0.00185626
                  35              2.0266           0.0599078          0.00189038
                  36              2.0728           0.0593952          0.00190728
                  37              3.9114           0.0599042          0.00192358
                  38              2.9262           0.0598679          0.00187263
                  39              3.7968           0.0602799          0.00186993
                  40              2.5692           0.0600575          0.00183611
                  41               2.666           0.0598932          0.00179829
                  42               2.434           0.0596262          0.00177514
                  43              3.5046           0.0598696          0.00175037
                  44              1.9528           0.0593965          0.00177434
                  45               2.409           0.0591473          0.00175228
                  46               2.514           0.0589545          0.00172458
                  47              4.0772           0.0594351          0.00175459
                  48              2.7372           0.0593374          0.00172043
                  49              2.3342           0.0590792          0.00170463
                  50              2.7934            0.059015          0.00167142
                  51              3.0284           0.0590454           0.0016386
                  52              3.7732           0.0593612          0.00163751
                  53              4.1278           0.0597988          0.00166487
                  54              3.4864           0.0599827          0.00164406
                  55              2.4924           0.0597984          0.00162438
                  56              2.4802           0.0596164          0.00160546
                  57              2.5028           0.0594486          0.00158594
                  58              3.6298           0.0596753          0.00157475
                  59              3.1814           0.0597423          0.00154928
                  60              3.9946           0.0600781          0.00155982
                  61              3.0694           0.0600996          0.00153419
                  62               3.311           0.0601983          0.00151247
                  63              2.9844           0.0601902          0.00148829
                  64              2.6246           0.0600699          0.00146978
                  65              2.8052           0.0600089          0.00144828
                  66               2.092           0.0597336          0.00145249
                  67              2.8006           0.0596781          0.00143172
                  68              1.6712            0.059292           0.0014624
                  69              4.1226           0.0596277          0.00147962
                  70              2.8328           0.0595852          0.00145895
                  71              2.9532           0.0595779          0.00143827
                  72               2.989           0.0595807          0.00141816
                  73               2.835           0.0595412          0.00139915
                  74              2.0312           0.0592856          0.00140359
                  75               3.923           0.0595412          0.00140815
                  76              2.7214           0.0594739          0.00139113
                  77              2.8456           0.0594407          0.00137335
                  78               2.692           0.0593689          0.00135753
                  79              3.4124           0.0594813          0.00134494
                  80              3.8716           0.0597057          0.00134684
                  81               3.527           0.0598394          0.00133682
                  82              2.8742           0.0598107          0.00132073
                  83              2.8536           0.0597777          0.00130514
                  84              3.8166           0.0599748          0.00130448
                  85              4.8444            0.060409          0.00136023
                  86              2.6182           0.0603155          0.00134757
                  87              3.8216           0.0605007          0.00134481
                  88              2.9786           0.0604902          0.00132948
                  89              2.3562             0.06034          0.00132301
                  90              2.9556           0.0603264           0.0013083
                  91              3.3872           0.0604079          0.00129641
                  92               2.529            0.060301          0.00128668
                  93              2.8224           0.0602596          0.00127344
                  94               3.476           0.0603581          0.00126367
                  95              3.8748           0.0605385          0.00126324
                  96              2.9144           0.0605151          0.00125024
                  97              2.2612           0.0603574          0.00124728
                  98               2.592           0.0602705          0.00123754
                  99              2.3626            0.060139          0.00123202
                 100              2.6826           0.0600742          0.00122136
                   1              2.6004            0.052008                   0
                   2              2.8958            0.054962            0.002954
                   3               2.628           0.0541613          0.00188408
                   4              2.8622            0.054932          0.00153909
                   5              1.7028           0.0507568          0.00434207
                   6              2.3318             0.05007           0.0036112
                   7              2.6924           0.0506097          0.00309937
                   8              2.5728           0.0507155          0.00268622
                   9              1.9604           0.0494369          0.00269205
                  10               2.254           0.0490012          0.00244694
                  11              2.2374           0.0486145          0.00224686
                  12              2.5006            0.048731           0.0020544
                  13               2.781           0.0492609          0.00196266
                  14              1.9362           0.0485083          0.00196678
                  15              2.4626           0.0485579          0.00183164
                  16              1.6518           0.0475878          0.00196893
                  17              2.6038           0.0478518          0.00186823
                  18              2.3396           0.0477929          0.00176237
                  19              2.3076           0.0477065          0.00166927
                  20              2.7276           0.0480488          0.00162018
                  21              2.1916            0.047848          0.00155412
                  22              2.8652           0.0482778          0.00154288
                  23              2.0802           0.0479877          0.00150255
                  24              2.5508           0.0481138          0.00144411
                  25              1.9016           0.0477106          0.00144265
                  26              2.3994           0.0477212           0.0013861
                  27              1.7436           0.0472453          0.00141613
                  28              2.2666            0.047177          0.00136633
                  29              3.1908           0.0477508          0.00143781
                  30              2.0546           0.0475288          0.00140668
                  31              2.8228           0.0478168          0.00139069
                  32              3.3276           0.0484023          0.00146831
                  33              3.1336           0.0488347          0.00148736
                  34              2.1726           0.0486764          0.00145161
                  35              2.9638           0.0489792          0.00144169
                  36              2.4184           0.0489622          0.00140118
                  37              3.0972           0.0493131          0.00140722
                  38              3.2922           0.0497481          0.00143711
                  39              2.5654           0.0497881          0.00140035
                  40              2.4004           0.0497436          0.00136562
                  41               2.357           0.0496801          0.00133341
                  42              2.8318           0.0498457          0.00131177
                  43                2.83           0.0500028           0.0012905
                  44                2.35           0.0499345          0.00126267
                  45              2.5004           0.0499362          0.00123429
                  46              2.2228            0.049817          0.00121303
                  47               2.199           0.0496929          0.00119342
                  48              3.0854           0.0499432           0.0011948
                  49              2.0546           0.0497625          0.00118403
                  50              2.6532           0.0498286          0.00116198
                  51              2.6826           0.0499035          0.00114144
                  52                2.08           0.0497438           0.0011306
                  53               2.789           0.0498577           0.0011149
                  54               2.563           0.0498837          0.00109436
                  55               2.395           0.0498476          0.00107489
                  56              2.7674           0.0499459          0.00106008
                  57              2.9342           0.0500992          0.00105254
                  58              2.1802           0.0499872          0.00104028
                  59              2.4206           0.0499605          0.00102284
                  60              2.2206            0.049868          0.00100989
                  61                2.73           0.0499456         0.000996225
                  62              1.3636           0.0495799          0.00104603
                  63              1.9204           0.0494025          0.00104446
                  64              3.7742           0.0498101          0.00110584
                  65              2.2568           0.0497382          0.00109107
                  66              2.1936           0.0496493          0.00107808
                  67              2.7028            0.049715           0.0010639
                  68              2.8678           0.0498274          0.00105414
                  69              1.3738           0.0495035          0.00108809
                  70              1.5876           0.0492499          0.00110201
                  71              2.2604            0.049193          0.00108787
                  72              1.9324           0.0490465           0.0010826
                  73              2.0888           0.0489469          0.00107231
                  74              2.2606           0.0488964          0.00105892
                  75               2.097           0.0488037          0.00104882
                  76              1.8192           0.0486403          0.00104775
                  77              2.7804           0.0487308            0.001038
                  78              1.5502           0.0485035          0.00104951
                  79              1.8246           0.0483514          0.00104724
                  80              1.6116             0.04815          0.00105351
                  81              2.3796           0.0481431          0.00104045
                  82              2.2202           0.0480975          0.00102869
                  83              2.5082           0.0481224          0.00101653
                  84              3.0292           0.0482707          0.00101525
                  85               2.674            0.048332           0.0010051
                  86              2.6966           0.0483971         0.000995479
                  87              2.5974           0.0484379         0.000984817
                  88              1.9532           0.0483314         0.000979371
                  89              2.4864           0.0483471         0.000968432
                  90              2.5152           0.0483688         0.000957858
                  91              2.0662           0.0482914         0.000950432
                  92              2.1918            0.048243         0.000941291
                  93              2.3664           0.0482332         0.000931166
                  94              2.1276           0.0481727         0.000923187
                  95              2.1046           0.0481087         0.000915658
                  96               1.822           0.0479872         0.000914186
                  97               1.796           0.0478628         0.000913226
                  98              1.6076           0.0477024         0.000917966
                  99              1.5348           0.0475307         0.000924742
                 100              1.9666           0.0474487         0.000919111
                   1              2.6292            0.052584                   0
                   2              1.8804            0.045096            0.007488
                   3              2.1182           0.0441853          0.00441807
                   4               2.183            0.044054          0.00312681
                   5              2.0658           0.0435064          0.00248315
                   6               1.679            0.041852          0.00261682
                   7              1.4258           0.0399469          0.00291904
                   8              1.6956           0.0391925          0.00263812
                   9              2.0844           0.0394698          0.00234306
                  10              2.1864           0.0398956          0.00213852
                  11               2.396           0.0406251          0.00206735
                  12              2.0858            0.040716          0.00188941
                  13              2.1214           0.0408477          0.00174299
                  14              2.5966           0.0416394          0.00179746
                  15              1.4158           0.0407512          0.00189447
                  16              1.4524           0.0400197          0.00191714
                  17              1.6216           0.0395734          0.00185532
                  18               2.002           0.0395993          0.00174941
                  19              1.6036           0.0392032          0.00170154
                  20              2.2288           0.0394718          0.00163642
                  21              2.4002           0.0398781           0.0016087
                  22              2.9226           0.0407224          0.00175084
                  23              2.3682           0.0410111          0.00169772
                  24               1.756           0.0407657          0.00164388
                  25              1.2904           0.0401674          0.00168645
                  26              1.8634           0.0400558          0.00162412
                  27              1.6098           0.0397647          0.00158969
                  28              1.2874           0.0392641          0.00161159
                  29              1.7558           0.0391211          0.00156159
                  30              1.7032           0.0389525          0.00151803
                  31              1.8802            0.038909          0.00146889
                  32              1.8212           0.0388314          0.00142436
                  33              1.5972           0.0386227          0.00139621
                  34              1.4142           0.0383186          0.00138824
                  35               1.793           0.0382483          0.00134982
                  36              1.8446           0.0382107          0.00131233
                  37               2.042           0.0382817          0.00127834
                  38              1.6292           0.0381318          0.00125325
                  39              2.0748           0.0382181          0.00122374
                  40              2.6646           0.0385949          0.00125087
                  41               1.353           0.0383136            0.001252
                  42              1.2804            0.038011          0.00125872
                  43              2.2952           0.0381946          0.00124273
                  44              2.3746           0.0384059           0.0012324
                  45              1.9242           0.0384076          0.00120471
                  46              2.2924           0.0385694          0.00118928
                  47              2.7778           0.0389308          0.00121853
                  48              2.0896           0.0389904          0.00119436
                  49              1.5296            0.038819          0.00118222
                  50              1.7116           0.0387273          0.00116197
                  51              2.4776           0.0389395          0.00115856
                  52               2.178           0.0390284          0.00113953
                  53              2.4102           0.0392015          0.00113115
                  54              1.9238           0.0391881          0.00111009
                  55               1.152           0.0388945          0.00112858
                  56               1.423           0.0387081           0.0011238
                  57              1.9056           0.0386977          0.00110395
                  58              1.7074           0.0386192          0.00108759
                  59              1.8032           0.0385759          0.00106987
                  60              1.7136           0.0385042          0.00105433
                  61              0.8578           0.0381542          0.00109437
                  62              1.8674           0.0381412          0.00107665
                  63              1.9508           0.0381551          0.00105952
                  64               2.035           0.0381949          0.00104359
                  65              2.3702           0.0383366          0.00103713
                  66               2.361           0.0384712          0.00103013
                  67              2.1852           0.0385493          0.00101764
                  68              1.5782           0.0384465          0.00100781
                  69              2.8718           0.0387217          0.00103052
                  70              2.0524            0.038755          0.00101624
                  71              1.8254           0.0387233          0.00100232
                  72              1.7218           0.0386638         0.000990096
                  73              2.1884           0.0387337         0.000978939
                  74              1.6122            0.038646         0.000969594
                  75                1.85           0.0386241          0.00095683
                  76              2.4906           0.0387713         0.000955564
                  77               1.853            0.038749         0.000943334
                  78              2.2636           0.0388327         0.000934909
                  79              1.7672           0.0387885         0.000924055
                  80              2.1248           0.0388349         0.000913607
                  81              2.3678             0.03894          0.00090837
                  82              1.7858           0.0389007         0.000898085
                  83              1.5378           0.0388026         0.000892609
                  84                1.42           0.0386788         0.000890571
                  85              1.7054            0.038625         0.000881673
                  86              1.6968           0.0385705         0.000873065
                  87               2.364           0.0386706         0.000868758
                  88              1.8876           0.0386601         0.000858893
                  89              2.7062           0.0388339         0.000866781
                  90              2.0634           0.0388609         0.000857522
                  91              3.0734           0.0391094         0.000883686
                  92              2.1482           0.0391513         0.000875031
                  93              1.4412           0.0390402         0.000872665
                  94               1.798           0.0390074         0.000863953
                  95              2.3378            0.039089         0.000858693
                  96              1.8602           0.0390694         0.000849928
                  97              1.8654           0.0390512         0.000841316
                  98              2.1022           0.0390818         0.000833247
                  99              2.1168           0.0391146         0.000825442
                 100              2.0028            0.039124           0.0008172
                   1              1.8026            0.036052                   0
                   2               1.061            0.028636            0.007416
                   3              1.2798           0.0276227          0.00439991
                   4              2.0364            0.030899          0.00451818
                   5              1.6596           0.0313576          0.00352969
                   6               1.674           0.0317113           0.0029036
                   7              1.3836           0.0311343          0.00252093
                   8              2.1132           0.0325255          0.00258878
                   9              1.7466           0.0327929          0.00229869
                  10              1.5084           0.0325304           0.0020727
                  11              2.0446           0.0332905          0.00202307
                  12               1.885            0.033658            0.001883
                  13              1.2174           0.0329418          0.00187432
                  14              0.8648           0.0318243          0.00206401
                  15              2.0686           0.0324608          0.00202417
                  16              1.7546           0.0326253          0.00190057
                  17               0.957            0.031832          0.00195357
                  18              1.8376           0.0321053          0.00186202
                  19              1.7172           0.0322232          0.00176523
                  20              1.4542           0.0320662          0.00168198
                  21              1.5574           0.0320225          0.00160048
                  22              0.6828           0.0311876          0.00173944
                  23              2.0638           0.0316263          0.00171899
                  24              1.3418           0.0314267          0.00165787
                  25              0.9122           0.0308994          0.00167532
                  26               2.217           0.0314163          0.00169057
                  27               0.933           0.0309439          0.00169397
                  28              1.2888           0.0307593          0.00164275
                  29                2.31           0.0312917          0.00167213
                  30              1.4666           0.0312264          0.00161675
                  31              1.7978            0.031379          0.00157115
                  32              1.4978           0.0313345          0.00152191
                  33              1.5062           0.0312978          0.00147553
                  34              1.5072           0.0312639          0.00143187
                  35              1.5098           0.0312334           0.0013907
                  36              1.2068           0.0310362          0.00136582
                  37              1.4136           0.0309615          0.00133049
                  38              1.3912           0.0308789          0.00129763
                  39               1.241           0.0307236          0.00127344
                  40              1.8716           0.0308913          0.00125247
                  41              1.6998            0.030967          0.00122389
                  42              2.1772           0.0312665          0.00123136
                  43              1.5924             0.03128          0.00120246
                  44               1.932           0.0314473          0.00118666
                  45              1.7976           0.0315474           0.0011643
                  46              1.3162           0.0314338          0.00114435
                  47              1.9954           0.0316141          0.00113417
                  48              1.2444            0.031474          0.00111909
                  49               1.719           0.0315333          0.00109762
                  50              2.1876           0.0317777          0.00110286
                  51              1.3572           0.0316868          0.00108483
                  52              1.2022           0.0315398          0.00107387
                  53              1.2762           0.0314263          0.00105951
                  54              1.6146           0.0314424          0.00103983
                  55              1.1968           0.0313059          0.00102983
                  56              1.3312           0.0312223          0.00101472
                  57              1.6786           0.0312635         0.000997614
                  58              1.1762           0.0311301         0.000989303
                  59               1.119           0.0309818         0.000983636
                  60              1.5978            0.030998         0.000967239
                  61              1.5566           0.0310002         0.000951253
                  62              1.1416           0.0308685         0.000945013
                  63              1.2156           0.0307644         0.000935697
                  64              1.5828           0.0307783         0.000921066
                  65              1.5394           0.0307785         0.000906785
                  66              1.4506           0.0307517         0.000893341
                  67              1.1292           0.0306298         0.000888312
                  68               1.675            0.030672         0.000876168
                  69              1.2302           0.0305841         0.000867844
                  70              2.1264           0.0307547         0.000872209
                  71               2.074           0.0309057         0.000873005
                  72              1.9662           0.0310227         0.000868699
                  73              0.9452           0.0308567         0.000872652
                  74               1.403           0.0308189         0.000861608
                  75              1.5328           0.0308167         0.000850045
                  76               2.008           0.0309396         0.000847747
                  77              1.6404           0.0309639         0.000837017
                  78               1.379           0.0309205         0.000827354
                  79              1.8356           0.0309938         0.000820097
                  80              2.2068           0.0311581         0.000826277
                  81              1.4814           0.0311392          0.00081623
                  82              1.6242           0.0311556         0.000806382
                  83              1.9602           0.0312526         0.000802487
                  84              1.6314            0.031269         0.000793045
                  85              2.2642           0.0314338         0.000800818
                  86              1.3604           0.0313847         0.000792975
                  87               1.926           0.0314667         0.000788087
                  88              1.5374           0.0314585         0.000779122
                  89              1.7356           0.0314951         0.000771185
                  90                1.18           0.0314074         0.000767598
                  91               1.667           0.0314286         0.000759413
                  92              2.1224           0.0315484         0.000760603
                  93               1.898           0.0316173         0.000755532
                  94              1.8028           0.0316646         0.000748941
                  95               1.863           0.0317235         0.000743353
                  96              1.3012           0.0316641         0.000737961
                  97              1.6874           0.0316856         0.000730629
                  98               1.988            0.031768         0.000727814
                  99               1.263           0.0317022         0.000723418
                 100              1.3916           0.0316635         0.000717192
                   1               1.461             0.02922                   0
                   2               0.795             0.02256             0.00666
                   3              0.7746            0.020204          0.00450954
                   4              1.6434             0.02337           0.0044935
                   5               1.347            0.024084          0.00355313
                   6              1.3268           0.0244927          0.00292976
                   7               0.778           0.0232166          0.00278558
                   8              1.6148           0.0243515          0.00266602
                   9              1.6432           0.0252973          0.00253432
                  10              1.4604           0.0256884          0.00230025
                  11                0.88           0.0249531          0.00220677
                  12              1.7858             0.02585          0.00220514
                  13              0.8192           0.0251218          0.00215517
                  14              1.5346           0.0255197          0.00203458
                  15              1.3726           0.0256485          0.00189846
                  16              1.4912           0.0259095          0.00179492
                  17              1.5574           0.0262176          0.00171396
                  18               1.731           0.0266844          0.00168201
                  19              1.6932           0.0270623          0.00163528
                  20              1.4214           0.0271306          0.00155287
                  21              1.1916           0.0269735           0.0014854
                  22              1.3124           0.0269405          0.00141666
                  23              1.3164           0.0269139          0.00135392
                  24              1.4644           0.0270128          0.00130005
                  25              1.2436           0.0269272           0.0012499
                  26              1.2908           0.0268845          0.00120163
                  27               1.857           0.0272643          0.00121706
                  28              1.0646            0.027051          0.00119202
                  29              0.7436            0.026631          0.00122446
                  30              1.2092           0.0265495          0.00118575
                  31               0.917           0.0262846          0.00117704
                  32               1.626           0.0264795           0.0011562
                  33               1.622           0.0266601          0.00113508
                  34              1.3268           0.0266565          0.00110119
                  35              1.0048            0.026469          0.00108557
                  36              1.1818           0.0263903          0.00105792
                  37              0.8826           0.0261542          0.00105569
                  38              0.8074           0.0258908          0.00106073
                  39              0.6334           0.0255518          0.00108739
                  40              0.8682           0.0253471          0.00107944
                  41              1.0928            0.025262          0.00105622
                  42              1.2924           0.0252759          0.00103086
                  43              1.1392            0.025218          0.00100827
                  44              1.0834           0.0251373         0.000988383
                  45              1.0752           0.0250565         0.000969537
                  46              0.8308            0.024873         0.000965816
                  47              1.5912           0.0250209         0.000956546
                  48              1.7864            0.025244         0.000962607
                  49               0.948           0.0251158          0.00095144
                  50               1.162           0.0250782         0.000932972
                  51               1.527           0.0251853         0.000920745
                  52              1.1876           0.0251578         0.000903285
                  53              1.1938           0.0251336         0.000886408
                  54              1.7452           0.0253145         0.000888457
                  55              1.8406           0.0255236         0.000896857
                  56              1.1932           0.0254939         0.000881194
                  57              1.7606           0.0256644         0.000882227
                  58              1.4932           0.0257368         0.000869902
                  59              1.1466           0.0256893         0.000856351
                  60              1.0608           0.0256147         0.000845252
                  61              1.6784           0.0257451         0.000841443
                  62               1.217           0.0257225          0.00082807
                  63              1.6578           0.0258404         0.000823319
                  64              1.0884           0.0257768         0.000812847
                  65              1.9322           0.0259748         0.000824365
                  66              2.0554           0.0262041         0.000843539
                  67               1.574           0.0262828         0.000834577
                  68              1.3506           0.0262935         0.000822282
                  69              0.9758           0.0261953         0.000816209
                  70              1.2026           0.0261647         0.000805047
                  71              1.1502           0.0261202         0.000794875
                  72               1.165            0.026081         0.000784735
                  73              1.8332            0.026226         0.000787372
                  74              1.1086           0.0261712         0.000778589
                  75               1.555           0.0262369         0.000770944
                  76              1.5754           0.0263063         0.000763887
                  77              0.8068           0.0261742         0.000765384
                  78              1.3844           0.0261936         0.000755757
                  79              1.1684           0.0261578         0.000746986
                  80               1.384           0.0261769         0.000737835
                  81              0.8384           0.0260607         0.000737869
                  82              1.7538           0.0261706         0.000737061
                  83              1.1462           0.0261315         0.000729177
                  84              1.4328           0.0261616          0.00072107
                  85              1.3178           0.0261639          0.00071254
                  86              0.7322           0.0260299         0.000716833
                  87              1.7522           0.0261335         0.000716081
                  88              1.1864           0.0261062         0.000708424
                  89              1.3764           0.0261222         0.000700602
                  90              1.5234           0.0261704         0.000694454
                  91               1.191           0.0261446         0.000687266
                  92              1.1124           0.0261023         0.000681073
                  93              1.5882           0.0261631         0.000676455
                  94               1.323           0.0261663         0.000669227
                  95              1.2934           0.0261632         0.000662153
                  96              1.1082           0.0261215         0.000656542
                  97              2.1648           0.0262986         0.000673431
                  98              1.3096           0.0262975         0.000666524
                  99              1.0434           0.0262426         0.000662033
                 100               1.212           0.0262226         0.000655685
