                   1           -0.975744           -0.975744                   0
                   2           -0.971384           -0.973564             0.00218
                   3           -0.962128           -0.969752          0.00401441
                   4           -0.971256           -0.970128          0.00286341
                   5            -0.97284            -0.97067          0.00228335
                   6           -0.981528            -0.97248          0.00259816
                   7           -0.971616           -0.972357          0.00219931
                   8           -0.971152           -0.972206           0.0019106
                   9           -0.975992           -0.972627          0.00173671
                  10              -0.974           -0.972764          0.00155942
                  11           -0.972064             -0.9727          0.00141198
                  12           -0.981856           -0.973463          0.00149784
                  13           -0.984712           -0.974329          0.00162699
                  14           -0.959808           -0.973291          0.00182885
                  15           -0.973584           -0.973311          0.00170268
                  16           -0.975792           -0.973466          0.00160024
                  17            -0.96656            -0.97306          0.00155709
                  18           -0.972544           -0.973031          0.00146832
                  19           -0.980408           -0.973419          0.00144214
                  20           -0.972872           -0.973392           0.0013684
                  21           -0.980936           -0.973751          0.00135028
                  22           -0.976808            -0.97389          0.00129491
                  23           -0.976784           -0.974016          0.00124371
                  24           -0.972672            -0.97396          0.00119208
                  25           -0.974888           -0.973997          0.00114401
                  26           -0.968696           -0.973793          0.00111788
                  27           -0.980784           -0.974052           0.0011064
                  28           -0.973056           -0.974017          0.00106675
                  29           -0.973888           -0.974012          0.00102932
                  30           -0.964944            -0.97371          0.00103934
                  31           -0.973056           -0.973689          0.00100547
                  32           -0.986256           -0.974082          0.00104977
                  33           -0.980824           -0.974286          0.00103778
                  34           -0.971984           -0.974218          0.00100907
                  35            -0.97368           -0.974203         0.000979932
                  36           -0.970504             -0.9741         0.000957849
                  37            -0.97148           -0.974029         0.000934288
                  38           -0.983704           -0.974284         0.000944338
                  39             -0.9632              -0.974         0.000962711
                  40           -0.964408            -0.97376         0.000968489
                  41           -0.970376           -0.973677          0.00094817
                  42           -0.964152            -0.97345         0.000952707
                  43           -0.967408            -0.97331         0.000940841
                  44           -0.977376           -0.973402         0.000923843
                  45            -0.97792           -0.973503         0.000908643
                  46            -0.95936           -0.973195         0.000940351
                  47           -0.970936           -0.973147         0.000921381
                  48           -0.963864           -0.972954         0.000922483
                  49            -0.96708           -0.972834         0.000911378
                  50           -0.972472           -0.972827         0.000892994
                  51           -0.981512           -0.972997         0.000891722
                  52            -0.97136           -0.972966         0.000874972
                  53           -0.973088           -0.972968         0.000858307
                  54           -0.972952           -0.972968         0.000842263
                  55            -0.97836           -0.973066           0.0008326
                  56           -0.985336           -0.973285         0.000846449
                  57           -0.983816           -0.973469         0.000851747
                  58           -0.978584           -0.973558         0.000841565
                  59           -0.978744           -0.973646         0.000831836
                  60           -0.980904           -0.973767         0.000826753
                  61           -0.974888           -0.973785         0.000813295
                  62           -0.963776           -0.973623         0.000816194
                  63           -0.979664           -0.973719         0.000808837
                  64           -0.976832           -0.973768         0.000797583
                  65            -0.97872           -0.973844         0.000788904
                  66           -0.967296           -0.973745         0.000783169
                  67           -0.982656           -0.973878         0.000782773
                  68           -0.972536           -0.973858         0.000771428
                  69            -0.96764           -0.973768         0.000765489
                  70           -0.972264           -0.973747          0.00075478
                  71           -0.968608           -0.973674         0.000747585
                  72           -0.974192           -0.973681         0.000737164
                  73            -0.98128           -0.973786         0.000734409
                  74            -0.96832           -0.973712         0.000728172
                  75            -0.98052           -0.973802         0.000724111
                  76           -0.976088           -0.973833         0.000715152
                  77           -0.975488           -0.973854          0.00070613
                  78           -0.976392           -0.973887         0.000697778
                  79           -0.985728           -0.974036         0.000705007
                  80           -0.980736            -0.97412         0.000701158
                  81           -0.970712           -0.974078         0.000693725
                  82            -0.96996           -0.974028          0.00068705
                  83            -0.96872           -0.973964         0.000681728
                  84           -0.979224           -0.974027         0.000676468
                  85           -0.975984            -0.97405         0.000668859
                  86           -0.973616           -0.974045         0.000661055
                  87           -0.963488           -0.973923         0.000664583
                  88           -0.971216           -0.973892         0.000657708
                  89             -0.9644           -0.973786         0.000658964
                  90           -0.969768           -0.973741         0.000653129
                  91           -0.969816           -0.973698          0.00064735
                  92            -0.96876           -0.973644         0.000642521
                  93           -0.972728           -0.973634         0.000635651
                  94           -0.971848           -0.973615          0.00062914
                  95            -0.97648           -0.973646         0.000623212
                  96           -0.987632           -0.973791         0.000633662
                  97           -0.979728           -0.973853         0.000630075
                  98            -0.97448           -0.973859         0.000623645
                  99           -0.977592           -0.973897         0.000618464
                 100            -0.97352           -0.973893          0.00061226
                   1           -0.911584           -0.911584                   0
                   2           -0.919776            -0.91568            0.004096
                   3           -0.908544           -0.913301          0.00335417
                   4           -0.911416            -0.91283          0.00241814
                   5            -0.91728            -0.91372          0.00207377
                   6            -0.91688           -0.914247          0.00177325
                   7              -0.913           -0.914069          0.00150921
                   8           -0.907112           -0.913199          0.00156985
                   9           -0.915008             -0.9134            0.001399
                  10            -0.90868           -0.912928          0.00133736
                  11           -0.925832           -0.914101          0.00168508
                  12           -0.907872           -0.913582          0.00162348
                  13           -0.918656           -0.913972          0.00154355
                  14             -0.9076           -0.913517          0.00149979
                  15           -0.912008           -0.913417          0.00139984
                  16           -0.907432           -0.913042          0.00136181
                  17           -0.919216           -0.913406          0.00132974
                  18           -0.908496           -0.913133          0.00128302
                  19           -0.907096           -0.912815          0.00125452
                  20            -0.91144           -0.912746          0.00119213
                  21           -0.908024           -0.912522          0.00115602
                  22           -0.916944           -0.912723           0.0011204
                  23           -0.915304           -0.912835          0.00107645
                  24           -0.914528           -0.912905          0.00103303
                  25           -0.909272            -0.91276          0.00100145
                  26           -0.912592           -0.912754         0.000962188
                  27           -0.917312           -0.912922         0.000941133
                  28           -0.910584           -0.912839         0.000910735
                  29           -0.909552           -0.912726         0.000886049
                  30           -0.914328           -0.912779         0.000857669
                  31           -0.911768           -0.912746         0.000830182
                  32            -0.90896           -0.912628         0.000812482
                  33           -0.917488           -0.912775          0.00080113
                  34           -0.913544           -0.912798         0.000777539
                  35           -0.933816           -0.913398         0.000964698
                  36           -0.916168           -0.913475         0.000940669
                  37           -0.916344           -0.913553         0.000918171
                  38           -0.908904           -0.913431         0.000902017
                  39           -0.913136           -0.913423         0.000878617
                  40             -0.9242           -0.913692         0.000897752
                  41           -0.908416           -0.913564         0.000884989
                  42             -0.9102           -0.913484         0.000867366
                  43           -0.905328           -0.913294         0.000867932
                  44           -0.926992           -0.913605         0.000903318
                  45           -0.909144           -0.913506         0.000888564
                  46           -0.914248           -0.913522         0.000869183
                  47           -0.921168           -0.913685         0.000865906
                  48            -0.91608           -0.913735         0.000849142
                  49           -0.902104           -0.913497         0.000864843
                  50           -0.926432           -0.913756         0.000885978
                  51            -0.91892           -0.913857         0.000874314
                  52           -0.918744           -0.913951         0.000862471
                  53           -0.921744           -0.914098         0.000858722
                  54            -0.92156           -0.914237         0.000853923
                  55           -0.921896           -0.914376         0.000849743
                  56           -0.918176           -0.914444         0.000837186
                  57            -0.91916           -0.914526         0.000826519
                  58           -0.911064           -0.914467         0.000814335
                  59           -0.914392           -0.914465         0.000800415
                  60           -0.918568           -0.914534         0.000789926
                  61           -0.906592           -0.914404         0.000787703
                  62            -0.90644           -0.914275         0.000785467
                  63            -0.90916           -0.914194         0.000777152
                  64            -0.91092           -0.914143         0.000766621
                  65           -0.920624           -0.914243         0.000761293
                  66           -0.912032           -0.914209         0.000750417
                  67              -0.912           -0.914176         0.000739867
                  68            -0.90796           -0.914085         0.000734616
                  69           -0.905528           -0.913961         0.000734436
                  70           -0.921472           -0.914068         0.000731778
                  71           -0.914832           -0.914079         0.000721478
                  72           -0.927512           -0.914265         0.000735446
                  73            -0.91604            -0.91429         0.000725709
                  74            -0.91092           -0.914244         0.000717281
                  75           -0.917352           -0.914286         0.000708865
                  76           -0.906664           -0.914185         0.000706628
                  77             -0.9116           -0.914152         0.000698199
                  78           -0.919384           -0.914219         0.000692446
                  79           -0.906152           -0.914117         0.000691209
                  80            -0.91488           -0.914126         0.000682581
                  81           -0.906232           -0.914029          0.00068111
                  82           -0.916496           -0.914059         0.000673425
                  83            -0.90732           -0.913978         0.000670198
                  84           -0.903544           -0.913853          0.00067372
                  85           -0.907976           -0.913784         0.000669328
                  86            -0.91884           -0.913843         0.000664106
                  87           -0.909256            -0.91379         0.000658543
                  88           -0.909816           -0.913745         0.000652581
                  89           -0.906264           -0.913661         0.000650659
                  90           -0.909576           -0.913616         0.000644988
                  91            -0.91612           -0.913643         0.000638455
                  92             -0.9098           -0.913601         0.000632857
                  93           -0.910408           -0.913567         0.000626956
                  94           -0.901368           -0.913437         0.000633682
                  95           -0.923664           -0.913545         0.000636151
                  96           -0.915824           -0.913569         0.000629937
                  97            -0.91572           -0.913591         0.000623803
                  98           -0.916024           -0.913616         0.000617904
                  99           -0.918336           -0.913663         0.000613486
                 100            -0.92336            -0.91376         0.000615012
                   1           -0.841952           -0.841952                   0
                   2           -0.847064           -0.844508            0.002556
                   3            -0.84072           -0.843245          0.00194217
                   4           -0.847624            -0.84434          0.00175622
                   5           -0.844088            -0.84429           0.0013613
                   6           -0.849304           -0.845125          0.00139064
                   7            -0.84712            -0.84541          0.00120935
                   8           -0.847296           -0.845646          0.00107353
                   9              -0.842           -0.845241          0.00102979
                  10            -0.84012           -0.844729          0.00105386
                  11            -0.84572           -0.844819         0.000957499
                  12           -0.849176           -0.845182         0.000946487
                  13           -0.852072           -0.845712          0.00101927
                  14             -0.8474           -0.845833         0.000951335
                  15           -0.852984           -0.846309          0.00100582
                  16            -0.84956           -0.846512         0.000962541
                  17           -0.849368            -0.84668         0.000919621
                  18            -0.84752           -0.846727          0.00086828
                  19           -0.849888           -0.846893          0.00083799
                  20            -0.84592           -0.846845         0.000796476
                  21            -0.85112           -0.847048         0.000784476
                  22           -0.850192           -0.847191         0.000761495
                  23           -0.851904           -0.847396         0.000755934
                  24           -0.842096           -0.847175         0.000756695
                  25           -0.850208           -0.847297         0.000735863
                  26           -0.853472           -0.847534         0.000745825
                  27           -0.846528           -0.847497         0.000718637
                  28            -0.84916           -0.847556         0.000695038
                  29           -0.846392           -0.847516         0.000671844
                  30             -0.8496           -0.847586         0.000652769
                  31             -0.8438           -0.847463         0.000643063
                  32           -0.849976           -0.847542         0.000627574
                  33           -0.845392           -0.847477         0.000611738
                  34           -0.850936           -0.847579         0.000602131
                  35           -0.844792           -0.847499          0.00059007
                  36           -0.847944           -0.847511         0.000573578
                  37           -0.844128            -0.84742         0.000565305
                  38           -0.849296           -0.847469         0.000552438
                  39           -0.847792           -0.847478         0.000538151
                  40           -0.850184           -0.847545          0.00052887
                  41           -0.846976           -0.847531         0.000515997
                  42            -0.85072           -0.847607         0.000509252
                  43           -0.851056           -0.847687         0.000503694
                  44           -0.853056           -0.847809         0.000507014
                  45           -0.842304           -0.847687         0.000510496
                  46           -0.844136            -0.84761         0.000505208
                  47           -0.844016           -0.847533         0.000500221
                  48            -0.84884           -0.847561         0.000490445
                  49            -0.84624           -0.847534         0.000481087
                  50           -0.844008           -0.847463         0.000476612
                  51           -0.852968           -0.847571          0.00047948
                  52           -0.845664           -0.847534         0.000471597
                  53            -0.85204           -0.847619          0.00047036
                  54           -0.852504            -0.84771         0.000470347
                  55           -0.844768           -0.847656         0.000464804
                  56           -0.850384           -0.847705          0.00045902
                  57           -0.848296           -0.847716         0.000451014
                  58           -0.844776           -0.847665         0.000446058
                  59           -0.848808           -0.847684         0.000438861
                  60           -0.847128           -0.847675         0.000431584
                  61           -0.845872           -0.847645         0.000425478
                  62           -0.846712            -0.84763         0.000418829
                  63           -0.846464           -0.847612         0.000412543
                  64           -0.844376           -0.847561         0.000409182
                  65           -0.845728           -0.847533         0.000403824
                  66           -0.843072           -0.847465         0.000403362
                  67           -0.852376           -0.847539         0.000403999
                  68           -0.854928           -0.847647         0.000412581
                  69           -0.845344           -0.847614         0.000407926
                  70           -0.851272           -0.847666         0.000405438
                  71           -0.852256           -0.847731         0.000404881
                  72            -0.84616           -0.847709         0.000399814
                  73           -0.846864           -0.847698         0.000394469
                  74           -0.852672           -0.847765         0.000394866
                  75           -0.849576           -0.847789         0.000390313
                  76           -0.837488           -0.847653         0.000408296
                  77           -0.850176           -0.847686         0.000404288
                  78           -0.840648           -0.847596         0.000409145
                  79           -0.844304           -0.847554         0.000406077
                  80            -0.84768           -0.847556         0.000400972
                  81            -0.85388           -0.847634         0.000403614
                  82            -0.84844           -0.847644         0.000398783
                  83            -0.84776           -0.847645         0.000393951
                  84            -0.85292           -0.847708         0.000394266
                  85           -0.839592           -0.847612          0.00040113
                  86           -0.848624           -0.847624         0.000396612
                  87           -0.842288           -0.847563         0.000396796
                  88           -0.857736           -0.847678         0.000408942
                  89           -0.844384           -0.847641         0.000406012
                  90           -0.850528           -0.847674         0.000402754
                  91           -0.850592           -0.847706         0.000399593
                  92           -0.850376           -0.847735          0.00039629
                  93           -0.855768           -0.847821          0.00040141
                  94            -0.84632           -0.847805         0.000397438
                  95           -0.849752           -0.847826         0.000393766
                  96             -0.8424           -0.847769          0.00039372
                  97           -0.842296           -0.847713         0.000393703
                  98           -0.847576           -0.847711         0.000389668
                  99           -0.848032           -0.847714         0.000385725
                 100           -0.849736           -0.847735         0.000382383
                   1            -0.78632            -0.78632                   0
                   2           -0.787248           -0.786784            0.000464
                   3           -0.784184           -0.785917         0.000907125
                   4           -0.782072           -0.784956          0.00115568
                   5           -0.782032           -0.784371          0.00106928
                   6             -0.7834           -0.784209         0.000887939
                   7           -0.786536           -0.784542         0.000820759
                   8           -0.781856           -0.784206          0.00078609
                   9            -0.78412           -0.784196         0.000693332
                  10           -0.780104           -0.783787            0.000743
                  11           -0.781768           -0.783604         0.000696686
                  12           -0.783168           -0.783567          0.00063702
                  13           -0.781136            -0.78338         0.000615096
                  14           -0.780584           -0.783181          0.00060348
                  15           -0.781296           -0.783055         0.000575687
                  16            -0.78124           -0.782942         0.000550323
                  17           -0.786408           -0.783145         0.000555703
                  18            -0.78652           -0.783333         0.000556454
                  19           -0.785928           -0.783469         0.000543786
                  20           -0.785168           -0.783554         0.000522824
                  21           -0.779024           -0.783339         0.000542082
                  22            -0.77272           -0.782856         0.000707182
                  23           -0.781096           -0.782779         0.000680055
                  24           -0.783656           -0.782816         0.000652126
                  25           -0.785984           -0.782943         0.000638205
                  26           -0.778224           -0.782761         0.000639462
                  27            -0.78084            -0.78269         0.000619424
                  28           -0.784632           -0.782759         0.000600907
                  29           -0.782864           -0.782763         0.000579828
                  30           -0.779216           -0.782645         0.000572509
                  31           -0.782128           -0.782628         0.000553984
                  32           -0.781624           -0.782597         0.000537309
                  33           -0.785248           -0.782677         0.000526933
                  34           -0.781832           -0.782652         0.000511804
                  35            -0.78284           -0.782658         0.000496995
                  36             -0.7784           -0.782539         0.000497261
                  37            -0.78384           -0.782574         0.000484911
                  38           -0.776664           -0.782419         0.000496946
                  39           -0.785152           -0.782489         0.000489083
                  40           -0.783616           -0.782517         0.000477531
                  41           -0.783568           -0.782543         0.000466443
                  42           -0.784496           -0.782589         0.000457571
                  43            -0.78352           -0.782611         0.000447327
                  44           -0.782216           -0.782602         0.000437134
                  45           -0.781576           -0.782579         0.000427918
                  46           -0.783856           -0.782607         0.000419431
                  47            -0.78292           -0.782614         0.000410464
                  48             -0.7804           -0.782567          0.00040446
                  49           -0.780208           -0.782519         0.000399035
                  50           -0.784376           -0.782556         0.000392733
                  51           -0.784592           -0.782596         0.000387018
                  52           -0.786136           -0.782664         0.000385559
                  53           -0.784264           -0.782695         0.000379417
                  54            -0.77936           -0.782633          0.00037741
                  55           -0.780776           -0.782599          0.00037202
                  56           -0.777624            -0.78251         0.000375964
                  57           -0.785456           -0.782562         0.000372908
                  58           -0.785072           -0.782605         0.000368968
                  59           -0.779056           -0.782545         0.000367616
                  60           -0.782128           -0.782538         0.000361504
                  61           -0.781096           -0.782514         0.000356314
                  62           -0.781304           -0.782495         0.000351063
                  63           -0.781312           -0.782476         0.000345956
                  64           -0.780256           -0.782441          0.00034227
                  65           -0.780488           -0.782411           0.0003383
                  66           -0.781904           -0.782404         0.000333224
                  67           -0.780728           -0.782379         0.000329164
                  68            -0.78864           -0.782471         0.000337106
                  69              -0.778           -0.782406         0.000338445
                  70           -0.781728           -0.782396         0.000333716
                  71           -0.785456           -0.782439         0.000331792
                  72           -0.778352           -0.782383         0.000332041
                  73           -0.786032           -0.782433         0.000331255
                  74           -0.784488            -0.78246         0.000327926
                  75           -0.781184           -0.782443         0.000323971
                  76           -0.783944           -0.782463         0.000320289
                  77           -0.779088           -0.782419         0.000319127
                  78           -0.780408           -0.782394         0.000316063
                  79            -0.78504           -0.782427         0.000313829
                  80           -0.783536           -0.782441         0.000310191
                  81           -0.780152           -0.782413         0.000307639
                  82           -0.781016           -0.782396         0.000304341
                  83            -0.77832           -0.782347         0.000304635
                  84           -0.781232           -0.782333         0.000301279
                  85           -0.782184           -0.782331         0.000297719
                  86           -0.780096           -0.782305         0.000295382
                  87           -0.781032           -0.782291         0.000292334
                  88           -0.783504           -0.782305         0.000289322
                  89           -0.782304           -0.782305         0.000286052
                  90           -0.783152           -0.782314         0.000283013
                  91            -0.78576           -0.782352         0.000282436
                  92           -0.781616           -0.782344         0.000279463
                  93           -0.780992           -0.782329         0.000276824
                  94           -0.787344           -0.782383         0.000279011
                  95           -0.785264           -0.782413         0.000277719
                  96           -0.784568           -0.782436         0.000275726
                  97           -0.777288           -0.782382         0.000277981
                  98           -0.785352           -0.782413         0.000276794
                  99           -0.785384           -0.782443         0.000275622
                 100           -0.777664           -0.782395         0.000277005
                   1           -0.716872           -0.716872                   0
                   2           -0.722192           -0.719532             0.00266
                   3           -0.718904           -0.719323          0.00154995
                   4           -0.722256           -0.720056          0.00131869
                   5           -0.718896           -0.719824          0.00104747
                   6           -0.721456           -0.720096         0.000897468
                   7           -0.721568           -0.720306         0.000787109
                   8            -0.71724           -0.719923         0.000782025
                   9           -0.723344           -0.720303         0.000787493
                  10            -0.71776           -0.720049         0.000748859
                  11            -0.71336           -0.719441         0.000910264
                  12           -0.718224           -0.719339         0.000837117
                  13            -0.72176           -0.719526         0.000792229
                  14           -0.724888           -0.719909         0.000827454
                  15           -0.720736           -0.719964          0.00077229
                  16           -0.725128           -0.720286         0.000791237
                  17           -0.718624           -0.720189         0.000749644
                  18           -0.723288           -0.720361         0.000727443
                  19           -0.719232           -0.720301         0.000690652
                  20           -0.716712           -0.720122         0.000679346
                  21           -0.719824           -0.720108         0.000646343
                  22           -0.717176           -0.719975         0.000630508
                  23           -0.722216           -0.720072         0.000610302
                  24            -0.72244           -0.720171         0.000592592
                  25           -0.718176           -0.720091         0.000573967
                  26           -0.718928           -0.720046          0.00055326
                  27           -0.720656           -0.720069         0.000532854
                  28            -0.71972           -0.720056         0.000513622
                  29           -0.724216             -0.7202         0.000515934
                  30           -0.718064           -0.720129         0.000503498
                  31           -0.720264           -0.720133         0.000487005
                  32           -0.719632           -0.720117         0.000471801
                  33           -0.720712           -0.720135         0.000457635
                  34           -0.716608           -0.720032         0.000455931
                  35           -0.719776           -0.720024         0.000442773
                  36           -0.717744           -0.719961         0.000434935
                  37           -0.716856           -0.719877          0.00043126
                  38           -0.723704           -0.719978          0.00043167
                  39           -0.717904           -0.719925         0.000423805
                  40           -0.720616           -0.719942         0.000413435
                  41           -0.721632           -0.719983         0.000405327
                  42           -0.719768           -0.719978         0.000395592
                  43           -0.723144           -0.720052         0.000393237
                  44           -0.717304           -0.719989         0.000389238
                  45           -0.716936           -0.719921         0.000386491
                  46           -0.718616           -0.719893          0.00037906
                  47           -0.721112           -0.719919         0.000371813
                  48            -0.72132           -0.719948         0.000365153
                  49           -0.721128           -0.719972         0.000358433
                  50            -0.71916           -0.719956         0.000351567
                  51           -0.723272           -0.720021         0.000350685
                  52           -0.722264           -0.720064          0.00034657
                  53           -0.716584           -0.719998         0.000346251
                  54           -0.722232            -0.72004         0.000342287
                  55           -0.716456           -0.719975         0.000342265
                  56           -0.723448           -0.720037         0.000341773
                  57            -0.72088           -0.720051          0.00033605
                  58            -0.72328           -0.720107         0.000334864
                  59           -0.721752           -0.720135         0.000330318
                  60           -0.719784           -0.720129         0.000324819
                  61           -0.725224           -0.720213         0.000330188
                  62            -0.71836           -0.720183          0.00032619
                  63           -0.724928           -0.720258          0.00032969
                  64           -0.719096            -0.72024         0.000325006
                  65           -0.719336           -0.720226         0.000320269
                  66           -0.719008           -0.720208         0.000315918
                  67            -0.71944           -0.720196         0.000311378
                  68           -0.724912           -0.720265         0.000314506
                  69           -0.724576           -0.720328         0.000316149
                  70           -0.720232           -0.720327         0.000311603
                  71              -0.723           -0.720364         0.000309482
                  72           -0.719072           -0.720346          0.00030568
                  73            -0.72608           -0.720425         0.000311528
                  74           -0.717592           -0.720386         0.000309665
                  75            -0.72312           -0.720423         0.000307674
                  76           -0.719616           -0.720412         0.000303785
                  77           -0.718688            -0.72039         0.000300649
                  78            -0.72268           -0.720419         0.000298218
                  79           -0.720464            -0.72042         0.000294419
                  80           -0.719376           -0.720407         0.000291008
                  81           -0.721016           -0.720414         0.000287492
                  82           -0.721632           -0.720429         0.000284352
                  83            -0.71684           -0.720386         0.000284214
                  84             -0.7238           -0.720427         0.000283736
                  85           -0.718744           -0.720407         0.000281076
                  86           -0.723768           -0.720446         0.000280525
                  87           -0.724472           -0.720492         0.000281117
                  88           -0.718712           -0.720472         0.000278639
                  89           -0.727568           -0.720552         0.000286796
                  90           -0.719968           -0.720545         0.000283666
                  91           -0.717728           -0.720514         0.000282235
                  92           -0.718216           -0.720489         0.000280265
                  93            -0.72004           -0.720484         0.000277278
                  94            -0.72536           -0.720536         0.000279173
                  95             -0.7218            -0.72055         0.000276538
                  96           -0.722872           -0.720574          0.00027471
                  97           -0.720776           -0.720576         0.000271871
                  98           -0.719328           -0.720563         0.000269384
                  99            -0.71792           -0.720536         0.000267982
                 100           -0.722672           -0.720558         0.000266147
                   1            -0.66568            -0.66568                   0
                   2           -0.662352           -0.664016            0.001664
                   3            -0.66564           -0.664557          0.00110273
                   4           -0.660928            -0.66365          0.00119635
                   5           -0.664672           -0.663854         0.000948965
                   6           -0.664968            -0.66404         0.000796745
                   7           -0.666984           -0.664461         0.000793921
                   8           -0.666824           -0.664756         0.000748339
                   9           -0.665328            -0.66482         0.000663026
                  10           -0.667456           -0.665083         0.000648993
                  11           -0.667952           -0.665344         0.000642361
                  12           -0.663368           -0.665179         0.000609074
                  13           -0.665048           -0.665169         0.000560358
                  14           -0.662784           -0.664999          0.00054605
                  15           -0.664544           -0.664969         0.000509249
                  16           -0.661656           -0.664762         0.000519404
                  17            -0.66236            -0.66462         0.000507934
                  18           -0.663088           -0.664535         0.000486392
                  19           -0.662592           -0.664433          0.00047131
                  20           -0.665136           -0.664468         0.000448504
                  21            -0.67008           -0.664735         0.000503403
                  22           -0.667488            -0.66486         0.000496017
                  23           -0.666224            -0.66492         0.000477655
                  24           -0.663848           -0.664875         0.000459494
                  25            -0.66536           -0.664894         0.000441158
                  26           -0.668712           -0.665041         0.000448563
                  27           -0.663816           -0.664996         0.000434009
                  28           -0.664392           -0.664974         0.000418777
                  29           -0.664464           -0.664957         0.000404462
                  30           -0.664768            -0.66495         0.000390798
                  31             -0.6646           -0.664939          0.00037815
                  32           -0.662496           -0.664863         0.000374017
                  33           -0.665104            -0.66487          0.00036258
                  34            -0.66908           -0.664994         0.000372912
                  35           -0.668784           -0.665102         0.000377946
                  36           -0.660664           -0.664979         0.000387435
                  37           -0.662704           -0.664917         0.000381801
                  38           -0.666128           -0.664949         0.000372981
                  39           -0.666848           -0.664998         0.000366539
                  40           -0.665776           -0.665017         0.000357788
                  41           -0.664832           -0.665013         0.000348981
                  42           -0.666848           -0.665057         0.000343362
                  43           -0.663856           -0.665029         0.000336442
                  44           -0.663784              -0.665         0.000329922
                  45           -0.660504             -0.6649         0.000337631
                  46           -0.665016           -0.664903         0.000330219
                  47           -0.663592           -0.664875         0.000324319
                  48           -0.664576           -0.664869         0.000317551
                  49           -0.663816           -0.664847         0.000311744
                  50           -0.663792           -0.664826         0.000306174
                  51           -0.667368           -0.664876         0.000304221
                  52           -0.665368           -0.664886         0.000298463
                  53            -0.66684           -0.664922         0.000295091
                  54           -0.664488           -0.664914         0.000289686
                  55           -0.663952           -0.664897         0.000284908
                  56            -0.66252           -0.664854         0.000282976
                  57           -0.658976           -0.664751         0.000296482
                  58           -0.663264           -0.664726         0.000292452
                  59           -0.662624            -0.66469         0.000289651
                  60           -0.661272           -0.664633         0.000290424
                  61           -0.664944           -0.664638         0.000285669
                  62           -0.662496           -0.664604          0.00028314
                  63           -0.670952           -0.664704         0.000296272
                  64           -0.663864           -0.664691         0.000291902
                  65           -0.665712           -0.664707         0.000287805
                  66           -0.662792           -0.664678         0.000284892
                  67            -0.66584           -0.664695         0.000281143
                  68           -0.663848           -0.664683         0.000277258
                  69           -0.659408           -0.664606         0.000283704
                  70           -0.660536           -0.664548         0.000285603
                  71           -0.664672            -0.66455         0.000281558
                  72            -0.66208           -0.664516         0.000279731
                  73           -0.664104            -0.66451          0.00027593
                  74           -0.661224           -0.664466         0.000275774
                  75           -0.666168           -0.664488         0.000273018
                  76           -0.663784           -0.664479         0.000269561
                  77           -0.665112           -0.664487         0.000266164
                  78              -0.662           -0.664455         0.000264658
                  79            -0.66228           -0.664428         0.000262733
                  80            -0.66728           -0.664463         0.000261866
                  81           -0.665104           -0.664471         0.000258734
                  82           -0.664624           -0.664473         0.000255566
                  83           -0.660736           -0.664428         0.000256452
                  84           -0.664584            -0.66443         0.000253387
                  85           -0.664704           -0.664433         0.000250409
                  86           -0.665368           -0.664444         0.000247719
                  87             -0.6658            -0.66446         0.000245351
                  88           -0.666664           -0.664485         0.000243836
                  89           -0.664416           -0.664484         0.000241082
                  90           -0.662384           -0.664461         0.000239528
                  91           -0.664952           -0.664466         0.000236943
                  92           -0.662544           -0.664445         0.000235282
                  93           -0.662504           -0.664424         0.000233673
                  94           -0.664784           -0.664428         0.000231205
                  95           -0.665888           -0.664444         0.000229274
                  96           -0.667216           -0.664472         0.000228704
                  97           -0.662208           -0.664449         0.000227535
                  98           -0.661488           -0.664419         0.000227219
                  99           -0.662256           -0.664397         0.000225971
                 100           -0.663848           -0.664392         0.000223767
                   1           -0.615672           -0.615672                   0
                   2            -0.61368           -0.614676            0.000996
                   3           -0.612408            -0.61392         0.000949846
                   4           -0.614072           -0.613958         0.000672717
                   5           -0.608024           -0.612771          0.00129616
                   6           -0.612992           -0.612808          0.00105895
                   7           -0.609544           -0.612342          0.00100916
                   8           -0.614056           -0.612556         0.000899844
                   9           -0.608856           -0.612145         0.000893753
                  10           -0.613168           -0.612247         0.000805917
                  11           -0.610224           -0.612063         0.000751825
                  12             -0.6118           -0.612041         0.000686669
                  13           -0.612648           -0.612088         0.000633366
                  14           -0.612032           -0.612084         0.000586396
                  15            -0.61316           -0.612156         0.000550598
                  16           -0.612808           -0.612197         0.000516648
                  17           -0.615256           -0.612376         0.000517602
                  18           -0.618288           -0.612705          0.00058822
                  19           -0.614112           -0.612779         0.000561307
                  20             -0.6152             -0.6129         0.000546089
                  21             -0.6104           -0.612781         0.000532901
                  22           -0.611992           -0.612745         0.000509366
                  23           -0.613032           -0.612758         0.000486876
                  24           -0.614104           -0.612814         0.000469512
                  25           -0.612984            -0.61282         0.000450391
                  26           -0.617952           -0.613018         0.000475607
                  27           -0.612704           -0.613006           0.0004578
                  28           -0.611304           -0.612945         0.000445317
                  29           -0.614312           -0.612993         0.000432263
                  30           -0.614008           -0.613026         0.000418975
                  31           -0.613216           -0.613033         0.000405281
                  32           -0.613472           -0.613046         0.000392651
                  33           -0.611448           -0.612998         0.000383636
                  34           -0.615504           -0.613072         0.000379411
                  35           -0.613736           -0.613091           0.0003689
                  36           -0.615136           -0.613147         0.000362981
                  37           -0.613632            -0.61316         0.000353277
                  38           -0.614152           -0.613187         0.000344844
                  39           -0.613584           -0.613197          0.00033604
                  40           -0.618184           -0.613321          0.00035046
                  41           -0.613576           -0.613328         0.000341862
                  42            -0.61212           -0.613299          0.00033486
                  43           -0.612616           -0.613283         0.000327365
                  44           -0.611968           -0.613253         0.000321231
                  45            -0.61052           -0.613192         0.000319832
                  46           -0.611456           -0.613155         0.000315071
                  47           -0.615456           -0.613204         0.000312159
                  48           -0.613624           -0.613212         0.000305712
                  49           -0.611352           -0.613174         0.000301805
                  50           -0.612112           -0.613153          0.00029647
                  51           -0.610456             -0.6131         0.000295371
                  52           -0.611152           -0.613063         0.000292049
                  53            -0.60984           -0.613002         0.000292867
                  54           -0.616848           -0.613073         0.000296087
                  55           -0.612192           -0.613057         0.000291095
                  56           -0.613016           -0.613056          0.00028585
                  57           -0.612984           -0.613055         0.000280793
                  58           -0.612952           -0.613053         0.000275915
                  59            -0.61756            -0.61313          0.00028175
                  60            -0.61556            -0.61317          0.00027996
                  61           -0.612208           -0.613154         0.000275784
                  62           -0.608336           -0.613077         0.000282211
                  63           -0.613424           -0.613082          0.00027775
                  64           -0.614672           -0.613107         0.000274502
                  65            -0.61484           -0.613134         0.000271558
                  66           -0.611048           -0.613102         0.000269273
                  67           -0.613072           -0.613102         0.000265224
                  68           -0.612056           -0.613086         0.000261746
                  69           -0.612424           -0.613077         0.000258104
                  70           -0.615248           -0.613108         0.000256274
                  71           -0.616056           -0.613149         0.000256028
                  72           -0.608904            -0.61309         0.000259241
                  73           -0.611336           -0.613066         0.000256793
                  74           -0.616128           -0.613108         0.000256655
                  75           -0.615024           -0.613133         0.000254496
                  76           -0.614496           -0.613151         0.000251765
                  77           -0.611144           -0.613125         0.000249837
                  78           -0.615216           -0.613152         0.000248066
                  79           -0.613816            -0.61316          0.00024505
                  80            -0.61796            -0.61322         0.000249294
                  81           -0.610352           -0.613185         0.000248731
                  82           -0.614176           -0.613197         0.000245976
                  83           -0.614792           -0.613216         0.000243753
                  84           -0.616456           -0.613255         0.000243903
                  85           -0.610952           -0.613228         0.000242534
                  86            -0.61032           -0.613194          0.00024207
                  87             -0.6158           -0.613224         0.000241139
                  88           -0.614024           -0.613233         0.000238557
                  89           -0.612912           -0.613229         0.000235889
                  90            -0.61632           -0.613264         0.000235767
                  91           -0.617136           -0.613306         0.000237013
                  92           -0.614784           -0.613322         0.000234973
                  93            -0.61028            -0.61329         0.000234723
                  94            -0.61236            -0.61328         0.000232423
                  95            -0.61248           -0.613271         0.000230117
                  96            -0.61076           -0.613245         0.000229205
                  97           -0.613504           -0.613248         0.000226846
                  98           -0.614056           -0.613256         0.000224671
                  99            -0.61192           -0.613243         0.000222799
                 100           -0.617992            -0.61329         0.000225615
                   1           -0.571648           -0.571648                   0
                   2           -0.568056           -0.569852            0.001796
                   3           -0.568656           -0.569453          0.00111092
                   4           -0.569456           -0.569454         0.000785538
                   5           -0.569176           -0.569398          0.00061101
                   6           -0.569296           -0.569381          0.00049918
                   7           -0.566264           -0.568936         0.000613439
                   8           -0.568664           -0.568902         0.000532341
                   9           -0.564784           -0.568444         0.000655568
                  10           -0.568384           -0.568438         0.000586389
                  11           -0.569344           -0.568521          0.00053676
                  12              -0.571           -0.568727         0.000531769
                  13           -0.568288           -0.568694         0.000490323
                  14           -0.567632           -0.568618          0.00046024
                  15            -0.57116           -0.568787         0.000460764
                  16           -0.571168           -0.568936         0.000455968
                  17            -0.56476            -0.56869          0.00049375
                  18           -0.566088           -0.568546         0.000487446
                  19           -0.569272           -0.568584         0.000462659
                  20           -0.573296            -0.56882         0.000498152
                  21           -0.567272           -0.568746         0.000479534
                  22           -0.567672           -0.568697         0.000459816
                  23           -0.568176           -0.568674         0.000439953
                  24           -0.567152           -0.568611         0.000425973
                  25           -0.570672           -0.568693         0.000416813
                  26           -0.567072           -0.568631         0.000405288
                  27           -0.568568           -0.568629         0.000389995
                  28           -0.564864           -0.568494         0.000399137
                  29           -0.569056           -0.568514         0.000385615
                  30           -0.567952           -0.568495         0.000373009
                  31           -0.567632           -0.568467         0.000361848
                  32           -0.568872            -0.56848         0.000350587
                  33             -0.5712           -0.568562         0.000349653
                  34             -0.5676           -0.568534         0.000340391
                  35           -0.569072           -0.568549          0.00033088
                  36           -0.570544           -0.568605         0.000326297
                  37           -0.566728           -0.568554         0.000321383
                  38            -0.56832           -0.568548         0.000312872
                  39           -0.568144           -0.568537          0.00030492
                  40              -0.565           -0.568449         0.000310078
                  41           -0.568048           -0.568439         0.000302578
                  42           -0.569728            -0.56847         0.000296876
                  43           -0.570328           -0.568513         0.000293093
                  44             -0.5702           -0.568551         0.000288909
                  45           -0.570304            -0.56859         0.000285089
                  46           -0.568568            -0.56859         0.000278823
                  47           -0.567704           -0.568571         0.000273476
                  48           -0.568952           -0.568579         0.000267836
                  49           -0.571328           -0.568635         0.000268245
                  50           -0.568496           -0.568632          0.00026284
                  51           -0.566944           -0.568599         0.000259753
                  52           -0.568336           -0.568594         0.000254759
                  53           -0.570968           -0.568639         0.000253888
                  54           -0.565592           -0.568583         0.000255452
                  55           -0.569144           -0.568593         0.000250972
                  56           -0.569544            -0.56861         0.000247034
                  57           -0.571096           -0.568653         0.000246551
                  58           -0.567432           -0.568632         0.000243176
                  59           -0.567208           -0.568608         0.000240235
                  60           -0.568488           -0.568606         0.000236205
                  61           -0.570752           -0.568641         0.000234949
                  62           -0.568456           -0.568638         0.000231148
                  63             -0.5698           -0.568657         0.000228196
                  64           -0.571568           -0.568702         0.000229162
                  65            -0.56664           -0.568671         0.000227829
                  66           -0.569296            -0.56868          0.00022455
                  67            -0.56604           -0.568641         0.000224656
                  68            -0.57236           -0.568695         0.000227986
                  69           -0.562872           -0.568611         0.000239987
                  70           -0.567824             -0.5686           0.0002368
                  71           -0.568264           -0.568595         0.000233489
                  72            -0.56652           -0.568566          0.00023202
                  73           -0.565984           -0.568531         0.000231538
                  74            -0.57008           -0.568552         0.000229345
                  75           -0.563504           -0.568484         0.000236064
                  76            -0.56904           -0.568492         0.000233051
                  77           -0.568608           -0.568493          0.00023001
                  78           -0.570696           -0.568521         0.000228792
                  79           -0.567416           -0.568507          0.00022631
                  80           -0.566928           -0.568488         0.000224334
                  81            -0.57108            -0.56852         0.000223846
                  82           -0.571088           -0.568551         0.000223307
                  83           -0.568912           -0.568555         0.000220643
                  84           -0.568032           -0.568549          0.00021809
                  85           -0.568368           -0.568547         0.000215519
                  86           -0.568768            -0.56855         0.000213014
                  87           -0.568088           -0.568544         0.000210618
                  88           -0.570472           -0.568566          0.00020936
                  89           -0.567336           -0.568552         0.000207455
                  90           -0.568408           -0.568551         0.000205144
                  91            -0.57412           -0.568612         0.000211907
                  92           -0.570272            -0.56863         0.000210366
                  93           -0.568256           -0.568626         0.000208131
                  94           -0.568968            -0.56863         0.000205937
                  95           -0.566048           -0.568602         0.000205561
                  96           -0.565696           -0.568572          0.00020565
                  97           -0.562872           -0.568513         0.000211833
                  98           -0.571168            -0.56854         0.000211403
                  99           -0.567416           -0.568529         0.000209564
                 100           -0.566896           -0.568513           0.0002081
                   1            -0.52908            -0.52908                   0
                   2           -0.527632           -0.528356            0.000724
                   3           -0.528024           -0.528245         0.000432403
                   4           -0.527464            -0.52805         0.000362824
                   5            -0.52796           -0.528032         0.000281618
                   6           -0.527488           -0.527941          0.00024717
                   7            -0.53016           -0.528258         0.000379601
                   8            -0.53012           -0.528491         0.000402776
                   9           -0.528904           -0.528537         0.000358167
                  10           -0.528688           -0.528552          0.00032071
                  11           -0.529136           -0.528605         0.000294912
                  12           -0.526904           -0.528463         0.000304257
                  13           -0.528176           -0.528441         0.000280747
                  14           -0.524184           -0.528137         0.000400036
                  15           -0.532088           -0.528401         0.000456143
                  16           -0.529248           -0.528453         0.000429957
                  17           -0.529024           -0.528487         0.000405266
                  18           -0.526384            -0.52837         0.000399553
                  19           -0.530216           -0.528467         0.000390225
                  20           -0.529552           -0.528522         0.000374151
                  21           -0.526664           -0.528433         0.000366717
                  22           -0.528936           -0.528456         0.000350397
                  23            -0.52724           -0.528403         0.000338965
                  24           -0.528176           -0.528394         0.000324672
                  25            -0.53028           -0.528469         0.000320425
                  26           -0.528176           -0.528458         0.000308061
                  27              -0.529           -0.528478         0.000297111
                  28           -0.531992           -0.528603         0.000312603
                  29           -0.528648           -0.528605         0.000301635
                  30           -0.528984           -0.528618         0.000291681
                  31           -0.526592           -0.528552         0.000289583
                  32           -0.527488           -0.528519         0.000282353
                  33           -0.526376           -0.528454         0.000281263
                  34           -0.526576           -0.528399           0.0002784
                  35           -0.530872           -0.528469         0.000279411
                  36           -0.529496           -0.528498         0.000273032
                  37           -0.530136           -0.528542         0.000269215
                  38           -0.527496           -0.528515         0.000263477
                  39            -0.53228           -0.528611         0.000274192
                  40           -0.530192           -0.528651         0.000270155
                  41            -0.52832           -0.528643         0.000263607
                  42           -0.530056           -0.528676         0.000259445
                  43            -0.52896           -0.528683         0.000253426
                  44           -0.530496           -0.528724         0.000251004
                  45           -0.523408           -0.528606         0.000272322
                  46           -0.531176           -0.528662         0.000272133
                  47           -0.531544           -0.528723          0.00027325
                  48            -0.52728           -0.528693         0.000269181
                  49           -0.528648           -0.528692         0.000263632
                  50           -0.527904           -0.528676         0.000258786
                  51           -0.530208           -0.528707         0.000255432
                  52           -0.529208           -0.528716         0.000250658
                  53           -0.523528           -0.528618         0.000264652
                  54           -0.528296           -0.528612         0.000259774
                  55           -0.527624           -0.528594         0.000255639
                  56           -0.530648           -0.528631         0.000253697
                  57           -0.530208           -0.528659         0.000250738
                  58           -0.530304           -0.528687         0.000248004
                  59           -0.527064            -0.52866         0.000245312
                  60           -0.530864           -0.528696         0.000243971
                  61           -0.527848           -0.528682         0.000240341
                  62           -0.530704           -0.528715         0.000238671
                  63           -0.532064           -0.528768         0.000240793
                  64           -0.526584           -0.528734         0.000239445
                  65             -0.5264           -0.528698         0.000238452
                  66           -0.526392           -0.528663         0.000237396
                  67           -0.529592           -0.528677         0.000234237
                  68            -0.53288           -0.528739         0.000238901
                  69           -0.528856           -0.528741         0.000235419
                  70           -0.528352           -0.528735         0.000232098
                  71           -0.530512            -0.52876          0.00023017
                  72           -0.525376           -0.528713         0.000231767
                  73           -0.529424           -0.528723         0.000228777
                  74           -0.526768           -0.528696         0.000227205
                  75           -0.526104           -0.528662         0.000226804
                  76             -0.5262           -0.528629         0.000226132
                  77           -0.528264           -0.528625         0.000223227
                  78           -0.528264            -0.52862         0.000220395
                  79           -0.525496            -0.52858         0.000221151
                  80            -0.53076           -0.528608         0.000220062
                  81            -0.52872           -0.528609         0.000217333
                  82           -0.527784           -0.528599         0.000214902
                  83           -0.527288           -0.528583         0.000212884
                  84           -0.531752           -0.528621          0.00021369
                  85            -0.52964           -0.528633         0.000211501
                  86           -0.525624           -0.528598         0.000211935
                  87           -0.526848           -0.528578         0.000210449
                  88           -0.529376           -0.528587         0.000208241
                  89           -0.533032           -0.528637         0.000211859
                  90           -0.529976           -0.528652          0.00021002
                  91           -0.526344           -0.528626         0.000209241
                  92             -0.5284           -0.528624         0.000206969
                  93           -0.529744           -0.528636         0.000205086
                  94           -0.526368           -0.528612         0.000204322
                  95            -0.52796           -0.528605         0.000202276
                  96           -0.528232           -0.528601         0.000200195
                  97           -0.530304           -0.528619         0.000198897
                  98            -0.53056           -0.528638         0.000197851
                  99           -0.529632           -0.528648           0.0001961
                 100           -0.527896           -0.528641         0.000194274
                   1           -0.494112           -0.494112                   0
                   2           -0.495184           -0.494648            0.000536
                   3           -0.493488           -0.494261         0.000495254
                   4           -0.491368           -0.493538         0.000803648
                   5           -0.492464           -0.493323          0.00065852
                   6            -0.49372           -0.493389         0.000541731
                   7              -0.493           -0.493334         0.000461212
                   8           -0.494264            -0.49345         0.000416005
                   9           -0.492888           -0.493388         0.000372158
                  10           -0.494272           -0.493476         0.000344418
                  11           -0.491304           -0.493279         0.000368841
                  12           -0.494608           -0.493389         0.000354463
                  13            -0.49336           -0.493387         0.000326066
                  14           -0.492648           -0.493334          0.00030646
                  15           -0.495936           -0.493508         0.000333885
                  16           -0.490952           -0.493348         0.000350798
                  17           -0.492624           -0.493305         0.000332258
                  18           -0.487216           -0.492967          0.00046106
                  19           -0.494304           -0.493037         0.000441759
                  20           -0.494504           -0.493111         0.000425456
                  21           -0.491072           -0.493014         0.000416172
                  22              -0.494           -0.493059         0.000399329
                  23           -0.491248            -0.49298         0.000389607
                  24           -0.490408           -0.492873         0.000388108
                  25            -0.49652           -0.493019         0.000399828
                  26           -0.492648           -0.493004         0.000384406
                  27           -0.492096           -0.492971         0.000371422
                  28           -0.494224           -0.493015         0.000360699
                  29           -0.491472           -0.492962         0.000352085
                  30           -0.492344           -0.492942          0.00034077
                  31           -0.494512           -0.492992         0.000333464
                  32           -0.494304           -0.493033         0.000325467
                  33           -0.494016           -0.493063         0.000316853
                  34           -0.491624           -0.493021         0.000310293
                  35           -0.491224           -0.492969         0.000305639
                  36           -0.493896           -0.492995         0.000298141
                  37            -0.49348           -0.493008         0.000290267
                  38           -0.492976           -0.493007         0.000282526
                  39           -0.492184           -0.492986         0.000275995
                  40           -0.492728            -0.49298         0.000269084
                  41           -0.494536           -0.493018          0.00026517
                  42           -0.492112           -0.492996         0.000259676
                  43           -0.495072           -0.493044          0.00025812
                  44           -0.494984           -0.493089         0.000256009
                  45           -0.494384           -0.493117         0.000251905
                  46           -0.497456           -0.493212         0.000263806
                  47           -0.495168           -0.493253         0.000261466
                  48           -0.496464            -0.49332         0.000264557
                  49           -0.493264           -0.493319         0.000259104
                  50           -0.492616           -0.493305         0.000254258
                  51           -0.495456           -0.493347         0.000252767
                  52           -0.494128           -0.493362         0.000248312
                  53           -0.492232           -0.493341         0.000244514
                  54           -0.491744           -0.493311         0.000241758
                  55           -0.492704             -0.4933         0.000237579
                  56           -0.494176           -0.493316         0.000233821
                  57           -0.490792           -0.493272         0.000233912
                  58           -0.494064           -0.493285         0.000230249
                  59           -0.497608           -0.493359         0.000237877
                  60           -0.496536           -0.493411           0.0002398
                  61            -0.49612           -0.493456         0.000239979
                  62           -0.494648           -0.493475         0.000236859
                  63           -0.494424            -0.49349         0.000233555
                  64           -0.493072           -0.493484          0.00022997
                  65           -0.495112           -0.493509         0.000227786
                  66           -0.493368           -0.493507         0.000224318
                  67           -0.491456           -0.493476         0.000223054
                  68           -0.495672           -0.493508          0.00022211
                  69           -0.493304           -0.493505         0.000218887
                  70           -0.493704           -0.493508         0.000215756
                  71           -0.496728           -0.493553         0.000217477
                  72           -0.493248           -0.493549         0.000214477
                  73           -0.496072           -0.493584         0.000214323
                  74           -0.492352           -0.493567         0.000212061
                  75           -0.491928           -0.493545         0.000210353
                  76           -0.493504           -0.493545         0.000207568
                  77           -0.494216           -0.493553          0.00020504
                  78             -0.4918           -0.493531         0.000203638
                  79           -0.491848            -0.49351          0.00020217
                  80            -0.49508           -0.493529         0.000200589
                  81           -0.492912           -0.493522         0.000198244
                  82           -0.492072           -0.493504         0.000196608
                  83           -0.492656           -0.493494         0.000194493
                  84            -0.49348           -0.493494         0.000192164
                  85           -0.495416           -0.493516         0.000191232
                  86           -0.493128           -0.493512         0.000189049
                  87            -0.49936           -0.493579         0.000198587
                  88           -0.493096           -0.493573         0.000196394
                  89           -0.496016           -0.493601         0.000196105
                  90           -0.493952           -0.493605         0.000193953
                  91           -0.490776           -0.493574         0.000194312
                  92           -0.494576           -0.493585         0.000192497
                  93           -0.495144           -0.493601         0.000191153
                  94           -0.493568           -0.493601         0.000189108
                  95           -0.495768           -0.493624         0.000188493
                  96           -0.494576           -0.493634         0.000186782
                  97           -0.491936           -0.493616         0.000185673
                  98           -0.497728           -0.493658         0.000188498
                  99           -0.492688           -0.493648         0.000186841
                 100           -0.491216           -0.493624         0.000186556
                   1           -0.462096           -0.462096                   0
                   2           -0.460984            -0.46154            0.000556
                   3             -0.4642           -0.462427         0.000942986
                   4           -0.460552           -0.461958         0.000815021
                   5           -0.462312           -0.462029         0.000635271
                   6           -0.463872           -0.462336         0.000602841
                   7           -0.462024           -0.462291          0.00051144
                   8           -0.464608           -0.462581         0.000529178
                   9            -0.46304           -0.462632          0.00046947
                  10           -0.463176           -0.462686         0.000423416
                  11            -0.46196            -0.46262         0.000388645
                  12           -0.463632           -0.462705         0.000364661
                  13           -0.459904           -0.462489         0.000398663
                  14           -0.460232           -0.462328         0.000402769
                  15           -0.461832           -0.462295         0.000376413
                  16           -0.462408           -0.462302         0.000352173
                  17           -0.467088           -0.462584         0.000434389
                  18           -0.459864           -0.462432         0.000436525
                  19           -0.463568           -0.462492         0.000417214
                  20           -0.461896           -0.462462         0.000396925
                  21           -0.460512            -0.46237         0.000388807
                  22           -0.463416           -0.462417         0.000373752
                  23           -0.461808           -0.462391         0.000358113
                  24           -0.462144            -0.46238         0.000343021
                  25           -0.459832           -0.462278         0.000344443
                  26              -0.461           -0.462229         0.000334563
                  27           -0.463392           -0.462272         0.000324801
                  28           -0.465728           -0.462396          0.00033644
                  29           -0.462456           -0.462398         0.000324639
                  30           -0.462672           -0.462407         0.000313764
                  31           -0.462632           -0.462414          0.00030356
                  32           -0.461496           -0.462385         0.000295318
                  33           -0.466408           -0.462507         0.000311104
                  34           -0.465808           -0.462604         0.000317043
                  35           -0.465208           -0.462679         0.000316711
                  36           -0.461976           -0.462659         0.000308406
                  37           -0.462888           -0.462666         0.000300019
                  38           -0.459672           -0.462587         0.000302456
                  39           -0.457664           -0.462461         0.000320501
                  40           -0.459008           -0.462374          0.00032409
                  41           -0.462272           -0.462372         0.000316097
                  42           -0.462048           -0.462364         0.000308575
                  43           -0.459352           -0.462294         0.000309348
                  44           -0.462928           -0.462308         0.000302579
                  45           -0.465344           -0.462376         0.000303374
                  46           -0.461448           -0.462356          0.00029739
                  47            -0.46276           -0.462364         0.000291121
                  48             -0.4662           -0.462444         0.000295983
                  49           -0.464848           -0.462493         0.000294002
                  50           -0.463216           -0.462508         0.000288424
                  51            -0.46288           -0.462515         0.000282807
                  52           -0.462296           -0.462511         0.000277347
                  53           -0.460224           -0.462468         0.000275463
                  54           -0.463944           -0.462495         0.000271693
                  55            -0.46352           -0.462514         0.000267358
                  56            -0.46112           -0.462489         0.000263717
                  57           -0.461936           -0.462479         0.000259231
                  58            -0.45972           -0.462431         0.000259126
                  59           -0.458896           -0.462372          0.00026165
                  60           -0.461992           -0.462365          0.00025733
                  61           -0.462192           -0.462362         0.000253092
                  62           -0.459048           -0.462309         0.000254651
                  63           -0.460904           -0.462287         0.000251566
                  64           -0.461208            -0.46227         0.000248177
                  65           -0.460616           -0.462244         0.000245651
                  66           -0.461256           -0.462229         0.000242363
                  67           -0.467016           -0.462301          0.00024918
                  68           -0.465168           -0.462343         0.000249083
                  69           -0.462168            -0.46234         0.000245459
                  70           -0.463184           -0.462352         0.000242227
                  71           -0.461464            -0.46234         0.000239119
                  72            -0.46208           -0.462336         0.000235802
                  73            -0.45968             -0.4623         0.000235379
                  74           -0.461944           -0.462295         0.000232226
                  75           -0.458936            -0.46225         0.000233446
                  76           -0.460128           -0.462222          0.00023204
                  77              -0.465           -0.462258         0.000231831
                  78           -0.462952           -0.462267         0.000229012
                  79           -0.466192           -0.462317         0.000231488
                  80           -0.461984           -0.462313         0.000228614
                  81            -0.45988           -0.462283         0.000227763
                  82           -0.462008            -0.46228         0.000224993
                  83           -0.457312            -0.46222         0.000230183
                  84           -0.465176           -0.462255         0.000230133
                  85           -0.461568           -0.462247         0.000227553
                  86            -0.46004           -0.462221         0.000226351
                  87           -0.464024           -0.462242         0.000224691
                  88           -0.463352           -0.462254         0.000222481
                  89             -0.4624           -0.462256         0.000219973
                  90           -0.463592           -0.462271         0.000218021
                  91           -0.462576           -0.462274         0.000215638
                  92            -0.45948           -0.462244         0.000215433
                  93           -0.465968           -0.462284         0.000216834
                  94           -0.462552           -0.462287         0.000214534
                  95           -0.461232           -0.462276         0.000212554
                  96            -0.46228           -0.462276         0.000210328
                  97           -0.460696           -0.462259         0.000208784
                  98           -0.461232           -0.462249         0.000206909
                  99            -0.46032           -0.462229         0.000205733
                 100           -0.460032           -0.462208         0.000204847
