                   1             4846.87            0.592943                   0
                   2              4660.4              2.1458             3.86608
                   3             4484.11             3.36678             4.12846
                   4              4825.1               2.706             3.38324
                   5             4686.32             2.60122             2.62219
                   6             4539.27             2.72291              2.2981
                   7             4703.45             2.69101             1.94854
                   8             4123.52             8.41763             7.29078
                   9             4302.77             8.32574             6.47101
                  10             4755.53             7.66512             5.92186
                  11             4535.83             7.22434             5.37818
                  12             4398.75             7.10514             4.91823
                  13             4649.06             6.93523              4.5421
                  14             4726.77             6.67598             4.24787
                  15             4594.38             6.85716             3.95459
                  16             4774.97              6.5121             3.76297
                  17             4726.63             6.29056             3.56421
                  18             4819.54             5.99679             3.41948
                  19             4667.56             5.82709              3.2462
                  20             4437.55             5.73483               3.085
                  21             4778.44              5.5167             2.96847
                  22             4608.97             5.37008             2.83565
                  23             4721.44             5.22896             2.72394
                  24             4213.13             6.17294             2.91038
                  25             4583.64             6.05363             2.79491
                  26             4662.98             6.72398             2.74873
                  27             4711.79             6.54217             2.66234
                  28             4434.67             6.56501             2.57093
                  29             4615.22             6.45372             2.48506
                  30             4691.49             6.33655                2.41
                  31             4370.86             6.27421             2.33668
                  32             4491.83             7.19647             2.45869
                  33             4588.81             7.06533             2.38797
                  34             4792.53             6.89486             2.34056
                  35              4853.5             6.72139             2.30296
                  36             4540.71             6.67642              2.2385
                  37             4698.23             6.53528             2.18816
                  38             4142.85             6.70644             2.17952
                  39              4205.8              9.2098             3.40808
                  40              4334.3             10.0225             3.43622
                  41             4559.97             9.84212             3.35901
                  42             4623.08             9.67503             3.28704
                  43             4706.49             9.49661             3.22332
                  44             4467.43               9.455             3.14947
                  45             4379.88             11.4268             3.66812
                  46             4816.35             11.2125             3.60994
                  47             4634.44             11.0531             3.54088
                  48              4425.3             10.9746             3.46723
                  49             4741.52             10.7867             3.41098
                  50             4670.44              10.638             3.35093
                  51             4044.19             11.2212             3.37055
                  52             4210.54             11.1644             3.30747
                  53             4859.32             10.9789             3.26548
                  54             4863.77             10.7969             3.22482
                  55             4630.38             10.7193             3.16898
                  56              4347.2             11.6734             3.26184
                  57             4386.29             11.6144             3.20466
                  58             4368.03             11.8218             3.15664
                  59             4348.09             12.7369             3.23887
                  60             4634.59             12.6986             3.18631
                  61             4440.57             12.7567             3.13357
                  62             4530.96             12.6163             3.08782
                  63              4714.9             12.4483             3.05049
                  64             4609.93             12.3226             3.00827
                  65             4612.71             12.1739             2.96909
                  66             4159.06             12.5828             2.96493
                  67             4304.92             13.0771             2.96631
                  68             4714.21             12.9629             2.93001
                  69             4736.81             12.8023             2.89923
                  70             4670.76             12.6539             2.86647
                  71             4766.44             12.5008             2.83782
                  72             4737.76             12.3561             2.80842
                  73             4344.27             12.9707             2.84019
                  74              4682.6              12.881             2.80644
                  75             4743.56             12.7446             2.77835
                  76             4522.57              12.618             2.74588
                  77             4656.23             12.4825             2.71732
                  78             4319.92             12.3962             2.68347
                  79             4772.81             12.2599             2.65954
                  80             4246.14             12.2421             2.62708
                  81             4173.35              12.241              2.5965
                  82             4184.74             12.4048             2.57496
                  83             4503.55             12.3154             2.54613
                  84             4472.92             12.2596             2.51653
                  85             4503.61             12.4258             2.49044
                  86             4453.95              12.339              2.4632
                  87             4332.04             12.3002             2.43511
                  88             4273.67             12.5041              2.4189
                  89             4761.34             12.3905             2.39989
                  90              4668.4             12.2852             2.37878
                  91             4627.99             12.1854             2.35713
                  92             4055.78             12.1665             2.33429
                  93                4346             12.1775             2.30933
                  94             4629.91             12.0771             2.28943
                  95             4441.53             12.0206             2.26605
                  96             4634.37             11.9199             2.24721
                  97             4644.94             11.8348             2.22796
                  98             4710.41             11.7399             2.21082
                  99             4820.04             11.6354             2.19699
                 100             4453.37             11.5605             2.17643
                   1             2413.02             12.6578                   0
                   2             1759.36              15.898             11.1183
                   3             2185.06             16.7353              6.4409
                   4             2012.56              18.541             5.00155
                   5             2223.85              20.291             4.02448
                   6             2147.18              20.476             3.28387
                   7             2296.11             20.2696             2.93501
                   8                2325             19.5388             2.88121
                   9             1904.27             21.0178             3.23759
                  10             2386.93             20.5581             3.13859
                  11                2144             21.0819             2.86559
                  12             1986.79             20.4701             2.66666
                  13             2196.14             21.1378             2.49846
                  14             2309.77             20.8526             2.40129
                  15             2072.13             20.8658             2.23734
                  16                2508             20.6493             2.26101
                  17             2269.22              20.162             2.22985
                  18             1945.33             20.2258             2.13248
                  19             1686.77             20.3572             2.15484
                  20             2252.24             20.4069              2.0498
                  21             2304.52             20.2865              1.9822
                  22             1820.52             20.0847              1.9143
                  23             2003.27             20.0119             1.83238
                  24             2385.68             19.8671             1.81153
                  25             1924.56             19.9421             1.75771
                  26             2206.67               19.82             1.70343
                  27             2008.65              20.041             1.66413
                  28             2154.02              19.786             1.63306
                  29             2266.49             19.6363              1.6026
                  30             1803.44             19.8382             1.61074
                  31             2532.74             19.6925             1.64128
                  32             1959.29             19.6231             1.59275
                  33             2484.04             19.6377             1.57515
                  34             2099.78             19.6775             1.52821
                  35             2026.65             19.7637             1.48977
                  36             2179.96             19.8291             1.44757
                  37             1968.65             19.7826              1.4108
                  38             2263.71             19.9055             1.37465
                  39             2040.48             19.7804             1.34353
                  40             1796.22             20.1835             1.42783
                  41              2233.1             20.3191             1.39403
                  42             2313.09             20.3015             1.36942
                  43             2102.93             20.3621             1.33773
                  44             2176.74              20.191             1.32497
                  45              2170.3             20.2934             1.29629
                  46             2364.84             20.1875             1.29236
                  47             2286.89             20.0399             1.28764
                  48             1927.61             20.0867             1.26837
                  49             2326.91             20.2259             1.24476
                  50             2265.96             20.0571             1.24421
                  51             2162.83             20.0224              1.2211
                  52             2183.57             19.9767             1.20014
                  53             2105.03             20.0157             1.17758
                  54             2212.61             19.9515              1.1609
                  55             2240.07             20.0206             1.13994
                  56                2350             19.9476             1.13361
                  57             1955.54             19.9677             1.11765
                  58             2371.78             19.8746             1.11693
                  59             2174.06             19.7993             1.10242
                  60             1911.92             20.0284             1.12456
                  61             2089.45             20.1728             1.11517
                  62             2154.89             20.1329             1.09861
                  63             2141.92             20.0383             1.08669
                  64             1965.58              20.064             1.07281
                  65             2272.98             20.1881             1.05873
                  66             2274.15             20.1315             1.04925
                  67             1947.92             20.1272             1.03576
                  68             2372.72             20.1319             1.02548
                  69             2034.19             20.1269             1.01098
                  70             2131.77             20.1761            0.996979
                  71             2472.35             20.0746             1.00892
                  72              1887.9             20.2289             1.01935
                  73             1935.19             20.1929             1.00687
                  74             2014.54              20.278            0.999024
                  75             2032.13             20.2367            0.986335
                  76             1995.71             20.1809            0.974486
                  77             2093.48             20.2345            0.962977
                  78             2262.25             20.1662            0.957892
                  79             2059.81             20.1702            0.945836
                  80             1969.36             20.1675            0.935139
                  81                2286             20.1843            0.924743
                  82              2344.2             20.1159            0.924182
                  83             2199.96             20.1153            0.913414
                  84             1753.76             20.0462            0.907203
                  85             2001.63             20.0218            0.896968
                  86             2339.26             19.9396            0.899018
                  87             2142.54             19.8903            0.890779
                  88              2008.2             19.8733            0.881012
                  89             2321.01             19.8155            0.879061
                  90             1866.06             19.7649            0.871296
                  91             2218.24             19.7219            0.864873
                  92             2280.24             19.6606            0.862252
                  93             2060.07             19.7328            0.856476
                  94             2334.66             19.6856            0.854252
                  95             2388.72             19.6433            0.853415
                  96             1951.66             19.6743            0.847397
                  97             2173.98             19.7399            0.839864
                  98             2036.67             19.8119            0.835438
                  99             2027.43             19.7494             0.82878
                 100             2386.01             19.7364            0.825142
                   1              946.42             13.2272                   0
                   2             877.724             13.8017             1.36773
                   3             882.036             13.6876            0.813607
                   4             888.734             13.3611            0.647109
                   5             872.511             13.5943            0.598605
                   6             750.317              13.235             0.68927
                   7             903.057             13.0257            0.674622
                   8             933.162             12.7613            0.746162
                   9             1152.73             12.9003             1.02382
                  10              991.77             12.7709            0.986782
                  11             869.635             12.8932            0.912534
                  12             738.424             12.7717            0.893106
                  13             840.118             12.6909            0.826376
                  14             1018.41             12.7471             0.79816
                  15              996.74              12.772            0.762867
                  16             990.961             12.7284            0.739576
                  17             939.542             12.7791            0.694911
                  18             922.477             12.8571            0.656936
                  19             771.942             12.9814            0.688856
                  20             980.928             12.9942            0.661981
                  21             854.957             13.0149            0.634157
                  22             1077.83              12.998            0.651406
                  23             830.751             13.0111            0.630441
                  24             895.936             12.9663            0.605456
                  25             939.981             12.8602            0.598849
                  26             1205.95             12.8822            0.655793
                  27             968.516             12.9398            0.631538
                  28             1090.92             12.9432            0.633403
                  29             950.267             12.9374            0.612058
                  30             882.093             12.9446            0.592563
                  31             1144.17             13.0851            0.589133
                  32             837.889              13.071            0.574701
                  33             898.188             13.0319            0.558143
                  34              801.83             12.9992            0.547835
                  35             1046.27             13.0403             0.53721
                  36             817.143             13.0549            0.530183
                  37             905.151               13.05            0.515706
                  38             1028.92             13.0407             0.50975
                  39             927.525             13.0041            0.498453
                  40             894.136             12.9788            0.486384
                  41             995.924             12.9179             0.48632
                  42             998.168             12.9315            0.476306
                  43             922.813             12.9052            0.466043
                  44             986.966             12.9058            0.457043
                  45              954.65             12.9308            0.446814
                  46             1004.75             12.9284            0.439857
                  47             908.885             12.9257            0.430485
                  48             991.154             12.9628            0.421991
                  49             846.704             12.9847            0.418034
                  50             1030.71             13.0504             0.41173
                  51             952.343             13.0238            0.405504
                  52              970.87             13.0693            0.398573
                  53             954.718             13.1533            0.397264
                  54             757.457             13.1955            0.408345
                  55             896.989             13.1809            0.401111
                  56             899.365             13.1584            0.394406
                  57             839.137             13.1409            0.388883
                  58             974.051             13.1319            0.383537
                  59             1073.25             13.1344             0.38344
                  60             859.529             13.1301            0.378049
                  61             825.054             13.1335            0.374855
                  62             958.658             13.1157             0.37026
                  63             915.593             13.1206            0.364337
                  64             823.469             13.1027            0.360303
                  65              933.08             13.0914            0.355127
                  66             1039.71              13.053            0.359662
                  67             949.263             13.0511            0.354473
                  68             876.622             13.0753            0.351259
                  69             1051.44             13.0887            0.348856
                  70             845.121             13.0849            0.345072
                  71             896.982             13.0794            0.340278
                  72             913.377             13.0752            0.335544
                  73             894.732             13.0665            0.331051
                  74             767.874             13.0386            0.329664
                  75             1020.02             13.0342            0.327854
                  76             824.942             13.0103            0.324665
                  77             1042.41             13.0167            0.322954
                  78             782.418              13.001            0.321464
                  79             856.178             12.9885            0.317863
                  80             1044.11             12.9853             0.31736
                  81             999.638             12.9918            0.314254
                  82             990.692             12.9961            0.311083
                  83             814.484             12.9738            0.308558
                  84             1115.36             12.9832            0.310534
                  85             980.412             12.9668            0.308743
                  86             1209.41             12.9684            0.319048
                  87             1016.96             12.9607            0.317405
                  88             957.274             12.9629            0.313861
                  89              886.92             12.9627            0.310549
                  90             1037.79             12.9537            0.309983
                  91             836.739              12.947            0.307515
                  92             930.118             12.9426            0.304216
                  93             1019.35             12.9774            0.301693
                  94             881.748             12.9983            0.300014
                  95              920.48             13.0102             0.29703
                  96             1112.26             13.0142            0.298452
                  97             956.242             13.0018            0.296051
                  98             938.568             13.0089            0.293001
                  99             702.399              12.987            0.294683
                 100             897.407             13.0027            0.292442
                   1             495.092              8.0245                   0
                   2             547.817             8.59853            0.529296
                   3             551.938             8.86161             0.37173
                   4             502.101              8.5513            0.344565
                   5             557.579             8.61778             0.30691
                   6             459.534             8.62556            0.417095
                   7             520.243             8.62093            0.352951
                   8             471.451             8.65098            0.354705
                   9             488.504             8.62827            0.317856
                  10             515.064             8.59717            0.288864
                  11             483.318             8.53913            0.266461
                  12             455.172             8.48805            0.260486
                  13             550.838             8.49772            0.259731
                  14             484.923              8.5481            0.253726
                  15             556.347             8.53199            0.262201
                  16             478.671             8.50463            0.248092
                  17             477.324             8.47153             0.23565
                  18             474.233             8.41497            0.226613
                  19             512.395              8.4022            0.216284
                  20             468.445             8.37566            0.208248
                  21              493.05             8.36035            0.198557
                  22             487.312             8.35224            0.189732
                  23             497.775             8.34169            0.181653
                  24             553.332             8.34264            0.185203
                  25             526.138             8.34831              0.1793
                  26              446.24             8.31807            0.178233
                  27             469.204             8.31464            0.174036
                  28             497.355             8.29592            0.168851
                  29             456.656             8.28957            0.166978
                  30             550.584             8.28332            0.170652
                  31             504.438              8.2928            0.165073
                  32             464.134             8.28376            0.161806
                  33             507.589             8.31085            0.158026
                  34             498.211             8.31947            0.153421
                  35             410.202             8.28426            0.158095
                  36             445.905             8.27961            0.157674
                  37             457.642             8.26717            0.154823
                  38              534.33              8.2805            0.152416
                  39             455.712             8.26972            0.150045
                  40             547.579             8.28973            0.148825
                  41             454.744             8.27177            0.146542
                  42              473.73             8.26918            0.143462
                  43              486.27             8.26385             0.14017
                  44             460.274             8.25011            0.137819
                  45             478.135             8.24392            0.134893
                  46             514.264             8.24278            0.132778
                  47             547.266             8.23632            0.135505
                  48             489.523             8.23164             0.13273
                  49              531.73             8.24151            0.131034
                  50             471.392             8.23543            0.128752
                  51             519.265             8.24521            0.126549
                  52             457.626             8.23005            0.124961
                  53             470.374              8.2343            0.123485
                  54             500.188             8.24772            0.121564
                  55             498.104             8.25158            0.119331
                  56             474.281             8.23914            0.117591
                  57              497.76             8.24375             0.11552
                  58             561.363             8.25881            0.116222
                  59             446.507              8.2512            0.115671
                  60             465.925             8.24834            0.114243
                  61             441.307             8.23701             0.11377
                  62             511.276             8.24453            0.112062
                  63             505.509             8.24649             0.11037
                  64             462.113             8.23202            0.109232
                  65             517.595             8.24486            0.107868
                  66             500.433             8.23558            0.106975
                  67             437.632             8.23133            0.107277
                  68             510.838             8.23229            0.105957
                  69             517.941             8.23069            0.105123
                  70             474.664             8.22513            0.103754
                  71             449.438             8.21781            0.103092
                  72             545.488             8.21679             0.10407
                  73             492.944             8.21015            0.102916
                  74             444.182             8.19243             0.10253
                  75             492.265              8.1889            0.101249
                  76             532.391              8.1917            0.100826
                  77              526.48             8.19219            0.100301
                  78             441.837             8.18284           0.0999312
                  79             516.744              8.1919           0.0988545
                  80             595.549             8.20891            0.101349
                  81             528.374             8.21698             0.10044
                  82             450.204             8.22272            0.101017
                  83             501.196             8.21978           0.0999589
                  84             415.063             8.21926            0.102033
                  85             462.749             8.21853            0.101224
                  86             500.508             8.22257            0.100056
                  87             499.459             8.22743           0.0989313
                  88             477.967             8.22898           0.0979392
                  89             492.439             8.22903           0.0968305
                  90             468.693             8.22655           0.0959179
                  91             498.136             8.22492           0.0949345
                  92             477.168             8.22151           0.0939598
                  93             509.736             8.21976           0.0932266
                  94              476.99             8.22166           0.0923901
                  95             500.119             8.22252           0.0914346
                  96             483.115             8.22752           0.0907017
                  97             402.074             8.21492            0.091833
                  98             501.833             8.21211            0.091091
                  99             483.602             8.20497           0.0904009
                 100             477.079             8.21038           0.0898482
                   1             311.513             5.65334                   0
                   2             303.791             5.46184            0.142227
                   3             323.715             5.50331            0.152199
                   4             294.331             5.43659            0.144323
                   5             274.986             5.37145            0.185542
                   6             295.786             5.38158            0.154849
                   7             278.691              5.3351            0.145734
                   8             320.305             5.37583            0.139688
                   9             288.206             5.37181            0.127802
                  10             317.277             5.44498             0.12471
                  11             302.145             5.47827            0.116194
                  12              290.86              5.4565            0.107646
                  13             296.007             5.46967            0.100615
                  14             313.884             5.48489           0.0955435
                  15             338.796             5.53582            0.102342
                  16             319.945             5.55746           0.0979406
                  17             294.647             5.54807           0.0926972
                  18             278.996             5.51758           0.0917364
                  19             282.808             5.50585           0.0895122
                  20             364.696             5.55351            0.107256
                  21              273.38             5.51722            0.106545
                  22             308.042             5.50399            0.103461
                  23             282.481               5.496             0.10087
                  24              324.26             5.50866           0.0985126
                  25             332.161             5.52147            0.097947
                  26             283.388             5.50207            0.095587
                  27             301.916             5.49902           0.0920272
                  28             289.414             5.49634           0.0894726
                  29             290.583             5.48931           0.0867567
                  30             308.186             5.50259           0.0843246
                  31             313.989             5.50952           0.0818794
                  32             285.808              5.5069           0.0803443
                  33             291.523              5.5018           0.0781606
                  34             274.773             5.48269           0.0776267
                  35             288.042             5.46728           0.0762493
                  36              289.04             5.45978           0.0744177
                  37              304.82             5.45679           0.0726544
                  38             305.933             5.46278           0.0708076
                  39             287.347             5.45721           0.0693233
                  40             287.412              5.4508           0.0678908
                  41             276.642             5.43965           0.0672134
                  42             302.394              5.4507           0.0662291
                  43             294.432             5.45012           0.0647269
                  44             309.955             5.45295           0.0634561
                  45             318.584             5.45533            0.062922
                  46             299.647             5.44858           0.0619464
                  47             308.108             5.45511           0.0607541
                  48             307.352             5.45736            0.059553
                  49             295.142             5.45516           0.0583677
                  50              303.97             5.45275           0.0573695
                  51             303.303             5.44885           0.0565135
                  52             320.001             5.45965           0.0559786
                  53             274.602             5.45688           0.0561981
                  54               297.1             5.45841           0.0552026
                  55             294.421             5.45456            0.054277
                  56             298.272             5.45421           0.0533014
                  57             308.973             5.45741           0.0524445
                  58             298.019             5.45718           0.0515368
                  59             298.496             5.45401           0.0507478
                  60             287.783             5.45244           0.0501152
                  61             305.179             5.45213           0.0493718
                  62             309.288             5.45572           0.0486543
                  63             308.086             5.45722           0.0479558
                  64             322.923             5.46447           0.0477146
                  65             299.965             5.46288           0.0470058
                  66             298.739             5.46775           0.0465684
                  67              308.48             5.47249           0.0459676
                  68             261.716             5.46432           0.0468239
                  69             287.674             5.45659           0.0465008
                  70             333.861             5.45802            0.047619
                  71             317.443             5.46337           0.0471785
                  72             314.117             5.46305           0.0468732
                  73             322.752             5.46708           0.0466634
                  74             307.568             5.46863           0.0460602
                  75              305.87             5.46768           0.0455271
                  76             296.181              5.4711           0.0451575
                  77             288.048             5.46727            0.044708
                  78             312.699             5.46918           0.0442495
                  79             309.905              5.4701           0.0437674
                  80             345.011             5.47916           0.0446156
                  81             296.364             5.48136           0.0441981
                  82             334.583             5.48727           0.0444378
                  83             308.733             5.48697           0.0439799
                  84             333.245             5.49237           0.0441255
                  85             293.624             5.48975           0.0436636
                  86             325.185             5.49318           0.0435194
                  87             335.265             5.49938           0.0436784
                  88             280.732             5.49636           0.0435189
                  89             286.819             5.49399           0.0431912
                  90             294.525             5.49334           0.0427569
                  91             254.292             5.48271           0.0436096
                  92             331.829             5.48554           0.0437834
                  93             299.517             5.48714           0.0433568
                  94             282.709             5.48265           0.0431042
                  95             304.897             5.48313           0.0426517
                  96             279.042             5.47752           0.0424972
                  97             284.198             5.47826           0.0424192
                  98             317.165             5.47906           0.0421793
                  99             294.362             5.47753           0.0417803
                 100             346.828             5.48103           0.0427112
                   1              208.66             3.91022                   0
                   2             196.779             3.78437            0.119024
                   3             196.372             3.78317           0.0898018
                   4             198.564             3.77597           0.0643024
                   5              224.15             3.87402            0.108348
                   6             204.147             3.88496           0.0893839
                   7             214.707             3.88808           0.0850019
                   8             202.521             3.88084           0.0741668
                   9             221.008             3.91257           0.0737595
                  10             207.423             3.90877           0.0661414
                  11             216.551             3.91609           0.0629123
                  12             227.864             3.93258           0.0682945
                  13             196.009             3.92297            0.067158
                  14             205.456             3.91466           0.0625297
                  15             201.496             3.90566            0.058968
                  16             202.688             3.89436           0.0558374
                  17             211.722              3.8974           0.0527066
                  18             219.998             3.91132           0.0514416
                  19             201.744             3.90016           0.0494099
                  20             206.152             3.90021           0.0469443
                  21             212.328             3.90213           0.0448976
                  22             217.604              3.9063            0.043876
                  23             197.566             3.90185           0.0433106
                  24             212.444             3.90267           0.0417247
                  25             216.669             3.90246           0.0411992
                  26              208.23             3.89875            0.039764
                  27              205.87             3.89468           0.0383979
                  28             203.699             3.89432           0.0372678
                  29             197.734             3.88884           0.0367467
                  30             225.863             3.90156           0.0374146
                  31             195.416             3.89785           0.0374556
                  32             195.635             3.89245           0.0371757
                  33             188.251             3.88424           0.0380879
                  34             211.913             3.88637           0.0370607
                  35             205.927             3.88477           0.0360122
                  36             207.629             3.88531           0.0349958
                  37             217.214             3.88962           0.0344712
                  38             187.864             3.88199           0.0352181
                  39              216.74             3.88411            0.034794
                  40             221.329             3.89081           0.0346243
                  41             216.508             3.89174           0.0342344
                  42             208.899             3.89064           0.0334636
                  43             207.257             3.89194           0.0327033
                  44             217.092             3.89807           0.0322613
                  45             216.301             3.90173            0.031742
                  46             209.633             3.90085           0.0310956
                  47             234.268             3.91005           0.0324254
                  48             190.434             3.90813           0.0331218
                  49             210.582              3.9099           0.0324537
                  50             191.977             3.90238           0.0325048
                  51             212.733             3.90668           0.0319863
                  52             197.708             3.90435           0.0316634
                  53             206.275             3.90196           0.0311299
                  54             210.265             3.90457           0.0305946
                  55             204.981             3.90317           0.0300585
                  56             220.987             3.91036           0.0299617
                  57             199.229              3.9085           0.0296209
                  58             214.245             3.91423           0.0293718
                  59             208.131              3.9118           0.0289919
                  60             208.751             3.91128           0.0285202
                  61             205.972             3.91385           0.0282207
                  62              220.43             3.91632           0.0280928
                  63             206.022             3.91495           0.0276668
                  64              205.92             3.91458           0.0272409
                  65             199.792             3.91241           0.0269469
                  66             210.952             3.91121            0.026646
                  67             210.736              3.9131           0.0262693
                  68             221.105              3.9144           0.0262933
                  69             220.158             3.91573           0.0262301
                  70              204.15             3.91558           0.0258981
                  71             224.028             3.92004           0.0258975
                  72             208.353             3.92036           0.0255352
                  73             201.841             3.91837           0.0252561
                  74             215.216             3.92044           0.0249735
                  75             212.992             3.92014           0.0247178
                  76             224.145             3.92282           0.0247689
                  77             204.535             3.92121           0.0244814
                  78             196.357             3.91819           0.0243808
                  79             201.687             3.91478           0.0242062
                  80             203.132             3.91413            0.023948
                  81             202.406             3.91415           0.0237387
                  82              194.92             3.91077           0.0236839
                  83              210.66              3.9096           0.0234808
                  84             215.806             3.90988            0.023325
                  85             207.895             3.90777           0.0231493
                  86             199.482             3.90753           0.0230338
                  87             202.031             3.90698            0.022825
                  88             197.837             3.90414           0.0226989
                  89              212.52             3.90507           0.0224633
                  90             189.972             3.90269           0.0226297
                  91             211.356             3.90247           0.0224192
                  92             210.816             3.90329           0.0221812
                  93             192.968             3.90095           0.0221943
                  94             204.551             3.89941           0.0219909
                  95             203.535                 3.9            0.021818
                  96             207.892             3.89983           0.0215917
                  97             206.433             3.89881           0.0213882
                  98              211.27             3.89927           0.0211833
                  99              211.56             3.89889             0.02102
                 100             218.972              3.9023           0.0209496
                   1             162.649             3.10061                   0
                   2             142.249             2.93142            0.206577
                   3             157.986             2.95208            0.126165
                   4             152.052             2.94922           0.0901708
                   5             153.876             2.94193           0.0704054
                   6             152.571              2.9386           0.0576177
                   7             146.849             2.92376           0.0524701
                   8             161.319             2.93634           0.0513425
                   9             152.506             2.93795           0.0454947
                  10              161.68             2.96312           0.0445731
                  11             149.703             2.95926           0.0413788
                  12             159.448             2.96971           0.0388689
                  13             160.675             2.97547           0.0372964
                  14             155.752             2.97719           0.0345476
                  15             159.922             2.97788           0.0334672
                  16             158.923             2.98524           0.0317115
                  17             163.895             2.99443            0.031397
                  18             150.206             2.98941           0.0303064
                  19             156.074             2.99177           0.0287084
                  20             156.649             2.98931           0.0275128
                  21             155.988             2.98585           0.0264866
                  22             152.886             2.98263           0.0254055
                  23             148.551             2.97601           0.0250552
                  24             150.911             2.97096           0.0243268
                  25             145.258             2.96595           0.0247676
                  26             160.933             2.97151           0.0242702
                  27             154.782             2.97223           0.0233594
                  28             156.775             2.97043           0.0227968
                  29             151.942             2.96734           0.0221333
                  30             166.013              2.9745           0.0226273
                  31             140.939             2.96802           0.0238973
                  32             157.447             2.96868           0.0232275
                  33             159.337             2.97115           0.0226748
                  34             155.966             2.97097            0.022024
                  35             146.245             2.96837           0.0220825
                  36              146.28             2.96581           0.0220628
                  37             158.696             2.96586            0.021707
                  38             152.143             2.96467           0.0211696
                  39             158.306             2.96478           0.0208015
                  40             149.295             2.96302           0.0204671
                  41             160.106             2.96641           0.0201463
                  42              160.53             2.97032            0.019874
                  43             153.564             2.96867            0.019455
                  44             153.909             2.97027            0.019096
                  45             145.334             2.96711           0.0191535
                  46             152.489               2.967           0.0187635
                  47             159.298             2.96699            0.018605
                  48             159.413             2.96939           0.0183207
                  49             153.472             2.96995           0.0179713
                  50             160.652             2.97259           0.0177658
                  51             151.816             2.97128           0.0174564
                  52             158.886             2.97152           0.0172561
                  53             157.439             2.97062            0.017078
                  54             150.567             2.96823           0.0168634
                  55             146.717             2.96606           0.0168249
                  56             154.884             2.96691           0.0165315
                  57             148.818             2.96556           0.0163769
                  58             156.424             2.96523           0.0161438
                  59             162.524             2.96762            0.016098
                  60             163.635             2.96914           0.0161809
                  61             161.988             2.97138           0.0160834
                  62             158.195             2.97198            0.015865
                  63             156.845             2.97257            0.015621
                  64             153.948             2.97273           0.0153827
                  65             155.726             2.97319           0.0151452
                  66              146.87             2.97188           0.0151548
                  67             153.888             2.97179           0.0149299
                  68             153.122              2.9729           0.0147933
                  69             164.954             2.97438           0.0149472
                  70             158.232             2.97546           0.0147591
                  71             142.537             2.97195           0.0149745
                  72             152.808             2.97135           0.0147771
                  73             158.489              2.9725           0.0146056
                  74             145.242             2.97096            0.014674
                  75             166.851             2.97308           0.0148779
                  76             152.159             2.97262           0.0146997
                  77             156.467             2.97316           0.0145123
                  78             150.463             2.97231           0.0143719
                  79             162.813             2.97383           0.0143414
                  80             161.226             2.97443           0.0142866
                  81             155.414             2.97394            0.014126
                  82             158.773             2.97496            0.013981
                  83             156.778              2.9755           0.0138167
                  84             160.856             2.97601           0.0137517
                  85             166.092              2.9767           0.0139698
                  86             152.292             2.97639           0.0138268
                  87             151.886             2.97481           0.0137205
                  88             153.968             2.97455           0.0135666
                  89              151.76             2.97442            0.013446
                  90             145.969             2.97242           0.0134534
                  91              155.47             2.97214           0.0133128
                  92             154.793             2.97253           0.0131714
                  93             143.298             2.97017           0.0132743
                  94             166.899             2.97228           0.0133848
                  95              161.95             2.97294           0.0133504
                  96             150.574             2.97208           0.0132451
                  97             160.477             2.97386           0.0131658
                  98             164.521             2.97613           0.0131711
                  99             169.096             2.97949           0.0133397
                 100             161.341             2.98095           0.0132591
                   1             124.209             2.39693                   0
                   2             120.295             2.34759            0.040518
                   3              119.07              2.3292           0.0316841
                   4              118.89             2.31498           0.0253463
                   5              119.61             2.32519           0.0242068
                   6             112.865             2.30226           0.0320209
                   7             123.769             2.31369           0.0301875
                   8             114.548             2.30017             0.02928
                   9             111.295             2.28683           0.0313951
                  10             122.931             2.29751           0.0295933
                  11             118.878             2.29896           0.0267823
                  12             124.822              2.3087           0.0264606
                  13             123.344              2.3133           0.0252076
                  14             116.809             2.31172           0.0237664
                  15             123.292             2.31678           0.0227336
                  16             119.093              2.3191           0.0214573
                  17             123.733             2.32314           0.0207565
                  18             115.762             2.31878           0.0200887
                  19             128.409              2.3283           0.0211326
                  20             116.815             2.32397           0.0203492
                  21             119.534             2.32422           0.0193645
                  22             119.538             2.32255            0.018525
                  23             118.467             2.32222           0.0177599
                  24             115.309             2.31807           0.0174227
                  25             124.522             2.32322           0.0171981
                  26             116.449             2.32058           0.0167273
                  27             116.527             2.31969           0.0163211
                  28             124.933             2.32372           0.0161845
                  29             124.451             2.32519           0.0160558
                  30             118.134             2.32467           0.0155673
                  31             116.907             2.32186           0.0152111
                  32             125.325             2.32351           0.0152542
                  33             126.204             2.32594           0.0153344
                  34             127.908             2.33101           0.0155656
                  35             118.523               2.329           0.0151894
                  36             115.139             2.32617            0.015039
                  37              128.78             2.32971           0.0153978
                  38             126.122             2.33133           0.0153605
                  39             127.175              2.3346           0.0153431
                  40             126.275             2.33751           0.0152091
                  41             128.735             2.34155           0.0153218
                  42             114.793             2.33804           0.0152605
                  43             124.931              2.3394           0.0150304
                  44              115.81             2.33726           0.0148734
                  45             119.922             2.33683           0.0145455
                  46             120.329             2.33698           0.0142303
                  47             120.466             2.33721           0.0139283
                  48             129.389             2.33997           0.0141203
                  49             128.118             2.34345           0.0141375
                  50             123.406             2.34413           0.0138838
                  51             120.109             2.34346           0.0136193
                  52             111.715             2.34033           0.0138496
                  53             126.249             2.34194            0.013736
                  54              116.72             2.34023           0.0135775
                  55             120.437             2.34013           0.0133299
                  56             126.309             2.34171           0.0132311
                  57             124.282             2.34233           0.0130566
                  58             116.738             2.34116           0.0129231
                  59             122.088             2.34159           0.0127065
                  60             118.114             2.34089           0.0125347
                  61             119.422              2.3401           0.0123429
                  62             118.811             2.34056           0.0122134
                  63             119.834             2.34076           0.0120337
                  64             126.587             2.34121           0.0120521
                  65             119.857             2.34107           0.0118718
                  66             122.911             2.34192           0.0117058
                  67             128.282             2.34386           0.0117322
                  68             127.136             2.34525           0.0116981
                  69             113.561             2.34406           0.0117812
                  70             116.139             2.34343           0.0117224
                  71             121.441             2.34371           0.0115567
                  72             125.049             2.34528           0.0114544
                  73             120.299             2.34536           0.0113011
                  74             120.275             2.34529           0.0111499
                  75             117.784             2.34469           0.0110381
                  76              116.11              2.3439           0.0109788
                  77             123.928             2.34437           0.0108673
                  78             121.841             2.34529            0.010748
                  79             121.394             2.34585           0.0106189
                  80             120.461             2.34632            0.010501
                  81             115.989             2.34509           0.0104456
                  82             118.143             2.34454           0.0103409
                  83             119.364             2.34408           0.0102235
                  84             122.577             2.34401           0.0101221
                  85             124.274              2.3446           0.0100358
                  86             121.511             2.34451          0.00992249
                  87             124.634             2.34522          0.00984486
                  88             118.655             2.34501          0.00975106
                  89             123.157             2.34544          0.00965328
                  90             126.522             2.34659          0.00962343
                  91             124.645             2.34761          0.00955047
                  92             121.174             2.34777          0.00944638
                  93             123.267             2.34826          0.00935529
                  94             112.046              2.3465          0.00945718
                  95             116.131             2.34566          0.00941561
                  96             122.219             2.34629          0.00932584
                  97             120.754             2.34662          0.00923516
                  98             116.116             2.34611          0.00920559
                  99              118.29              2.3461          0.00914038
                 100             117.018             2.34556          0.00908457
                   1             95.5826             1.83033                   0
                   2             100.106             1.89707           0.0494022
                   3             97.3532             1.89619           0.0287156
                   4             101.932             1.91779            0.029392
                   5             90.6727             1.88691           0.0395159
                   6             98.1852             1.89459           0.0326798
                   7             98.7108             1.90319             0.02822
                   8             95.0621             1.89883           0.0252252
                   9             100.243             1.90495           0.0232691
                  10             98.9661             1.90681           0.0210434
                  11             99.2899             1.90801           0.0193562
                  12             96.4082             1.90543           0.0178313
                  13             97.3452             1.90455           0.0164184
                  14             102.496             1.90951           0.0168142
                  15             98.1489             1.91183           0.0157757
                  16             100.446             1.91658           0.0151386
                  17             96.7746             1.91597           0.0143404
                  18             102.146              1.9204           0.0142486
                  19             99.6602             1.92272           0.0135707
                  20             97.1092             1.92081           0.0129608
                  21             99.8412              1.9213           0.0124591
                  22             99.5226             1.92032            0.012116
                  23             101.156             1.92197           0.0118433
                  24             103.333             1.92653           0.0120198
                  25             92.9435             1.92329           0.0124992
                  26              97.628             1.92286           0.0120287
                  27             103.212             1.92703              0.0121
                  28             93.7038             1.92464           0.0122305
                  29              97.852             1.92452           0.0118103
                  30             96.5765             1.92364           0.0114819
                  31             95.5136             1.92187           0.0112612
                  32             94.0461             1.91938           0.0112255
                  33             91.3501             1.91571           0.0116473
                  34             94.9104             1.91459           0.0114569
                  35             95.7391             1.91352            0.011192
                  36              96.364              1.9128           0.0109065
                  37             100.518             1.91411           0.0107125
                  38             98.5031             1.91479           0.0104347
                  39             92.1859             1.91167           0.0105779
                  40             96.0228             1.90997           0.0103875
                  41             93.6464             1.90863           0.0103352
                  42             96.2833             1.90869           0.0101221
                  43             95.7355             1.90743          0.00993245
                  44             91.8332             1.90437           0.0100575
                  45             101.554             1.90622           0.0100044
                  46             99.0522             1.90654          0.00981825
                  47             96.4162             1.90524          0.00966078
                  48             100.529             1.90637          0.00954391
                  49             96.6456              1.9064          0.00935927
                  50             94.3619             1.90534          0.00925822
                  51             95.3798             1.90403          0.00912891
                  52             100.312             1.90493          0.00902398
                  53             93.9066             1.90318          0.00896674
                  54             98.1974              1.9035          0.00880364
                  55             99.5045             1.90493           0.0086954
                  56              93.548             1.90396          0.00865975
                  57             96.3656             1.90362          0.00851406
                  58             92.1546             1.90199          0.00855845
                  59             92.9718             1.90062          0.00853851
                  60             99.1012             1.90141           0.0084187
                  61             97.3362             1.90223          0.00831076
                  62             95.6322             1.90174          0.00819211
                  63             100.491             1.90274          0.00812769
                  64             101.133             1.90386           0.0080911
                  65             98.3136             1.90384          0.00798019
                  66             97.7146             1.90365          0.00786738
                  67             97.5412             1.90352          0.00775266
                  68             95.8369             1.90331          0.00765268
                  69             99.7132             1.90337          0.00760296
                  70             100.055             1.90406           0.0075336
                  71             99.1805             1.90463          0.00744321
                  72             95.6962             1.90428           0.0073552
                  73             93.7219             1.90311          0.00732683
                  74             96.4365             1.90306           0.0072327
                  75             100.376             1.90392          0.00718091
                  76             98.3894             1.90385          0.00710109
                  77             97.6379             1.90396          0.00700833
                  78             102.201               1.905          0.00703028
                  79             94.0282             1.90423          0.00699513
                  80             98.9784             1.90451          0.00691961
                  81             98.3706              1.9045          0.00684342
                  82             96.9936             1.90448          0.00676035
                  83             95.3292             1.90419          0.00670011
                  84             96.2762              1.9042          0.00662954
                  85             93.2887             1.90335          0.00662275
                  86             93.8127             1.90265          0.00659743
                  87             95.1214             1.90192          0.00654621
                  88             102.134             1.90304          0.00656405
                  89             102.037              1.9037          0.00658932
                  90             101.418             1.90453          0.00657721
                  91             100.288             1.90458          0.00656304
                  92             97.5461              1.9045          0.00649272
                  93             94.4664             1.90411          0.00645842
                  94              98.944              1.9045           0.0063972
                  95             99.5372             1.90475          0.00634859
                  96              94.292             1.90413          0.00631708
                  97             98.0275             1.90429          0.00625261
                  98             96.2967             1.90399          0.00619387
                  99             96.4772             1.90371          0.00613506
                 100             99.4974              1.9041          0.00608757
                   1             83.4813              1.6345                   0
                   2              78.661             1.59926           0.0495512
                   3             78.0223             1.58047            0.035083
                   4             84.8627             1.59933           0.0350523
                   5             76.0229             1.57762           0.0343092
                   6             77.2104             1.56702           0.0297596
                   7             88.3446             1.59267           0.0352352
                   8              81.997             1.59291           0.0307456
                   9             76.9239             1.58322             0.02865
                  10             82.4765              1.5874           0.0258947
                  11             83.4255             1.59083           0.0239539
                  12             82.1382             1.59199           0.0219592
                  13             82.4997             1.59539           0.0203387
                  14              78.704             1.59373           0.0192538
                  15             84.5386             1.59727           0.0185619
                  16             80.8772             1.59646           0.0173763
                  17             78.2238             1.59427           0.0167503
                  18             81.3328             1.59408           0.0158074
                  19             81.8205             1.59463           0.0149754
                  20             84.0339             1.59781           0.0144994
                  21             85.4467             1.60185           0.0143507
                  22              77.891             1.60002           0.0141237
                  23             76.0041             1.59465           0.0142915
                  24             80.7583             1.59472           0.0136863
                  25             80.0227             1.59477           0.0131744
                  26             81.2954             1.59411           0.0126992
                  27             81.6737             1.59537           0.0122451
                  28             83.4642              1.5974            0.011924
                  29             86.1795             1.59997            0.012061
                  30             83.7083             1.60167           0.0117594
                  31             77.1111             1.59865           0.0117114
                  32             80.5844              1.5983           0.0113469
                  33             81.2997              1.5984           0.0109972
                  34             80.1756             1.59782           0.0106869
                  35             80.5425             1.59749           0.0103837
                  36             81.7137             1.59812           0.0100975
                  37             79.5758             1.59736          0.00985991
                  38             81.7034             1.59778          0.00960083
                  39              78.523             1.59668          0.00945113
                  40             86.0657             1.59888          0.00954588
                  41             80.7929             1.59854          0.00931458
                  42             83.0205             1.59889          0.00914859
                  43             83.8517             1.60007          0.00901415
                  44             80.7174             1.59951          0.00881822
                  45             78.2184             1.59796          0.00873207
                  46             80.5468             1.59785          0.00854609
                  47             80.8586             1.59739          0.00837192
                  48             80.1782             1.59719          0.00820866
                  49              78.667             1.59606          0.00810695
                  50             85.6731             1.59745          0.00816091
                  51             79.2618             1.59683          0.00803699
                  52             81.7161             1.59728          0.00788547
                  53             80.4586             1.59719          0.00774133
                  54             79.7598             1.59663          0.00761543
                  55             79.8949              1.5964          0.00749182
                  56             85.2329               1.598           0.0075006
                  57             81.7788             1.59813          0.00737131
                  58             83.6573             1.59919          0.00729326
                  59             83.4489             1.60018          0.00720906
                  60             81.8212             1.60033          0.00709022
                  61             84.0893             1.60123          0.00703213
                  62             79.0188              1.6007          0.00696086
                  63             81.3003             1.60086          0.00685049
                  64              84.512             1.60184          0.00681608
                  65             81.2305             1.60179          0.00671054
                  66             80.0517             1.60144          0.00662001
                  67             81.2294             1.60161          0.00652238
                  68             80.4192             1.60126          0.00643238
                  69             81.2378             1.60138          0.00633927
                  70             86.1332             1.60247          0.00640484
                  71             80.9336             1.60209            0.006322
                  72             84.5905             1.60278          0.00630075
                  73             80.0817             1.60268          0.00622935
                  74             82.9066             1.60315          0.00615761
                  75             85.2943             1.60418          0.00616122
                  76             85.2722             1.60497          0.00616515
                  77             76.2409             1.60355          0.00623879
                  78             82.1044             1.60378           0.0061604
                  79             83.4941             1.60417          0.00610519
                  80             78.1821             1.60306          0.00609332
                  81             82.2817              1.6033          0.00602089
                  82             79.1946             1.60271          0.00597319
                  83             79.8134             1.60216          0.00591713
                  84             78.1382             1.60135          0.00589872
                  85             83.3987             1.60154          0.00585636
                  86             78.8471             1.60103          0.00581863
                  87             84.1302             1.60152          0.00578843
                  88             76.9888             1.60053          0.00580992
                  89             79.5857             1.60007          0.00575883
                  90             80.7083             1.60007          0.00569736
                  91             80.0556             1.59976          0.00564175
                  92             81.8279             1.59966          0.00558602
                  93             86.0969             1.60057          0.00562186
                  94             81.3046             1.60047          0.00556278
                  95             80.5624              1.6002          0.00550807
                  96              81.747             1.60038          0.00545136
                  97             76.2731             1.59929          0.00549674
                  98             79.0106             1.59868          0.00546333
                  99             83.0415             1.59914          0.00541991
                 100             76.7109             1.59829          0.00544395
                   1             69.8006             1.37467                   0
                   2             70.5554             1.39084           0.0106494
                   3             64.7522             1.35718           0.0367173
                   4              70.475             1.36426           0.0283216
                   5             70.3998             1.36943           0.0227865
                   6              66.298             1.35927           0.0209803
                   7             69.5812             1.36327           0.0179392
                   8             69.6664               1.364           0.0157592
                   9             68.4648             1.36176           0.0140129
                  10              66.164             1.35582           0.0136851
                  11             70.7168             1.36057           0.0129716
                  12             70.5562             1.36235           0.0122689
                  13              70.252             1.36527           0.0114813
                  14             67.9038             1.36313           0.0107768
                  15              70.123              1.3645            0.010154
                  16             71.8052             1.36761           0.0101153
                  17             69.6738             1.36774          0.00953127
                  18             69.5674             1.36748          0.00902372
                  19              68.626              1.3663          0.00858472
                  20             67.9674             1.36495          0.00824344
                  21             68.4768              1.3645          0.00786852
                  22             70.2728             1.36558           0.0075729
                  23             66.3216             1.36313          0.00765258
                  24             69.5584             1.36341          0.00734121
                  25             68.2024             1.36282          0.00707622
                  26             65.9524             1.36049          0.00720303
                  27             69.2126             1.36019          0.00695857
                  28             68.4478             1.36013          0.00671784
                  29             66.0456             1.35871          0.00679618
                  30              69.982             1.35959          0.00661086
                  31             67.1286             1.35882          0.00649675
                  32             69.9316             1.35927          0.00633764
                  33             66.8636             1.35783          0.00626533
                  34             66.0168             1.35621          0.00629182
                  35              70.238             1.35734          0.00617506
                  36             67.1866             1.35658          0.00606298
                  37              68.315             1.35668           0.0059058
                  38              67.435             1.35637          0.00579297
                  39             67.5462             1.35623          0.00568355
                  40              69.237              1.3568          0.00555143
                  41             65.9248             1.35558           0.0055743
                  42             72.3988             1.35738          0.00573655
                  43             66.6504             1.35652          0.00567941
                  44             68.5082             1.35657           0.0055491
                  45             66.8612             1.35589          0.00548038
                  46             66.6572             1.35528          0.00542757
                  47             66.5716             1.35426          0.00538102
                  48             69.6032             1.35444          0.00529771
                  49              65.408             1.35333          0.00534264
                  50             69.0584             1.35362          0.00524008
                  51              69.495             1.35389          0.00515495
                  52             70.5504             1.35472          0.00511658
                  53             67.8286             1.35449          0.00502588
                  54             70.8872             1.35514          0.00501661
                  55             69.3138             1.35515          0.00494147
                  56             66.4472             1.35442          0.00491123
                  57              72.167             1.35548          0.00499633
                  58              68.458             1.35534          0.00491127
                  59             70.6002             1.35608          0.00487485
                  60             68.0648             1.35599          0.00479685
                  61             69.9968             1.35627          0.00474331
                  62             72.6618              1.3576          0.00484287
                  63             70.0818             1.35788          0.00478881
                  64             72.1128             1.35902           0.0048307
                  65              70.055             1.35916          0.00478055
                  66             69.4522             1.35906          0.00472334
                  67             71.2348             1.35968          0.00471013
                  68             67.1246             1.35916          0.00466805
                  69             68.2902             1.35913          0.00460336
                  70              67.327             1.35875          0.00455686
                  71             68.4214              1.3587          0.00449341
                  72             72.7618             1.35985          0.00456596
                  73             70.0288             1.35999          0.00451994
                  74             70.5618             1.36052          0.00448221
                  75             69.0894             1.36049           0.0044238
                  76             66.8966             1.35988            0.004398
                  77             65.2748             1.35912          0.00444147
                  78             70.0524             1.35941          0.00439591
                  79             70.6352             1.35992          0.00436391
                  80              68.058             1.35969           0.0043138
                  81              67.916             1.35962          0.00426807
                  82             70.3798             1.35985          0.00423597
                  83             70.5842             1.36032          0.00420545
                  84              69.342             1.36039          0.00415704
                  85             68.0182             1.36019          0.00411281
                  86             70.5858             1.36076          0.00408701
                  87              67.369             1.36028          0.00405786
                  88             67.3904             1.35998          0.00402545
                  89             68.8556             1.35996          0.00398015
                  90             67.5742             1.35961          0.00394678
                  91              66.259             1.35908          0.00394401
                  92             66.6092             1.35866          0.00393015
                  93             67.5766             1.35832          0.00389761
                  94             69.8818             1.35855          0.00386318
                  95             67.1602             1.35821          0.00383752
                  96             69.2902             1.35838          0.00379899
                  97             69.1972             1.35823          0.00376914
                  98             70.3368             1.35855          0.00374405
                  99              68.895             1.35864          0.00370637
                 100              68.546             1.35862          0.00366939
