                   1             14.9677            0.299353                   0
                   2             17.9168            0.329796             1.17992
                   3             18.0667            0.346121              2.1899
                   4             16.0642            0.339997             1.56192
                   5             16.2329            0.337165             1.24582
                   6             13.2343            0.328359             1.41931
                   7             19.4635            0.337079             1.20106
                   8             17.3547            0.338363             1.04329
                   9             15.6826              0.3359            0.948529
                  10             15.9728             0.33429             0.85171
                  11             17.2838            0.335333            0.771138
                  12             13.3096            0.330852            0.818384
                  13              10.546            0.323423            0.888604
                  14              22.438            0.335173            0.996493
                  15             17.0603            0.335576             0.92776
                  16             15.6437            0.334229            0.872008
                  17             18.7441            0.337149            0.848381
                  18             18.2409            0.338689            0.799985
                  19             12.3215            0.334376            0.785657
                  20             17.9527            0.335612            0.745465
                  21             13.4856            0.332991            0.735802
                  22             16.4517            0.332892            0.705766
                  23             15.8454            0.332267            0.677936
                  24             16.6726             0.33233            0.649786
                  25             17.8027            0.333286            0.623623
                  26             19.7238            0.335847            0.609204
                  27             13.0627            0.333433            0.602993
                  28             17.7642             0.33422             0.58136
                  29             17.3096            0.334633            0.560958
                  30              20.658            0.337781            0.566212
                  31             18.3146            0.338703            0.547747
                  32             11.5766             0.33631            0.572263
                  33              12.278            0.333827            0.565679
                  34             16.2662            0.333608            0.550048
                  35             17.1878            0.333899             0.53416
                  36             16.5991             0.33392             0.52216
                  37             18.7909            0.335088            0.509267
                  38             12.1988             0.33317            0.514858
                  39             19.6096            0.335297            0.524849
                  40             17.7001            0.336214            0.528115
                  41             17.1122            0.336415            0.517041
                  42             20.5892            0.338631            0.519377
                  43             18.7792            0.339657            0.512878
                  44             16.0143             0.33929            0.503661
                  45             14.9135            0.338467            0.495397
                  46             19.8231            0.340579            0.512664
                  47             18.1448            0.341075            0.502304
                  48             18.3979            0.341986            0.502934
                  49             20.8363             0.34365            0.496777
                  50             17.8749            0.343927            0.486753
                  51             12.0763            0.342209            0.486044
                  52             16.8599            0.342123            0.476915
                  53             17.4102            0.342238            0.467832
                  54             17.0233            0.342205            0.459087
                  55             14.3443            0.341303            0.453831
                  56             10.5793            0.339515            0.461413
                  57             11.9152            0.338121            0.464353
                  58             13.6727            0.337095            0.458799
                  59             13.3442            0.335995            0.453486
                  60              13.755            0.335153            0.450757
                  61             17.3931            0.335365            0.443429
                  62             19.2494            0.336483            0.444995
                  63             13.5925            0.335571            0.440994
                  64             15.0228            0.335052            0.434863
                  65             14.9532            0.334573            0.430157
                  66             17.1189            0.334819            0.427057
                  67             12.3135            0.333731            0.426866
                  68             18.4605            0.334258            0.420669
                  69             19.6019            0.335206            0.417391
                  70             17.5551            0.335439            0.411546
                  71             17.6782            0.335768            0.407624
                  72             18.1843            0.336157            0.401947
                  73             13.0844            0.335292            0.400463
                  74             17.3942            0.335542             0.39707
                  75             13.4277            0.334771            0.394869
                  76             15.1142            0.334357            0.389985
                  77             14.7404             0.33385            0.385062
                  78             15.6938            0.333611            0.380515
                  79              9.8543            0.332233             0.38446
                  80             12.6858            0.331362            0.382362
                  81             16.0173            0.331255            0.378319
                  82             16.5696            0.331297            0.374688
                  83             17.3388            0.331551             0.37179
                  84              14.442            0.331107            0.368937
                  85             16.2355            0.331041            0.364794
                  86              17.282            0.331211            0.360536
                  87             21.0111            0.332488            0.362398
                  88             17.7116            0.332751            0.358642
                  89             20.1072            0.333731            0.359293
                  90             17.7723            0.334008            0.356107
                  91             18.1341            0.334356            0.352948
                  92             18.9062            0.334885            0.350299
                  93              16.556            0.334846            0.346553
                  94             16.8874            0.334884            0.343002
                  95             14.9737            0.334528            0.339772
                  96             9.10713            0.333344            0.345492
                  97             13.3369            0.332729            0.343538
                  98             17.2825            0.332862            0.340035
                  99             15.2732            0.332613            0.337219
                 100             16.8729            0.332662            0.333836
                   1              20.076            0.401521                   0
                   2              20.813            0.410875             1.26065
                   3             22.8088            0.427315             1.02039
                   4             21.9716            0.430423            0.735151
                   5             22.9356            0.436456            0.633248
                   6              20.483            0.432154             0.54083
                   7             20.7316            0.429673            0.460491
                   8             21.6519             0.43072            0.478726
                   9             22.5669            0.433049            0.426935
                  10             20.0512            0.430084            0.408859
                  11             22.6456            0.433788            0.517292
                  12             22.6998            0.435823            0.497613
                  13             21.5145            0.435614            0.473109
                  14             20.8123            0.434549            0.459725
                  15             20.2573            0.432606            0.429165
                  16             21.9425            0.433244            0.417206
                  17             21.7109            0.433551            0.407452
                  18             20.6664            0.432577            0.393184
                  19             19.1122            0.430143            0.384759
                  20             20.7735             0.42942            0.365635
                  21             19.5291            0.427691            0.354706
                  22             23.0756            0.429328            0.343976
                  23             20.6714             0.42867            0.330437
                  24             21.0375            0.428353              0.3171
                  25             22.2113            0.429048            0.307282
                  26             21.4959            0.429082            0.295233
                  27             20.7781            0.428669            0.288708
                  28             20.2318            0.427833            0.279416
                  29             20.1219               0.427            0.271884
                  30             20.3464             0.42634             0.26315
                  31             21.7567            0.426628            0.254703
                  32             20.5541            0.426193            0.249279
                  33             21.4651             0.42637            0.245803
                  34             21.1991            0.426301            0.238565
                  35              21.422            0.427814            0.296292
                  36             22.2449            0.428313            0.288945
                  37              20.844            0.428029             0.28202
                  38             19.3387            0.427009            0.277117
                  39             20.7617            0.426707            0.269928
                  40             21.8412            0.427295            0.275855
                  41              18.459            0.425956            0.272028
                  42             18.1205            0.424474            0.266688
                  43             19.0623            0.423648            0.266892
                  44             23.8111            0.425336            0.278044
                  45              20.718            0.425143            0.273481
                  46             22.3178            0.425606            0.267524
                  47             20.9415            0.425606            0.266478
                  48             22.9794            0.426328            0.261351
                  49              19.952            0.426091            0.266069
                  50             20.6669            0.426224            0.272496
                  51              19.924             0.42574            0.268865
                  52             22.1786            0.426137            0.265251
                  53             21.0528            0.426174            0.264083
                  54             21.3934            0.426325            0.262609
                  55             20.9321            0.426309            0.261307
                  56              21.195            0.426296            0.257447
                  57             23.5546            0.427127            0.254226
                  58             18.3147            0.426103            0.250519
                  59             20.1841            0.425723            0.246237
                  60             20.3277            0.425436            0.242993
                  61             18.0605            0.424503             0.24237
                  62             19.4261            0.424042            0.241685
                  63             19.4704            0.423541            0.239139
                  64             22.8437            0.424081            0.235861
                  65             22.9468            0.424692             0.23427
                  66             21.4904            0.424779            0.230914
                  67             19.8135            0.424362            0.227674
                  68              19.929            0.424049            0.226055
                  69             22.2741            0.424483            0.225897
                  70             22.2319            0.424865            0.225106
                  71             24.5255            0.425791             0.22195
                  72             22.3993            0.426391              0.2263
                  73             21.1863             0.42636            0.223305
                  74             21.2608            0.426362            0.220701
                  75             23.0629            0.426843            0.218133
                  76              21.893            0.427077            0.217385
                  77              19.752            0.426671              0.2148
                  78             20.2165            0.426425             0.21301
                  79             21.9394            0.426678            0.212567
                  80             21.9987            0.426845            0.209917
                  81             20.7936              0.4268            0.209436
                  82             18.7259            0.426171            0.207056
                  83             20.7367            0.426097            0.206046
                  84             22.0549            0.426427            0.207037
                  85             17.8484            0.425657            0.205727
                  86             21.7331            0.425797             0.20413
                  87             20.9596            0.425749             0.20241
                  88             21.0971            0.425727            0.200569
                  89             18.7917             0.42524            0.199998
                  90             17.9246             0.42452            0.198282
                  91             23.1668            0.424955            0.196288
                  92             22.7387            0.425298            0.194543
                  93               21.28            0.425314            0.192722
                  94             20.1792            0.425268             0.19474
                  95             21.8017             0.42551             0.19551
                  96             20.8161            0.425421            0.193599
                  97             23.4807            0.425882            0.191727
                  98             19.0951             0.42544            0.189903
                  99             20.9256            0.425397            0.188542
                 100             20.6783            0.425389            0.188998
                   1             23.2001            0.464002                   0
                   2             22.1926            0.454437            0.469909
                   3              21.313            0.445294             0.36334
                   4             21.4454            0.441478            0.326637
                   5             21.2172            0.438052            0.253292
                   6             22.1694            0.439214             0.25965
                   7              20.947            0.436356            0.225384
                   8             22.5271             0.43816            0.200411
                   9             22.2744            0.439076            0.191972
                  10             20.4874            0.436328            0.197442
                  11             21.1347            0.435095            0.179316
                  12             22.2086            0.435965            0.177449
                  13             20.9332            0.434897            0.190575
                  14             22.5686            0.436089            0.177995
                  15              21.554            0.436003            0.188174
                  16             22.2155            0.436571            0.180183
                  17             22.1247            0.436955            0.172211
                  18             21.7741            0.436876            0.162598
                  19             22.6681            0.437782            0.157066
                  20             23.1781            0.439075            0.149229
                  21              22.292            0.439462            0.147058
                  22             23.0042            0.440433            0.142887
                  23             22.6115            0.441018             0.14195
                  24             21.8328            0.440924            0.142059
                  25              21.378            0.440417            0.138089
                  26              21.251            0.439935            0.139839
                  27             21.2035             0.43935            0.134761
                  28             20.5297             0.43833            0.130281
                  29             22.4879            0.438728            0.125914
                  30               22.91            0.439388            0.122395
                  31             19.4911            0.437824            0.120781
                  32             21.2287            0.437425            0.117837
                  33             22.9764            0.438105            0.114807
                  34             21.5103              0.4379            0.112979
                  35             22.1328            0.438052            0.110693
                  36              22.246            0.438244            0.107603
                  37             22.9234            0.438814            0.105977
                  38             19.9274            0.437761            0.103506
                  39             20.6728            0.437138            0.100824
                  40             22.2324             0.43734           0.0991073
                  41             21.3249            0.437076           0.0966993
                  42             22.0711            0.437198           0.0954513
                  43             21.6175            0.437106           0.0944021
                  44             23.1341            0.437738           0.0951375
                  45             22.3243            0.437983           0.0957337
                  46             21.3557            0.437768           0.0947586
                  47              23.357            0.438414           0.0937483
                  48             21.4572            0.438224           0.0919101
                  49             21.1329            0.437909           0.0901679
                  50             22.2747            0.438079           0.0893062
                  51             20.6406             0.43763           0.0897763
                  52             21.8897            0.437638           0.0882981
                  53             23.5512            0.438297           0.0881583
                  54             23.4068            0.438884             0.08824
                  55             23.1412            0.439331           0.0871604
                  56             21.4288            0.439149           0.0860637
                  57             21.3487            0.438936             0.08456
                  58             21.0134            0.438626           0.0836528
                  59             19.2944            0.437734           0.0822808
                  60              19.609            0.436975           0.0809311
                  61             21.7603             0.43695           0.0797854
                  62             21.4115             0.43681           0.0785416
                  63             21.1568            0.436595           0.0773689
                  64             21.3477            0.436457           0.0767468
                  65             21.3868            0.436327           0.0757466
                  66             22.3031            0.436497           0.0756335
                  67             23.2092            0.436938            0.075811
                  68             21.9845            0.437041            0.077435
                  69             20.9684             0.43679           0.0765736
                  70             23.0012            0.437137           0.0761384
                  71             21.1232            0.436953           0.0760112
                  72             22.1668            0.437045            0.075055
                  73              23.636            0.437534           0.0740424
                  74             23.3577             0.43796           0.0741679
                  75             20.0643            0.437474           0.0732935
                  76             21.8654             0.43758           0.0766194
                  77             23.0005            0.437877           0.0758854
                  78             23.0809            0.438231            0.076731
                  79             21.9576            0.438253            0.076151
                  80             22.5346            0.438409           0.0751943
                  81             21.9899            0.438464           0.0756973
                  82             22.6042            0.438631           0.0747946
                  83             22.3798            0.438739           0.0738889
                  84             21.5154            0.438664           0.0739398
                  85             22.1318             0.43877           0.0751998
                  86             22.4995            0.438902           0.0743562
                  87             22.8296             0.43913           0.0743617
                  88             20.5437              0.4389           0.0765937
                  89             20.6749            0.438624           0.0760616
                  90              23.572            0.438996           0.0754745
                  91             23.2918            0.439298            0.074901
                  92             22.7769            0.439481           0.0742926
                  93             21.1063            0.439348           0.0752336
                  94              21.684            0.439289             0.07449
                  95              20.276            0.438937           0.0737904
                  96             21.8925            0.438949           0.0737776
                  97             23.2219            0.439236           0.0737432
                  98             20.4683            0.438931           0.0729887
                  99              21.653            0.438872             0.07225
                 100             21.5072            0.438788           0.0716218
                   1             21.7664            0.435327                   0
                   2             21.3273            0.430948           0.0541902
                   3             22.2407            0.435653            0.108108
                   4             22.2206            0.437997            0.139428
                   5             21.4543             0.43629            0.130384
                   6             21.7732             0.43616            0.108306
                   7             20.9033            0.433611            0.099554
                   8             20.3907             0.43043           0.0965816
                   9             20.6147            0.428415            0.085228
                  10              21.713            0.429083           0.0910385
                  11             22.0447            0.430176           0.0851702
                  12             21.8723            0.430782           0.0778531
                  13             21.7883            0.431189           0.0751099
                  14             21.7688            0.431517           0.0736479
                  15             21.8794            0.431934           0.0702055
                  16             22.2956            0.432818            0.067001
                  17             21.3759            0.432543           0.0676647
                  18             20.8063            0.431664           0.0676199
                  19              19.623             0.42962            0.065793
                  20             20.2323            0.428378           0.0631526
                  21              22.236            0.429208            0.065409
                  22             21.0211             0.42908           0.0860501
                  23             21.8799            0.429457           0.0827243
                  24             20.5662            0.428703           0.0793044
                  25             21.3967            0.428694           0.0776434
                  26             20.8081            0.428258           0.0779294
                  27             22.1472            0.428809           0.0754473
                  28             22.6943            0.429712           0.0732818
                  29             21.6132              0.4298           0.0707116
                  30             20.1095            0.428902           0.0699684
                  31             22.1623            0.429365           0.0676956
                  32             21.8741             0.42962           0.0656474
                  33             22.0613            0.429983           0.0644289
                  34             22.6043            0.430635           0.0625595
                  35             21.5045            0.430619           0.0607495
                  36             21.0845            0.430398           0.0608264
                  37             21.3238            0.430295           0.0593125
                  38             19.8367            0.429461           0.0609838
                  39             21.6067             0.42954           0.0600285
                  40             20.9349            0.429271           0.0586009
                  41             21.0298            0.429061           0.0572332
                  42             21.7076            0.429187           0.0561551
                  43             21.2275             0.42908           0.0548951
                  44             21.6427            0.429166           0.0536428
                  45             21.7274            0.429287           0.0525065
                  46             20.9494            0.429065            0.051456
                  47             22.4482            0.429488           0.0503628
                  48             23.4438            0.430314           0.0495645
                  49             22.8449            0.430863            0.048855
                  50             21.5376            0.430865           0.0480852
                  51             21.6839            0.430924            0.047392
                  52             21.1141            0.430771           0.0471986
                  53             21.1698            0.430635           0.0464407
                  54             20.6508            0.430319           0.0462333
                  55             22.1617            0.430558           0.0455577
                  56               21.88            0.430707           0.0460168
                  57             22.4009            0.431019           0.0456775
                  58             20.6428            0.430712           0.0451725
                  59             21.7859            0.430809           0.0449961
                  60              21.985            0.430957           0.0442461
                  61             20.9509            0.430763             0.04362
                  62             21.6427            0.430798           0.0429755
                  63             21.3244            0.430731           0.0423527
                  64             22.2757            0.430966           0.0418849
                  65             21.3578            0.430911           0.0414025
                  66             20.9557            0.430732           0.0407844
                  67             19.3377            0.430078           0.0403278
                  68             21.0089            0.429964           0.0412835
                  69              21.522            0.429987           0.0414445
                  70             21.9272            0.430109           0.0408628
                  71             21.6598             0.43016            0.040634
                  72             21.2525            0.430102           0.0406713
                  73              21.411            0.430086           0.0405755
                  74             20.8843            0.429921           0.0401592
                  75             21.7437            0.429989           0.0396722
                  76             21.5529            0.430004           0.0392227
                  77             21.9102            0.430119           0.0390692
                  78             22.1185            0.430279           0.0386848
                  79             22.2676            0.430475           0.0384283
                  80             22.2749            0.430663           0.0379898
                  81             20.8141            0.430489           0.0376885
                  82             20.3362            0.430201           0.0372967
                  83             20.4545            0.429957           0.0373605
                  84              20.568            0.429737           0.0369561
                  85              20.707            0.429553           0.0365206
                  86             21.1342            0.429476           0.0362381
                  87             21.7207            0.429534           0.0358617
                  88             21.0807            0.429445           0.0354895
                  89             21.4421            0.429438           0.0350885
                  90             20.8496            0.429301           0.0347129
                  91             21.1628            0.429241            0.034637
                  92             20.6607            0.429067           0.0342763
                  93             22.4185            0.429276           0.0339451
                  94             21.4617             0.42929            0.034216
                  95             21.2719            0.429254           0.0340554
                  96             20.1465            0.428983           0.0337969
                  97             21.5189            0.429012           0.0340686
                  98             22.7435            0.429281           0.0339457
                  99              20.257            0.429042            0.033785
                 100             21.9381            0.429152           0.0339405
                   1              18.836             0.37672                   0
                   2             19.8168            0.386821            0.230738
                   3             19.7502            0.389552            0.134131
                   4             18.9488            0.386975            0.112218
                   5             19.4302             0.38731           0.0890239
                   6             18.7037            0.385119           0.0757846
                   7             19.6286            0.386195           0.0666709
                   8             20.5991            0.389461           0.0650696
                   9             19.0976            0.388674           0.0654501
                  10             20.3083            0.390448           0.0619138
                  11             20.0425            0.391546           0.0753047
                  12             20.2328            0.392643           0.0691782
                  13              20.225            0.393572           0.0657045
                  14             19.3093            0.393124           0.0687062
                  15             20.1509            0.393785             0.06417
                  16             20.0369            0.394284           0.0660477
                  17             20.0926            0.394736           0.0625402
                  18             20.8358            0.395978           0.0609481
                  19             20.1376            0.396337           0.0578444
                  20             19.1697            0.395715           0.0570307
                  21             20.0462            0.395963           0.0542563
                  22             19.4215            0.395636           0.0529783
                  23             20.0018            0.395836           0.0513089
                  24             19.6373            0.395717            0.049811
                  25              19.492            0.395488            0.048267
                  26             19.5626            0.395327            0.046534
                  27             19.9793            0.395485           0.0448234
                  28              19.377            0.395202           0.0432111
                  29             20.4274            0.395686            0.043509
                  30             19.7529            0.395671           0.0424581
                  31              19.385            0.395414           0.0410666
                  32             20.1386            0.395644           0.0397792
                  33             19.7437            0.395621           0.0385846
                  34             19.9908            0.395759           0.0384128
                  35             19.9272            0.395839           0.0373031
                  36             19.7554            0.395824           0.0366418
                  37             19.6794            0.395774           0.0363353
                  38             19.6715            0.395728           0.0363621
                  39             19.5956            0.395635           0.0357061
                  40             19.3711             0.39543           0.0348273
                  41             20.0831            0.395585           0.0341564
                  42             19.6733            0.395534           0.0333364
                  43             20.3247            0.395799            0.033174
                  44             19.3595             0.39561            0.032855
                  45             19.9899            0.395711           0.0326062
                  46             19.9789            0.395797           0.0319737
                  47             20.2368            0.395988           0.0313726
                  48             19.2202            0.395749           0.0307981
                  49             19.6549            0.395696           0.0302291
                  50             20.4204             0.39595           0.0296423
                  51             19.2123             0.39573           0.0295392
                  52              20.123            0.395863           0.0292051
                  53             20.0275            0.395961           0.0291625
                  54             20.6813            0.396292           0.0288593
                  55             19.9304            0.396343           0.0288473
                  56             20.1539            0.396472           0.0288224
                  57             19.8278            0.396474             0.02834
                  58             20.1907            0.396608           0.0282555
                  59             20.2224            0.396743           0.0278803
                  60             19.3057            0.396566           0.0274188
                  61             20.4315            0.396781           0.0279077
                  62             20.8473            0.397108           0.0275491
                  63             19.4725            0.397001           0.0278242
                  64              19.915            0.397022           0.0274275
                  65             19.5931            0.396944           0.0270299
                  66             19.8618            0.396949           0.0266619
                  67             19.2522            0.396772           0.0262836
                  68              19.404            0.396657           0.0265278
                  69             20.2543             0.39679           0.0266844
                  70               20.39            0.396947           0.0263006
                  71             20.5143            0.397139           0.0261385
                  72             19.5552            0.397057           0.0258204
                  73               18.92            0.396819           0.0262692
                  74             20.1374            0.396904           0.0261036
                  75             20.1267            0.396983           0.0259428
                  76             19.9323            0.397005            0.025614
                  77             20.5135            0.397179           0.0253405
                  78             19.5713            0.397108            0.025131
                  79             20.0458            0.397156            0.024811
                  80             20.1037            0.397218           0.0245214
                  81             19.8564            0.397217           0.0242252
                  82             19.9588            0.397242           0.0239618
                  83             19.4941             0.39716            0.023958
                  84             19.9874            0.397196           0.0239215
                  85             19.4136            0.397092           0.0237022
                  86             19.9323            0.397116           0.0236579
                  87             20.0446            0.397167           0.0237136
                  88             19.2019            0.397019           0.0235121
                  89             20.0575            0.397089           0.0242117
                  90             19.4936            0.397009           0.0239487
                  91             19.4141            0.396916           0.0238339
                  92             19.6853            0.396884           0.0236688
                  93             20.1626            0.396952           0.0234156
                  94             20.0848            0.397013           0.0235822
                  95             18.9606            0.396826           0.0233542
                  96             19.0587            0.396666           0.0231902
                  97             20.3571            0.396774           0.0229514
                  98             19.3445            0.396674           0.0227447
                  99             19.9554            0.396701           0.0226234
                 100             18.8362            0.396503           0.0224582
                   1             17.9831            0.359661                   0
                   2             18.0402            0.360321           0.0996032
                   3             17.8573            0.359282           0.0657469
                   4             18.4542            0.361811           0.0702991
                   5             17.7735            0.360548           0.0556472
                   6              17.879            0.360059           0.0467113
                   7             18.0759            0.360301           0.0469877
                   8             18.1491            0.360656           0.0445148
                   9             17.6923              0.3599           0.0394015
                  10             18.1188            0.360168           0.0387348
                  11             18.4168            0.360932           0.0386296
                  12             17.7078            0.360377           0.0367372
                  13             18.0774            0.360467           0.0337975
                  14             17.8206             0.36019           0.0329865
                  15             17.2613            0.359192           0.0308202
                  16              18.126            0.359421           0.0313387
                  17             18.1809            0.359678           0.0305873
                  18             18.0747            0.359783           0.0292744
                  19             17.6195              0.3594           0.0284248
                  20             17.6607            0.359091           0.0270343
                  21             18.0738            0.359251           0.0303911
                  22             17.6511            0.358978           0.0298944
                  23             18.4192            0.359389           0.0288273
                  24             18.2265            0.359605           0.0277156
                  25             17.5976            0.359299           0.0266022
                  26             17.5246            0.358978           0.0269736
                  27             17.6822            0.358782            0.026113
                  28             17.6296            0.358561           0.0252052
                  29             17.4027            0.358199            0.024357
                  30             17.6389            0.358019           0.0235368
                  31              17.304            0.357634           0.0227863
                  32             17.7104            0.357532           0.0225496
                  33             17.3356            0.357204           0.0218579
                  34             18.1378            0.357384           0.0225213
                  35             18.5502            0.357786           0.0229055
                  36             18.3796            0.358075           0.0233994
                  37             17.7527            0.357998           0.0230649
                  38             17.6695            0.357878           0.0225251
                  39             17.5634            0.357711           0.0221205
                  40             17.3669            0.357452           0.0215841
                  41             17.6133            0.357326           0.0210543
                  42             17.9648            0.357375           0.0207197
                  43             17.4006            0.357159           0.0203152
                  44             17.3958             0.35695           0.0199343
                  45             18.0809            0.357067           0.0203674
                  46             18.3175            0.357269           0.0199225
                  47             17.7196            0.357209           0.0195694
                  48             18.2132            0.357356           0.0191595
                  49             18.0426            0.357428           0.0188053
                  50             17.5488              0.3573           0.0184754
                  51             17.8275            0.357289           0.0183556
                  52              17.816            0.357271           0.0180079
                  53               18.16            0.357385           0.0178146
                  54             17.8248            0.357369           0.0174885
                  55             17.8418            0.357359           0.0172001
                  56             17.8704            0.357363           0.0170812
                  57             17.9132            0.357398           0.0178798
                  58             18.2235            0.357521           0.0176289
                  59             18.2274            0.357643            0.017449
                  60             17.4254            0.357497           0.0175147
                  61             17.6433            0.357421           0.0172272
                  62             17.4605            0.357291           0.0170853
                  63              18.386            0.357476           0.0179182
                  64             18.2397            0.357591           0.0176502
                  65             17.9948            0.357627           0.0174038
                  66             17.4513            0.357499           0.0172361
                  67             17.8327            0.357487           0.0170086
                  68              18.372            0.357633           0.0167692
                  69             18.3127            0.357771           0.0171259
                  70             17.2575            0.357598            0.017263
                  71             17.1836            0.357402           0.0170187
                  72             18.4322            0.357561           0.0168937
                  73             16.9904            0.357318           0.0166693
                  74             17.4409            0.357207           0.0166703
                  75              18.133            0.357281           0.0165078
                  76             17.9816            0.357312           0.0162979
                  77             18.2627            0.357416           0.0160951
                  78              17.164            0.357237           0.0160185
                  79             18.1805             0.35732           0.0158947
                  80             17.7021            0.357282           0.0158374
                  81             17.4421            0.357178           0.0156461
                  82             18.1459            0.357248            0.015455
                  83             17.2914            0.357116           0.0155223
                  84              17.549            0.357042           0.0153367
                  85             18.2522            0.357137           0.0151576
                  86             17.8836            0.357143           0.0149949
                  87             17.9834            0.357173           0.0148526
                  88             17.7716            0.357155           0.0147589
                  89             17.7219            0.357124           0.0145923
                  90             17.4071            0.357026           0.0145042
                  91             17.8577            0.357028           0.0143477
                  92             18.4319            0.357155           0.0142388
                  93             17.7978            0.357143           0.0141412
                  94             18.2479            0.357227           0.0139931
                  95             17.8144            0.357217           0.0138755
                  96             18.3507            0.357322           0.0138496
                  97             17.4606             0.35724           0.0137837
                  98             17.6482            0.357199           0.0137664
                  99             18.8642            0.357404           0.0136772
                 100             18.2388            0.357478           0.0135427
                   1             16.3651            0.327302                   0
                   2             15.3237            0.316914           0.0520605
                   3             15.7473            0.316287           0.0453308
                   4             15.5507            0.314969           0.0320769
                   5             15.4322            0.313847           0.0587958
                   6             16.0165            0.314928           0.0480736
                   7              16.172            0.316177           0.0451588
                   8             16.0133            0.316697           0.0403351
                   9             15.7571            0.316558           0.0399744
                  10             15.8752            0.316655           0.0360503
                  11              15.865            0.316723           0.0335893
                  12             16.1351            0.317221           0.0306704
                  13             16.2915            0.317884           0.0283307
                  14             15.8202            0.317778           0.0262304
                  15             16.0624            0.318011           0.0246475
                  16             16.1426            0.318314           0.0231453
                  17             15.8982            0.318307           0.0231508
                  18             16.0665            0.318522           0.0263032
                  19             16.0039            0.318606           0.0251042
                  20             16.0514            0.318734           0.0244326
                  21              15.978            0.318781           0.0238193
                  22             15.6656            0.318533            0.022779
                  23             15.5197            0.318179           0.0217699
                  24             16.4948            0.318669           0.0210377
                  25             16.1695            0.318858           0.0201839
                  26             15.9595            0.318896           0.0212799
                  27             15.6946             0.31871           0.0204869
                  28             16.0533            0.318797           0.0199149
                  29             15.4473            0.318459           0.0193065
                  30             15.4305            0.318132           0.0186967
                  31             16.1511            0.318289            0.018088
                  32             15.7212            0.318169           0.0175218
                  33             15.9986            0.318225           0.0171116
                  34             15.3538            0.317902           0.0168778
                  35             16.1095            0.318025           0.0164151
                  36              16.191            0.318189            0.016169
                  37             16.2724            0.318385           0.0157431
                  38              16.418            0.318648           0.0153832
                  39              15.954            0.318659           0.0149907
                  40             15.7799            0.318598           0.0156044
                  41             15.6874             0.31848           0.0152205
                  42             15.6632            0.318357           0.0149157
                  43             15.9105            0.318354           0.0145816
                  44             16.0818            0.318429           0.0143025
                  45             16.0654            0.318497           0.0142274
                  46             15.6367            0.318374            0.014025
                  47             15.7884            0.318321           0.0138882
                  48             16.6016            0.318607           0.0136101
                  49             16.2609            0.318743           0.0134231
                  50             16.3272              0.3189           0.0131782
                  51             16.3528            0.319063           0.0131073
                  52             15.8855            0.319039            0.012961
                  53             15.5989            0.318911           0.0130142
                  54             15.7147            0.318832           0.0131414
                  55             16.0765            0.318882           0.0129178
                  56             15.6443            0.318775           0.0126857
                  57             15.8266            0.318735           0.0124614
                  58             16.2701             0.31885           0.0122449
                  59             15.8459            0.318826           0.0124971
                  60             15.8602            0.318801           0.0124149
                  61             16.0826            0.318849           0.0122277
                  62             15.9505            0.318861           0.0125075
                  63             15.3522            0.318673           0.0123086
                  64             15.8299            0.318642           0.0121628
                  65             15.8897             0.31863           0.0120316
                  66             15.8402            0.318604           0.0119319
                  67             15.7543            0.318551           0.0117527
                  68              15.466            0.318416           0.0116048
                  69             15.8888            0.318407           0.0114434
                  70             15.7345            0.318355           0.0113579
                  71             15.3749            0.318206           0.0113307
                  72             15.6564            0.318141           0.0114826
                  73              15.734            0.318095            0.011377
                  74             15.5246            0.317995           0.0113599
                  75             16.1496            0.318063           0.0112695
                  76             15.8871             0.31806           0.0111485
                  77             16.5183            0.318221           0.0110521
                  78             15.4271            0.318098           0.0109653
                  79             15.7263            0.318053           0.0108311
                  80             15.9143            0.318063           0.0110216
                  81             15.6445            0.318002           0.0110029
                  82             15.8384            0.317987           0.0108806
                  83             15.6907            0.317938           0.0107798
                  84             16.3689            0.318053           0.0108005
                  85             16.0454            0.318088           0.0107368
                  86             15.9703            0.318106           0.0107141
                  87             15.9616            0.318121           0.0106744
                  88             15.4365            0.318015           0.0105578
                  89             15.7922             0.31799             0.01044
                  90             16.0521            0.318027           0.0104387
                  91             15.9193            0.318035           0.0104951
                  92              15.829             0.31802           0.0104041
                  93             16.2105            0.318089           0.0103861
                  94             16.1243            0.318136           0.0102829
                  95             16.0495            0.318166           0.0101801
                  96             16.1601             0.31822           0.0101354
                  97             15.9127             0.31822           0.0100311
                  98             16.1096            0.318261          0.00993608
                  99             15.4057            0.318159          0.00985811
                 100             16.1822             0.31822          0.00999233
                   1             13.9388            0.278776                   0
                   2             14.0564             0.28002           0.0594191
                   3             13.8329            0.278905           0.0371077
                   4             14.0482             0.27942           0.0262445
                   5             14.1163            0.280001           0.0203839
                   6             14.3777             0.28126           0.0166699
                   7             13.9406            0.280935           0.0206837
                   8             13.6809            0.280021           0.0180125
                   9             14.6862            0.281578           0.0213387
                  10             13.9229            0.281266           0.0190918
                  11             14.7723            0.282557           0.0176792
                  12             14.1179             0.28255           0.0175592
                  13             14.0352            0.282408           0.0161988
                  14             14.1219            0.282412            0.015209
                  15             14.2048            0.282533           0.0152876
                  16              13.881            0.282232           0.0150783
                  17             13.8793            0.281979           0.0164671
                  18             14.2319            0.282134           0.0162281
                  19             14.0585            0.282084           0.0154011
                  20             14.7192            0.282721           0.0168312
                  21             14.0263            0.282619            0.016209
                  22             14.1493            0.282636           0.0155389
                  23              14.097            0.282606           0.0148681
                  24             14.0174            0.282514           0.0144018
                  25             14.4277            0.282759           0.0141236
                  26             13.9107            0.282586           0.0137481
                  27             14.2007            0.282639           0.0132292
                  28              14.435            0.282866           0.0134659
                  29             13.9134            0.282708            0.013005
                  30             13.9156            0.282561           0.0125854
                  31             14.2538            0.282643           0.0122038
                  32             14.0274            0.282578           0.0118226
                  33             14.1959            0.282623           0.0117945
                  34              14.265            0.282702           0.0114768
                  35             13.7466             0.28248           0.0111511
                  36             13.8098            0.282308           0.0109757
                  37             14.0808            0.282291           0.0108105
                  38              14.257            0.282366           0.0105233
                  39             14.3906            0.282506           0.0102533
                  40             13.9687            0.282434           0.0104366
                  41             13.8727            0.282313           0.0101875
                  42             14.1826            0.282345          0.00999758
                  43             13.8158            0.282207           0.0098558
                  44             14.2914             0.28229          0.00972279
                  45             14.0521            0.282264          0.00959106
                  46             14.3539            0.282369          0.00938071
                  47             13.6093            0.282152          0.00921347
                  48             14.0153            0.282114          0.00902274
                  49             14.1876             0.28215          0.00903987
                  50             14.3339            0.282241          0.00885748
                  51             14.1777            0.282268          0.00874988
                  52             13.7986            0.282147          0.00858414
                  53             14.0441            0.282125          0.00855069
                  54             14.1833            0.282157          0.00859543
                  55             14.1062            0.282157          0.00844468
                  56             14.1437             0.28217          0.00831275
                  57             13.9745            0.282125          0.00828996
                  58             13.9826            0.282083          0.00817874
                  59             14.2018            0.282117          0.00807694
                  60             14.5884            0.282278          0.00794212
                  61             14.1355            0.282286          0.00790025
                  62             14.3612            0.282366          0.00777209
                  63             14.2824            0.282418          0.00767588
                  64             14.0966            0.282414          0.00770654
                  65             13.8317            0.282326          0.00766989
                  66             14.1139            0.282325          0.00755949
                  67             14.4496            0.282427          0.00754961
                  68             14.2181             0.28246          0.00766574
                  69             13.8889            0.282402          0.00807874
                  70             14.1362            0.282407          0.00797114
                  71             13.5201            0.282238          0.00786385
                  72             13.9252            0.282187          0.00781801
                  73             14.0534            0.282174          0.00780174
                  74             14.0355            0.282154          0.00772636
                  75              14.291             0.28221          0.00793698
                  76             14.1934            0.282232          0.00783623
                  77             13.8257            0.282158          0.00773398
                  78             14.3685            0.282226          0.00769887
                  79              13.478            0.282066          0.00762374
                  80             14.1486            0.282078          0.00755592
                  81             14.2786            0.282123          0.00754336
                  82             14.1039            0.282124          0.00752448
                  83             14.3104            0.282173          0.00743557
                  84             14.3179            0.282223           0.0073486
                  85             13.9912            0.282195          0.00726222
                  86             14.5661            0.282301           0.0071795
                  87             14.6339             0.28242          0.00709758
                  88             14.0018            0.282394          0.00705291
                  89             14.2851            0.282432           0.0069868
                  90             13.8946            0.282381           0.0069094
                  91              14.063            0.282376          0.00713274
                  92             13.9968             0.28235          0.00707919
                  93             13.9332             0.28231          0.00700457
                  94             14.0256            0.282291          0.00693054
                  95             14.3243            0.282337          0.00691301
                  96              13.929              0.2823          0.00691905
                  97             14.3565            0.282356          0.00711298
                  98             14.2193            0.282378          0.00710035
                  99             14.0987            0.282375          0.00703861
                 100             14.1477            0.282381          0.00698882
                   1             12.2631            0.245261                   0
                   2             12.6909            0.249549           0.0159826
                   3             12.6718            0.250845           0.0094733
                   4             12.6472            0.251372          0.00817603
                   5              12.759            0.252133          0.00635628
                   6             12.6928            0.252421           0.0056165
                   7             12.3387            0.251625          0.00900378
                   8             12.5724            0.251609          0.00984451
                   9             12.5426            0.251526          0.00875558
                  10             12.2431            0.250859          0.00784593
                  11             12.4798            0.250745          0.00721447
                  12             12.5002            0.250687          0.00755677
                  13             12.5971            0.250784          0.00696958
                  14             12.6337            0.250939           0.0100837
                  15             12.4748             0.25086           0.0115665
                  16             12.4426            0.250735            0.010896
                  17             12.5435            0.250744           0.0102726
                  18             12.4735            0.250677           0.0101585
                  19              12.274            0.250406          0.00988804
                  20             12.2704            0.250157           0.0094626
                  21             12.4754            0.250129          0.00929105
                  22             12.2221            0.249871          0.00887016
                  23             12.3189             0.24972          0.00860312
                  24             12.5074            0.249738          0.00824006
                  25              12.223            0.249529          0.00810869
                  26             12.4698            0.249524          0.00779608
                  27             12.2831            0.249381          0.00751426
                  28             12.1912             0.24919          0.00788294
                  29             12.5244            0.249235          0.00760668
                  30             12.7861            0.249451          0.00736607
                  31             12.3738             0.24939          0.00733206
                  32             12.4946            0.249406          0.00714956
                  33             12.4221            0.249379           0.0071342
                  34             12.1558            0.249197          0.00709504
                  35              12.262            0.249087          0.00710889
                  36             12.5432            0.249136          0.00695195
                  37             12.2876            0.249046          0.00684793
                  38             12.5072            0.249076           0.0067009
                  39             12.1176            0.248909          0.00694868
                  40              12.482            0.248929          0.00685178
                  41              12.202            0.248809          0.00668948
                  42             12.3432            0.248764          0.00658216
                  43             12.6375            0.248857          0.00643198
                  44             12.1555            0.248727          0.00636014
                  45             12.5552            0.248791          0.00690752
                  46             12.9228            0.249003          0.00694354
                  47             12.2634            0.248927          0.00696548
                  48             12.5892            0.248987          0.00685828
                  49             12.6273             0.24906          0.00671711
                  50             12.5245            0.249089          0.00659272
                  51              12.495            0.249105          0.00651031
                  52             12.7405            0.249215           0.0063928
                  53             12.2971            0.249162          0.00677672
                  54             12.4852            0.249172          0.00665164
                  55             12.5211            0.249195          0.00654487
                  56             12.3592             0.24916          0.00649331
                  57             12.2581            0.249091          0.00641348
                  58             12.4956            0.249106          0.00634593
                  59             12.6921            0.249187          0.00627178
                  60             12.4997            0.249202          0.00624102
                  61             12.4372            0.249194          0.00614862
                  62              12.475            0.249201          0.00610796
                  63             12.4161             0.24919           0.0061642
                  64             12.5017            0.249204          0.00612938
                  65             12.4545            0.249204          0.00610527
                  66             12.5936            0.249246          0.00607518
                  67             12.4309            0.249236          0.00599425
                  68             12.4616            0.249241          0.00611929
                  69             12.2942            0.249192          0.00603007
                  70              12.702            0.249261          0.00594422
                  71              12.545            0.249285          0.00589762
                  72             12.4384            0.249281           0.0059413
                  73             12.4519            0.249278          0.00586473
                  74              12.395             0.24926          0.00582651
                  75             12.4849            0.249267          0.00581645
                  76              12.496            0.249277          0.00579906
                  77             12.7968            0.249364          0.00572389
                  78             12.5145            0.249376           0.0056511
                  79             12.7844            0.249458          0.00566202
                  80             12.3284            0.249422          0.00563219
                  81             12.4707            0.249422          0.00556234
                  82             12.2842            0.249377          0.00550191
                  83             12.4534            0.249374          0.00545064
                  84             12.9158            0.249482          0.00548799
                  85             12.3736            0.249459          0.00543106
                  86             12.4233            0.249449          0.00544428
                  87             12.2656            0.249402          0.00540973
                  88             12.4571            0.249399            0.005353
                  89             12.2982            0.249364          0.00544245
                  90             12.3325            0.249334          0.00539404
                  91             12.6096            0.249367          0.00537179
                  92             12.2706            0.249324          0.00531399
                  93             12.7633            0.249388           0.0052689
                  94             12.3597            0.249366          0.00525158
                  95              12.552            0.249383          0.00519861
                  96             12.3876            0.249366           0.0051454
                  97              12.273            0.249327          0.00511003
                  98             12.2961            0.249292          0.00508129
                  99             12.7784            0.249356          0.00503916
                 100             12.5307            0.249369          0.00499195
                   1             10.7098            0.214195                   0
                   2             11.0412            0.217513           0.0135039
                   3             11.1122            0.219095           0.0103911
                   4             11.2797            0.220743           0.0154915
                   5             10.9933             0.22057            0.012814
                   6             10.9786            0.220404           0.0105361
                   7             10.9188            0.220114          0.00900648
                   8             10.9759            0.220041          0.00813844
                   9             10.7629             0.21951          0.00737343
                  10             10.9645            0.219489          0.00683384
                  11             11.1219            0.219763          0.00727407
                  12             10.9817            0.219754          0.00701264
                  13             10.8623            0.219561           0.0064547
                  14             11.2554            0.219958          0.00603481
                  15             11.1269            0.220136          0.00670865
                  16             10.9883            0.220118          0.00707485
                  17             10.9211            0.220019          0.00671166
                  18             11.1192            0.220179          0.00927283
                  19             11.2088            0.220391          0.00891483
                  20             11.1447            0.220517          0.00860543
                  21             10.7741             0.22028          0.00846279
                  22             11.1225             0.22038          0.00812934
                  23             11.1957            0.220535          0.00791029
                  24             11.0921            0.220594          0.00786972
                  25             11.1467            0.220695          0.00814018
                  26             11.0834            0.220732          0.00782521
                  27             11.2701            0.220906          0.00755154
                  28             10.8505            0.220767          0.00732322
                  29             10.8769            0.220657          0.00716115
                  30             11.1291            0.220721          0.00692845
                  31             10.9772            0.220685          0.00677669
                  32               11.45            0.220945          0.00664304
                  33             10.8585            0.220831          0.00646075
                  34             11.1034            0.220868          0.00632313
                  35             11.1494             0.22093          0.00622087
                  36             10.9816            0.220895          0.00606637
                  37             11.1601            0.220957          0.00590858
                  38             10.8519            0.220854          0.00575215
                  39             11.1021            0.220885          0.00561751
                  40             11.1286            0.220927          0.00547626
                  41             10.7804            0.220798          0.00538537
                  42              11.166            0.220858          0.00527059
                  43             11.3681            0.221011          0.00526237
                  44             11.0895             0.22103           0.0052218
                  45             10.9911            0.221004          0.00513613
                  46             11.1777            0.221065          0.00539469
                  47             11.4043            0.221215          0.00536559
                  48             11.1238            0.221245          0.00543233
                  49             11.5177            0.221431          0.00532303
                  50             11.0279            0.221413          0.00522398
                  51             10.6592            0.221253          0.00517612
                  52             11.1722            0.221296          0.00508688
                  53             11.1629            0.221333          0.00500661
                  54             10.9246            0.221281          0.00495446
                  55             10.8308            0.221196           0.0048722
                  56             10.9356            0.221152          0.00479321
                  57             11.0132            0.221138          0.00479576
                  58             10.9641            0.221106          0.00471942
                  59             11.2449            0.221175          0.00488896
                  60             10.9547            0.221143           0.0049219
                  61              10.872            0.221084          0.00491738
                  62             10.9509            0.221051           0.0048516
                  63             10.9164            0.221008          0.00478215
                  64             10.9613             0.22098          0.00470933
                  65              11.025            0.220973          0.00466396
                  66             11.0809            0.220983          0.00459289
                  67             11.3503            0.221074          0.00455865
                  68             10.9834            0.221054          0.00453731
                  69             11.0401            0.221051           0.0044715
                  70             11.1472            0.221078          0.00440789
                  71             11.2156            0.221125          0.00445015
                  72             10.8888            0.221079          0.00438964
                  73             11.1116            0.221096          0.00438821
                  74             10.9093            0.221057          0.00434405
                  75             11.2562            0.221112          0.00430511
                  76             10.9464            0.221083          0.00424824
                  77             11.0779            0.221089          0.00419671
                  78             11.1864            0.221123          0.00416521
                  79              11.252            0.221174          0.00413153
                  80             10.9715            0.221152          0.00409781
                  81             10.9214            0.221119          0.00405091
                  82             11.0526            0.221118          0.00401737
                  83             11.3329            0.221185          0.00397218
                  84             11.0787             0.22119           0.0039246
                  85             11.1314            0.221207          0.00390708
                  86             11.1258            0.221222          0.00386223
                  87             11.0003            0.221214          0.00405455
                  88             10.6701            0.221125          0.00401248
                  89             10.7137            0.221049          0.00399975
                  90             11.3011            0.221105          0.00395705
                  91             10.9976            0.221093          0.00396553
                  92             11.0918            0.221102          0.00392886
                  93             10.8719            0.221063          0.00389925
                  94             11.1705            0.221088          0.00385759
                  95             10.8728             0.22105          0.00384208
                  96             11.0899            0.221058          0.00380758
                  97             10.8549            0.221018          0.00378783
                  98              11.037            0.221017          0.00384553
                  99              11.048            0.221017          0.00381171
                 100             11.3234            0.221072          0.00380109
                   1             9.84605            0.196921                   0
                   2              10.118            0.199644          0.00740391
                   3             9.95278            0.199468           0.0149894
                   4             9.84921            0.198855           0.0133362
                   5             9.94366            0.198859           0.0103958
                   6             9.76543            0.198273          0.00966888
                   7             9.68444            0.197618          0.00827067
                   8             10.0503            0.198049          0.00876514
                   9             9.83862            0.197908          0.00776596
                  10             10.0671            0.198251          0.00704246
                  11             10.0422            0.198488          0.00643698
                  12             9.79256            0.198269          0.00600485
                  13             9.77959             0.19807          0.00662873
                  14             9.84617            0.197992          0.00670019
                  15              9.8369            0.197909          0.00626634
                  16             9.79778            0.197787          0.00586237
                  17              9.5502            0.197404          0.00701345
                  18             9.50019            0.196997          0.00716907
                  19             9.70404            0.196845          0.00683803
                  20             9.50315            0.196506          0.00653193
                  21             9.93704            0.196614          0.00637801
                  22             9.88411            0.196664          0.00613562
                  23             9.84196            0.196671          0.00587818
                  24             9.82233            0.196662          0.00563058
                  25             9.82178            0.196656          0.00565249
                  26             9.73038            0.196578          0.00549821
                  27             9.99241              0.1967          0.00535023
                  28             9.75989            0.196651          0.00552464
                  29             9.78763             0.19662          0.00533081
                  30             9.68434            0.196523          0.00515119
                  31             9.94827            0.196601          0.00498565
                  32               9.682            0.196509          0.00485711
                  33             9.92694            0.196577          0.00513172
                  34             9.77812            0.196551           0.0052205
                  35             9.99205            0.196647           0.0052303
                  36             9.65296            0.196547          0.00509823
                  37             9.72419            0.196492           0.0049591
                  38             9.74653            0.196454          0.00500256
                  39             9.75139            0.196425          0.00529918
                  40             9.75978            0.196397          0.00535894
                  41             9.97797            0.196475          0.00522689
                  42             10.0146            0.196565          0.00510166
                  43             10.0191            0.196657          0.00509745
                  44             9.61624            0.196558          0.00498358
                  45             9.75535            0.196529          0.00499061
                  46             9.77449            0.196506          0.00489304
                  47             9.76704            0.196482          0.00478946
                  48             9.99537            0.196557          0.00488244
                  49             9.72931            0.196518          0.00484444
                  50             9.80394            0.196509          0.00475222
                  51             9.95682            0.196561           0.0046609
                  52             9.80091             0.19655          0.00457101
                  53             9.69637            0.196502          0.00454445
                  54             10.0357            0.196581           0.0044882
                  55             9.92706            0.196617          0.00441835
                  56             9.80922            0.196609          0.00435815
                  57             9.75286            0.196582          0.00428469
                  58             9.78855             0.19657           0.0042828
                  59              10.204              0.1967           0.0043029
                  60             9.81412            0.196693          0.00423193
                  61              9.9386            0.196727           0.0041621
                  62             9.53283            0.196631          0.00420158
                  63             9.82969            0.196631           0.0041503
                  64             9.84649            0.196636          0.00409391
                  65             9.86516            0.196647          0.00405095
                  66             10.1148            0.196732          0.00399374
                  67             9.69783            0.196695          0.00409629
                  68             9.97371            0.196737          0.00409947
                  69             9.69486            0.196696          0.00404033
                  70             9.87206            0.196707          0.00398751
                  71             9.67566            0.196662          0.00393811
                  72              9.7553            0.196641          0.00388376
                  73             9.83874            0.196644          0.00387562
                  74             9.96264            0.196679          0.00382332
                  75             10.0443            0.196737          0.00383482
                  76             9.90999            0.196757          0.00380969
                  77             9.88338             0.19677          0.00380742
                  78             9.62875            0.196716          0.00376005
                  79             9.92164             0.19674          0.00380384
                  80             9.99874            0.196781          0.00375629
                  81             9.58219            0.196718          0.00374816
                  82             9.96328            0.196749          0.00370237
                  83             9.88628            0.196765            0.003783
                  84             9.75386            0.196746          0.00377985
                  85             9.93246            0.196768          0.00373692
                  86              9.7678            0.196753          0.00371813
                  87             9.86928             0.19676          0.00369131
                  88             9.60278            0.196707          0.00365325
                  89               9.892             0.19672          0.00361217
                  90             9.91414            0.196737          0.00358098
                  91             9.59425            0.196684          0.00354166
                  92             10.1128            0.196746          0.00353226
                  93             10.0105            0.196785          0.00356028
                  94             9.61773            0.196738           0.0035224
                  95             9.95665            0.196763          0.00348896
                  96             9.82855            0.196761          0.00345243
                  97              9.8783             0.19677          0.00342648
                  98             9.87425            0.196777          0.00339537
                  99             9.90194             0.19679          0.00337502
                 100              9.8332             0.19679          0.00336032
