-0.475232   0.347228   -0.164301
-0.00774456   -0.0749271   0.476254
0.0819646   0.356043   0.356492
0.488845   -0.397925   -0.446768
0.132647   0.29149   0.444152
-0.101675   -0.460288   -0.470018
0.324346   -0.281942   -0.0645231
-0.0399611   -0.331164   -0.175712
0.296212   0.328869   -0.372675
0.319658   -0.328968   0.273158
-0.404573   0.371792   0.199862
-0.0439963   0.160813   0.00542429
-0.228109   0.451252   -0.0555252
-0.420401   -0.291298   0.117871
0.322492   0.406062   0.223176
-0.200923   -0.225824   0.00806237
0.259649   -0.360179   0.00223433
0.00836046   -0.256062   -0.462086
0.0744769   -0.264367   -0.12143
-0.226713   0.304218   -0.00137105
0.132055   -0.397635   0.314102
-0.418097   0.0997583   -0.15845
-0.208388   -0.149668   0.0872029
0.0508401   -0.428922   -0.382595
0.0978521   -0.0339217   -0.489751
0.193163   0.23012   0.0436672
-0.484758   -0.369207   0.0846975
-0.351871   0.291618   -0.422749
0.416533   -0.126839   -0.435934
0.164123   -0.479439   -0.0456607
0.454126   0.453986   0.261523
0.0172957   -0.355187   -0.227337
-0.137059   -0.331069   -0.46024
0.163429   0.228915   -0.0505334
0.322546   0.422078   0.298976
-0.230108   0.043051   0.437382
-0.0626834   -0.315641   0.43477
0.0485278   -0.120614   -0.486936
0.428419   -0.226197   0.269465
-0.352311   0.0670482   0.471379
-0.119066   -0.256317   -0.201961
0.462164   -0.19696   -0.213569
0.0304854   0.299661   0.387412
0.489073   -0.41908   0.365351
0.464993   0.372064   0.146521
-0.402661   -0.271943   -0.0148879
0.0354573   -0.427959   -0.167339
0.0939725   0.0978617   -0.468145
-0.325126   0.274845   0.165455
0.152895   -0.251218   0.0545925
0.218963   -0.411333   -0.0892834
-0.129124   -0.23992   -0.431149
0.286564   0.300164   -0.232634
-0.236161   -0.476964   -0.357411
0.458748   -0.0220317   0.0289453
-0.21901   -0.260644   -0.10346
0.148064   0.204606   0.256381
0.0844081   0.150797   -0.101983
-0.46228   -0.369368   -0.37386
0.252324   0.206443   0.190864
0.323286   0.20696   0.33095
-0.06432   -0.39159   -0.295056
-0.0863029   0.131108   0.17175
0.150539   -0.495919   0.356735
0.00289694   -0.0933016   -0.0253808
-0.281617   0.0304128   -0.240829
-0.120875   0.137104   0.355854
-0.120125   -0.175261   -0.334287
-0.0614046   -0.365019   0.365941
0.419821   -0.144913   0.0289323
-0.268893   -0.198631   0.119517
0.107892   0.415839   0.170731
-0.0196795   0.103756   0.0538711
0.212628   0.143647   0.362443
0.259831   0.342288   0.254218
0.383458   0.152337   0.153643
0.197988   -0.183534   -0.076447
0.346922   0.413665   -0.362313
0.146239   0.353618   -0.103778
0.315544   0.190349   -0.0590845
0.178911   0.195875   0.447203
0.489183   -0.304386   0.269694
-0.480865   0.482134   0.300404
0.459343   -0.140943   0.237483
0.0788368   0.0833381   0.329669
0.47178   0.00499655   -0.389806
0.0873924   -0.389884   -0.4559
0.0910398   0.299637   0.146294
-0.379785   0.415572   0.268494
-0.312798   0.47344   0.0782627
-0.0169919   0.290781   0.296661
-0.483751   -0.43658   0.28177
-0.267885   0.350299   -0.2069
-0.0128576   0.244623   0.495527
-0.307455   -0.451646   0.147644
-0.218375   0.215944   0.0193403
-0.346381   -0.2915   0.498679
-0.320208   0.0676831   -0.305556
-0.21809   0.0744222   -0.170693
0.339403   0.0940189   0.202406
-0.377509   -0.476247   0.110375
-0.413375   0.391913   0.0320607
-0.351099   0.00346094   -0.0563367
0.362638   0.235327   -0.256492
-0.233978   -0.0786968   -0.116979
-0.241718   -0.363531   0.461765
0.062736   -0.308689   0.10032
0.221191   -0.147003   0.0310629
