1.8
1.80001
1.80003
1.80005
1.80007
1.8001
1.80014
1.80019
1.80024
1.80029
1.80036
1.80043
1.8005
1.80058
1.80067
1.80077
1.80087
1.80098
1.8011
1.80123
1.80136
1.8015
1.80165
1.80181
1.80197
1.80215
1.80233
1.80252
1.80272
1.80293
1.80315
1.80338
1.80363
1.80388
1.80414
1.80441
1.8047
1.80499
1.8053
1.80562
1.80596
1.80631
1.80667
1.80705
1.80744
1.80785
1.80828
1.80872
1.80918
1.80966
1.81016
1.81068
1.81123
1.81179
1.81238
1.813
1.81364
1.81431
1.815
1.81573
1.81649
1.81729
1.81812
1.81899
1.8199
1.82085
1.82185
1.8229
1.824
1.82515
1.82636
1.82763
1.82896
1.83036
1.83183
1.83338
1.835
1.8367
1.83849
1.84036
1.84231
1.84434
1.84645
1.84862
1.85083
1.85305
1.85525
1.85736
1.85931
1.86099
1.86228
1.86302
1.86307
1.8623
1.86072
1.8585
1.85614
1.8544
1.85423
1.85643
1.86129
1.86847
1.87714
1.8863
1.89508
1.90289
1.90941
1.91446
1.91794
1.91976
1.91982
1.91808
1.91461
1.90974
1.90409
1.89856
1.89411
1.89151
1.89113
1.89305
1.89721
1.90356
1.91195
1.92195
1.93279
1.94353
1.95324
1.96133
1.96753
1.97197
1.97502
1.97714
1.9787
1.97988
1.9806
1.98068
1.97994
1.97837
1.97621
1.97393
1.97202
1.97088
1.97067
1.97126
1.97238
1.97377
1.97525
1.97687
1.97883
1.98145
1.98501
1.98975
1.99574
2.00294
2.01116
2.02012
2.02947
2.03883
2.04782
2.05612
2.06342
2.06951
2.07426
2.0776
2.07954
2.08014
2.0795
2.07774
2.07494
2.07115
2.06629
2.06017
2.05257
2.04332
2.03247
2.02035
2.00746
1.99452
1.98269
1.97411
1.97177
1.97778
1.9915
2.00947
2.02765
2.04333
2.05558
2.06461
2.07114
2.07592
2.07956
2.08245
2.08485
2.08691
2.08872
2.09035
2.09188
2.09334
2.09475
2.09606
2.09714
2.0978
2.09783
2.097
2.09512
2.09216
2.08824
2.08373
2.0792
2.07529
2.07256
2.07131
2.07158
2.07317
2.07571
2.07882
2.08209
2.08517
2.08781
2.08989
2.09142
2.09255
2.09346
2.09433
2.09524
2.09617
2.09699
2.0975
2.09746
2.09665
2.09489
2.09206
2.08816
2.08332
2.07788
2.07233
2.06722
2.06299
2.05983
2.05764
2.05618
2.05528
2.05491
2.05515
2.05605
2.05745
2.05899
2.06021
2.06064
2.05999
2.05812
2.05503
2.05082
2.04563
2.03978
2.03388
2.02903
2.02674
2.02849
2.035
2.04568
2.0589
2.07267
2.08543
2.09633
2.10512
2.11193
2.11704
2.12077
2.12338
2.12508
2.126
2.12619
2.12565
2.12436
2.12222
2.11915
2.11503
2.10978
2.10331
2.09563
2.08679
2.07696
2.0664
2.05548
2.0447
2.03469
2.02623
2.0202
2.0174
2.01827
2.02263
2.02969
2.03825
2.04701
2.05481
2.06078
2.06426
2.0649
2.06271
2.05827
2.05293
2.04868
2.04754
2.05055
2.05726
2.06604
2.07501
2.08285
2.08894
2.09325
2.09603
2.09763
2.09839
2.09858
2.09838
2.0979
2.0972
2.09626
2.09501
2.09336
2.09114
2.0882
2.08436
2.07946
2.07345
2.06638
2.05855
2.05046
2.0428
2.03632
2.03161
2.02899
2.02849
2.02994
2.03315
2.03787
2.0438
2.05059
2.05779
2.06492
2.07158
2.07747
2.08243
2.0864
2.08939
2.09147
2.0927
2.09316
2.09293
2.09206
2.0906
2.08861
2.08616
2.0833
2.08007
2.07649
2.07253
2.0681
2.06314
2.05772
2.05218
2.04724
2.0439
2.04299
2.04475
2.04858
2.05324
2.05747
2.06042
2.06192
2.06238
2.06253
2.06305
2.06428
2.06609
2.06804
2.06959
2.07038
2.07035
2.06976
2.06908
2.06885
2.06952
2.07134
2.07429
2.07809
2.08228
2.08636
2.08982
2.0923
2.09355
2.09343
2.09197
2.08928
2.08557
2.08109
2.07617
2.07115
2.06646
2.06263
2.06028
2.06
2.06218
2.06679
2.07339
2.08122
2.08946
2.09742
2.10461
2.1108
2.11592
2.12001
2.12318
2.12557
2.12729
2.12848
2.12923
2.1296
2.12965
2.12939
2.12884
2.12797
2.12677
2.12521
2.12329
2.12105
2.11857
2.11597
2.11341
2.11107
2.1091
2.10758
2.10651
2.10577
2.10518
2.1045
2.10354
2.10214
2.10025
2.0979
2.0952
2.09228
2.08932
2.08646
2.08382
2.08151
2.07965
2.07831
2.07757
2.07742
2.07783
2.07868
2.07985
2.08127
2.0829
2.08481
2.08706
2.08967
2.09252
2.09535
2.09781
2.09955
2.10029
2.09992
2.09849
2.09617
2.09325
2.09004
2.08686
2.08403
2.08183
2.08051
2.08027
2.08117
2.08321
2.08624
2.09005
2.09438
2.09894
2.10347
2.10775
2.1116
2.11494
2.11771
2.11988
2.12144
2.12239
2.12269
2.1223
2.12115
2.11917
2.11631
2.11258
2.10815
2.10339
2.09887
2.09532
2.09343
2.09362
2.09583
2.0996
2.10424
2.10904
2.11346
2.11718
2.12001
2.12187
2.12271
2.12244
2.1209
2.11788
2.11312
2.10641
2.09769
2.08728
2.07604
2.06546
2.05743
2.0536
2.05471
2.06017
2.06827
2.07691
2.0844
2.08992
2.09357
2.09596
2.09784
2.09974
2.10189
2.10426
2.10677
2.10932
2.11186
2.11432
2.11665
2.11877
2.12063
2.12222
2.1235
2.12445
2.12502
2.1251
2.12456
2.12329
2.12118
2.11816
2.11427
2.10971
2.10487
2.10038
2.09704
2.0956
2.09652
2.09974
2.10473
2.11073
2.11702
2.12306
2.12854
2.13328
2.13716
2.14011
2.14203
2.14287
2.14261
2.14138
2.13939
2.13699
2.13457
2.13249
2.13097
2.13002
2.12953
2.12938
2.12959
2.13037
2.13208
2.13502
2.13925
2.14456
2.15047
2.15644
2.16199
2.16679
2.17065
2.17349
2.17533
2.17619
2.17619
2.17544
2.17416
2.17262
2.17116
2.17011
2.16977
2.17026
2.17158
2.17355
2.17592
2.17837
2.18057
2.18217
2.18281
2.18221
2.18022
2.17703
2.17324
2.1699
2.16822
2.1692
2.17318
2.17969
2.18766
2.19584
2.20316
2.20891
2.21267
2.21425
2.21349
2.21023
2.20428
2.19552
2.18412
2.17079
2.15691
2.14429
2.13456
2.12856
2.12631
2.12756
2.13225
2.14048
2.15203
2.166
2.18101
2.1955
2.20817
2.21821
2.22532
2.22964
2.23171
2.23233
2.23236
2.23256
2.23338
2.23489
2.23683
2.23871
2.24002
2.24029
2.23919
2.23645
2.23191
2.22543
2.21696
2.2065
2.19421
2.18047
2.16602
2.15201
2.1399
2.13106
2.12632
2.12581
2.12927
2.13633
2.14631
2.15793
2.1695
2.17943
2.18665
2.19078
2.19191
2.19047
2.18705
2.18235
2.17712
2.17213
2.16804
2.16528
2.16401
2.16401
2.16479
2.16561
2.16572
2.16452
2.16179
2.15789
2.15376
2.15075
2.15009
2.15233
2.15709
2.1633
2.16972
2.17542
2.17989
2.18298
2.18474
2.18534
2.18493
2.18366
2.18165
2.17899
2.17579
2.17223
2.16848
2.16482
2.16151
2.15883
2.15699
2.15609
2.15615
2.15703
2.15853
2.16039
2.16234
2.16414
2.16563
2.16672
2.1674
2.16769
2.16762
2.16723
2.16653
2.1655
2.16415
2.16249
2.16059
2.15856
2.15654
2.15468
2.15306
2.15169
2.15047
2.14922
2.14774
2.14584
2.14341
2.14036
2.13661
2.13204
2.12649
2.11991
2.1125
2.10495
2.09847
2.0946
2.09462
2.09897
2.10701
2.11727
2.12805
2.13796
2.14615
2.15229
2.15641
2.1587
2.15944
2.15887
2.15719
2.15453
2.15098
2.14662
2.1415
2.13574
2.12951
2.12303
2.11658
2.11041
2.10467
2.09937
2.09441
2.08966
2.08507
2.08076
2.07702
2.07426
2.07283
2.07288
2.07426
2.07656
2.07917
2.0816
2.08359
2.08525
2.08698
2.08925
2.09241
2.09646
2.10108
2.10576
2.10999
2.11342
2.11594
2.11764
2.11872
2.11947
2.12016
2.121
2.12215
2.12366
2.1255
2.1276
2.12981
2.13204
2.13414
2.13603
2.13763
2.13887
2.13972
2.14014
2.14016
2.13979
2.1391
2.13817
2.13713
2.13602
2.13489
2.13363
2.1321
2.13014
2.12768
2.12484
2.12191
2.11918
2.11673
2.11429
2.11138
2.10768
2.10337
2.09909
2.09566
2.0935
2.09232
2.09124
2.08936
2.0865
2.08345
2.08163
2.08221
2.08544
2.09071
2.09712
2.10401
2.11107
2.11818
2.12519
2.13185
2.13787
2.14301
2.14713
2.15021
2.15235
2.15371
2.15447
2.15481
2.15486
2.15476
2.15457
2.15436
2.15413
2.1539
2.15366
2.1534
2.1531
2.15274
2.15231
2.15178
2.15113
2.15032
2.14934
2.14813
2.14663
2.14478
2.14247
2.13963
2.13616
2.13199
2.12711
2.12157
2.11549
2.10906
2.10252
2.09624
2.09079
2.08705
2.08598
2.08823
2.09365
2.10118
2.1093
2.11661
2.1222
2.12575
2.12732
2.12723
2.12594
2.12393
2.12172
2.11975
2.11841
2.1179
2.11827
2.11936
2.12092
2.12263
2.12416
2.12528
2.12579
2.12559
2.1246
2.12284
2.12035
2.11726
2.11378
2.11021
2.1069
2.10424
2.10253
2.10193
2.10241
2.10378
2.10571
2.10789
2.11004
2.11196
2.11353
2.11473
2.11554
2.11602
2.11622
2.11622
2.11609
2.11591
2.11575
2.11568
2.11571
2.11584
2.11602
2.11619
2.11625
2.1161
2.11564
2.11474
2.11326
2.11103
2.10784
2.10344
2.09765
2.09044
2.08221
2.07402
2.06752
2.06455
2.06621
2.07225
2.08116
2.09105
2.10036
2.10828
2.11453
2.11925
2.12268
2.1251
2.12675
2.12783
2.12847
2.12877
2.1288
2.12862
2.12824
2.12767
2.12692
2.126
2.12488
2.12357
2.12207
2.12037
2.11848
2.11642
2.11422
2.11194
2.10967
2.10751
2.10562
2.10416
2.10331
2.10322
2.10398
2.1056
2.10797
2.11091
2.11416
2.11746
2.12055
2.12321
2.12525
1.80109
1.80161
1.80146
1.8007
1.79943
1.79785
1.79622
1.79488
1.79417
1.79441
1.79584
1.79853
1.80236
1.80711
1.81242
1.81794
1.82332
1.82826
1.83251
1.83585
1.8381
1.83913
1.83887
1.83731
1.83457
1.83084
1.82644
1.82174
1.81707
1.81274
1.80897
1.80599
1.80412
1.80382
1.80559
1.80969
1.81591
1.82351
1.83143
1.83861
1.84429
1.84806
1.84987
1.84984
1.84825
1.84543
1.84171
1.83735
1.83258
1.82754
1.8223
1.81694
1.81157
1.80637
1.80164
1.79772
1.7949
1.79339
1.79313
1.79388
1.79511
1.79616
1.7962
1.79437
1.78982
1.78201
1.77117
1.75904
1.74914
1.74554
1.75031
1.76188
1.77625
1.78969
1.80015
1.80721
1.81129
1.81307
1.8132
1.81216
1.81032
1.80796
1.80537
1.8028
1.80057
1.79892
1.79806
1.79799
1.79859
1.79959
1.80065
1.80143
1.80167
1.80115
1.79979
1.79756
1.79453
1.79083
1.78663
1.78219
1.77781
1.77381
1.77056
1.76839
1.76756
1.76817
1.7701
1.77308
1.77669
1.78052
1.78422
1.78754
1.79039
1.79273
1.79461
1.79611
1.79732
1.7983
1.79915
1.7999
1.8006
1.80125
1.80185
1.80236
1.80273
1.80289
1.80275
1.80219
1.80111
1.7994
1.79702
1.79397
1.79035
1.78634
1.78214
1.77789
1.77355
1.76885
1.76333
1.75657
1.74838
1.73896
1.72893
1.71906
1.71
1.70221
1.69617
1.69266
1.69271
1.69703
1.70546
1.71686
1.72959
1.74221
1.75377
1.76386
1.77242
1.77958
1.78553
1.79044
1.79445
1.79771
1.80028
1.80227
1.80373
1.80471
1.80528
1.80546
1.80529
1.8048
1.80401
1.80293
1.80156
1.79989
1.79789
1.79551
1.79268
1.78932
1.78529
1.78043
1.77456
1.76745
1.75888
1.74871
1.73704
1.72441
1.71206
1.70192
1.69616
1.69615
1.70174
1.7113
1.72263
1.73386
1.74389
1.75224
1.75889
1.764
1.7678
1.77051
1.77234
1.77347
1.77407
1.77427
1.77424
1.77408
1.77392
1.77382
1.77387
1.77408
1.77445
1.77498
1.77561
1.77628
1.77695
1.77755
1.77805
1.7784
1.77859
1.77859
1.7784
1.77802
1.77746
1.77671
1.77577
1.77463
1.77327
1.77168
1.76984
1.76774
1.76542
1.76295
1.76045
1.75807
1.75601
1.75446
1.75354
1.75329
1.75363
1.75441
1.7554
1.75638
1.75718
1.75774
1.75808
1.75834
1.75873
1.75948
1.76079
1.76279
1.76544
1.76861
1.77209
1.7756
1.77892
1.78186
1.78429
1.78615
1.78742
1.78813
1.78831
1.78801
1.78729
1.7862
1.78479
1.78308
1.78107
1.77876
1.77611
1.77313
1.76979
1.76616
1.76237
1.75865
1.75538
1.75302
1.75209
1.75297
1.75572
1.76002
1.76523
1.77056
1.77537
1.77931
1.78233
1.78467
1.78664
1.78857
1.79065
1.79288
1.79513
1.79709
1.79835
1.79847
1.79697
1.79355
1.78818
1.78127
1.77371
1.76687
1.76224
1.76108
1.76394
1.77046
1.77951
1.78958
1.79934
1.80789
1.81482
1.82008
1.82378
1.82608
1.82714
1.82701
1.82571
1.82316
1.8193
1.81406
1.80753
1.79999
1.79198
1.78432
1.77799
1.77386
1.77241
1.77357
1.77666
1.78066
1.78454
1.7876
1.78958
1.79069
1.79137
1.79215
1.79342
1.79539
1.79801
1.80105
1.80424
1.80731
1.81008
1.81248
1.8145
1.81619
1.81764
1.81891
1.82005
1.82106
1.82193
1.8226
1.82301
1.82308
1.82273
1.8219
1.82054
1.81863
1.81622
1.81339
1.81033
1.80728
1.80456
1.80248
1.80133
1.80131
1.80245
1.80467
1.80775
1.81139
1.81532
1.81926
1.82301
1.82645
1.82948
1.83207
1.8342
1.83586
1.83705
1.83777
1.83803
1.83783
1.83717
1.83608
1.83457
1.83264
1.83031
1.82754
1.82426
1.82046
1.81619
1.81174
1.8076
1.80446
1.80292
1.80322
1.80516
1.80813
1.81145
1.81459
1.81727
1.81949
1.82139
1.82313
1.82489
1.82673
1.82868
1.83068
1.8327
1.83472
1.83674
1.83879
1.84089
1.84303
1.84516
1.84721
1.84906
1.85063
1.85187
1.85277
1.85337
1.85373
1.85395
1.85414
1.8544
1.85481
1.85544
1.85631
1.85744
1.8588
1.86035
1.86205
1.86385
1.86569
1.86754
1.86936
1.87113
1.87283
1.87444
1.87595
1.87734
1.87858
1.87965
1.88051
1.88112
1.88141
1.88133
1.88084
1.87993
1.87863
1.87704
1.87534
1.87381
1.87273
1.87239
1.87294
1.87438
1.87655
1.87914
1.88182
1.88426
1.88625
1.88767
1.8885
1.88882
1.88876
1.88849
1.88817
1.88795
1.88796
1.88824
1.8888
1.88961
1.89057
1.89157
1.89249
1.89324
1.89374
1.89399
1.89405
1.89402
1.89408
1.89439
1.89506
1.89616
1.89765
1.89942
1.90128
1.90305
1.90455
1.90562
1.90614
1.90601
1.90518
1.90361
1.90127
1.89818
1.89438
1.88994
1.885
1.87973
1.87437
1.86923
1.86462
1.86087
1.85824
1.8569
1.85688
1.85805
1.86018
1.86293
1.86594
1.86888
1.87144
1.87344
1.87478
1.87545
1.87555
1.87525
1.87475
1.87426
1.87395
1.87389
1.87407
1.87439
1.87471
1.87485
1.87467
1.87405
1.87288
1.87112
1.86872
1.86567
1.86197
1.85765
1.85274
1.84733
1.84155
1.83556
1.82959
1.8239
1.81876
1.81441
1.81106
1.8088
1.80767
1.80758
1.80838
1.80987
1.81185
1.81411
1.81649
1.81886
1.82113
1.82324
1.82515
1.82683
1.82826
1.8294
1.83023
1.83071
1.8308
1.83048
1.82974
1.82858
1.82707
1.82528
1.82337
1.82152
1.81996
1.81887
1.81841
1.81863
1.81949
1.82087
1.82255
1.82434
1.82605
1.8275
1.82858
1.82921
1.82934
1.82893
1.82799
1.82652
1.82455
1.82215
1.81938
1.81636
1.81321
1.81007
1.8071
1.80446
1.8023
1.80074
1.79986
1.79965
1.80005
1.8009
1.80203
1.80324
1.8044
1.80537
1.80611
1.80659
1.80683
1.80685
1.80671
1.80645
1.80612
1.80575
1.80539
1.80501
1.80455
1.80386
1.80267
1.80059
1.79714
1.79181
1.78419
1.77432
1.76311
1.75265
1.746
1.74584
1.7527
1.76456
1.77812
1.79057
1.80042
1.80735
1.8117
1.81403
1.81496
1.81498
1.81453
1.8139
1.81331
1.81291
1.81273
1.81276
1.81296
1.81324
1.8135
1.81369
1.81375
1.81365
1.81341
1.81306
1.81265
1.8122
1.81176
1.81133
1.81093
1.81056
1.81022
1.80996
1.80982
1.80991
1.81034
1.81122
1.81265
1.81468
1.81732
1.82049
1.82407
1.82792
1.83184
1.83563
1.8391
1.84207
1.84435
1.84581
1.84631
1.84574
1.84407
1.8413
1.83754
1.83295
1.82781
1.82247
1.81739
1.81307
1.81004
1.80865
1.80898
1.81074
1.81333
1.81601
1.8181
1.81908
1.8187
1.81693
1.81403
1.81045
1.80679
1.80367
1.80166
1.80116
1.80235
1.80519
1.8094
1.81451
1.81991
1.82499
1.82922
1.83223
1.83387
1.83423
1.83356
1.83226
1.83079
1.82951
1.82868
1.82837
1.82851
1.829
1.82972
1.83062
1.8317
1.83297
1.83441
1.83597
1.83752
1.83892
1.83999
1.84059
1.84055
1.83974
1.83804
1.83538
1.83171
1.82708
1.82161
1.81554
1.80926
1.80327
1.79815
1.79444
1.7926
1.7928
1.79497
1.79876
1.8036
1.80891
1.81412
1.81883
1.8228
1.82596
1.82837
1.83016
1.83152
1.83258
1.83344
1.83412
1.83458
1.83472
1.83443
1.83359
1.8321
1.82991
1.82701
1.82347
1.81939
1.81498
1.81047
1.80612
1.80218
1.79885
1.79626
1.79443
1.79329
1.79272
1.79258
1.79271
1.79297
1.79326
1.79352
1.79377
1.79407
1.79456
1.79536
1.79659
1.79825
1.80025
1.80242
1.80453
1.80638
1.80782
1.80876
1.80918
1.80911
1.80862
1.8078
1.80675
1.80561
1.80453
1.80373
1.80342
1.80383
1.80512
1.80738
1.81053
1.81438
1.81864
1.82299
1.82715
1.83087
1.83402
1.8365
1.8383
1.83943
1.83991
1.83981
1.83917
1.83803
1.83644
1.83442
1.83202
1.82924
1.8261
1.82264
1.81891
1.81498
1.81097
1.80702
1.80331
1.79998
1.79716
1.7949
1.79318
1.79187
1.79081
1.78979
1.78863
1.78724
1.78559
1.7838
1.78214
1.78096
1.78072
1.78184
1.78461
1.78909
1.79508
1.80211
1.80958
1.81686
1.82334
1.82853
1.83199
1.83328
1.83197
1.82759
1.81977
1.80856
1.79502
1.78167
1.77217
1.76965
1.77452
1.78418
1.79487
1.80375
1.80951
1.81209
1.81193
1.80956
1.8054
1.79977
1.79316
1.78639
1.78076
1.77769
1.77804
1.78148
1.7866
1.79152
1.7947
1.79527
1.79311
1.78871
1.783
1.7772
1.77261
1.77034
1.77096
1.77435
1.77973
1.78593
1.79169
1.79593
1.79785
1.79696
1.79308
1.78644
1.77783
1.7688
1.76152
1.75815
1.75983
1.76602
1.77492
1.7844
1.79289
1.79965
1.80454
1.80781
1.80982
1.81092
1.8114
1.81149
1.81132
1.81098
1.8105
1.80986
1.80903
1.80797
1.80663
1.80495
1.80292
1.80054
1.79786
1.795
1.79212
1.78945
1.78723
1.78571
1.78506
1.78535
1.78651
1.78838
1.7907
1.79319
1.79562
1.7978
1.79963
1.80107
1.80214
1.80288
1.80336
1.80364
1.80383
1.80403
1.80437
1.80495
1.80586
1.80712
1.80868
1.81042
1.8122
1.81389
1.81534
1.81649
1.81727
1.81767
1.81768
1.81731
1.81658
1.81554
1.81427
1.81292
1.81171
1.81095
1.81096
1.81201
1.81422
1.81748
1.82151
1.82587
1.83013
1.83392
1.837
1.83925
1.84063
1.84121
1.84109
1.84041
1.83932
1.83797
1.83649
1.83502
1.83365
1.83247
1.8315
1.83077
1.83025
1.82991
1.8297
1.82957
1.82948
1.82942
1.82937
1.82936
1.82942
1.8296
1.82998
1.83062
1.83157
1.8329
1.83461
1.83667
1.80224
1.80482
1.80751
1.8102
1.81277
1.81512
1.81715
1.8188
1.82002
1.82078
1.82109
1.82102
1.82066
1.82013
1.81955
1.81904
1.81867
1.81842
1.81823
1.81798
1.81753
1.81675
1.81559
1.81402
1.81214
1.81011
1.80814
1.80651
1.80549
1.80526
1.80595
1.80751
1.80982
1.81264
1.8157
1.81872
1.82146
1.82374
1.82543
1.82645
1.82677
1.82642
1.82547
1.82405
1.82232
1.82048
1.81879
1.81748
1.81677
1.81679
1.81753
1.81886
1.8205
1.82209
1.82328
1.82376
1.82333
1.82187
1.81937
1.81594
1.81174
1.80706
1.80232
1.79803
1.79471
1.79278
1.79233
1.79316
1.79476
1.79657
1.79808
1.79896
1.7991
1.79857
1.79756
1.7964
1.79542
1.79497
1.79528
1.79647
1.79848
1.80119
1.80441
1.80797
1.81173
1.81552
1.81919
1.82256
1.82547
1.82777
1.82935
1.83015
1.83013
1.82929
1.82764
1.82519
1.82198
1.81809
1.81362
1.80873
1.80365
1.79862
1.79392
1.78976
1.78625
1.7834
1.78111
1.77924
1.77772
1.77659
1.77599
1.77617
1.77737
1.77973
1.78322
1.78766
1.79273
1.79808
1.80338
1.80836
1.81287
1.81683
1.82022
1.82306
1.82541
1.82734
1.82892
1.83022
1.83131
1.83225
1.83309
1.83389
1.83469
1.83553
1.83644
1.83743
1.83847
1.8395
1.84038
1.84087
1.84059
1.83889
1.83486
1.82722
1.81455
1.79597
1.77279
1.75026
1.73684
1.73839
1.75277
1.77226
1.79023
1.80414
1.81432
1.82203
1.82839
1.83403
1.83918
1.84382
1.84782
1.85104
1.85337
1.85479
1.85533
1.85504
1.85405
1.85248
1.85048
1.84818
1.84569
1.84308
1.84038
1.83756
1.83453
1.83119
1.82743
1.82317
1.81839
1.81319
1.8078
1.80263
1.79823
1.79524
1.79424
1.79559
1.79934
1.80517
1.81251
1.82072
1.8292
1.83747
1.84518
1.85211
1.85815
1.86324
1.86737
1.87058
1.8729
1.87438
1.87507
1.87502
1.87428
1.87292
1.87102
1.86868
1.86607
1.86337
1.86078
1.8585
1.85666
1.85527
1.85425
1.85339
1.85243
1.85108
1.84911
1.84633
1.84269
1.83822
1.83306
1.82746
1.82178
1.81638
1.81166
1.80795
1.80547
1.80432
1.80448
1.80586
1.8083
1.81161
1.81558
1.81997
1.82453
1.82901
1.8332
1.8369
1.83995
1.84221
1.84355
1.84387
1.84311
1.84123
1.8383
1.8345
1.8301
1.82552
1.82121
1.81769
1.81541
1.81475
1.81591
1.8189
1.82354
1.82945
1.83615
1.84316
1.85002
1.85636
1.86194
1.86662
1.87036
1.8732
1.87516
1.87628
1.87654
1.87586
1.87411
1.87113
1.86678
1.86096
1.85376
1.84545
1.83655
1.8278
1.82006
1.81414
1.81057
1.80955
1.81091
1.81422
1.81891
1.82437
1.82999
1.83528
1.83985
1.84352
1.8463
1.84834
1.84993
1.85138
1.85296
1.85481
1.85694
1.8592
1.86136
1.86311
1.86413
1.86413
1.86281
1.85994
1.85535
1.84903
1.84123
1.83258
1.82407
1.81689
1.812
1.80974
1.80974
1.81111
1.81287
1.81434
1.81521
1.81551
1.81552
1.81563
1.81627
1.81772
1.82016
1.82354
1.82772
1.83245
1.83747
1.84257
1.84756
1.8523
1.85668
1.86056
1.86381
1.86628
1.86783
1.86829
1.86753
1.8654
1.86185
1.85694
1.85099
1.84471
1.83916
1.83557
1.83486
1.83724
1.84205
1.84817
1.85441
1.85997
1.86446
1.86788
1.87041
1.87236
1.87405
1.87575
1.8777
1.88005
1.88288
1.88621
1.88999
1.89414
1.89855
1.90308
1.90762
1.91204
1.91622
1.91999
1.9232
1.92565
1.92719
1.92773
1.92728
1.92604
1.92432
1.92248
1.92077
1.91915
1.91731
1.91476
1.91105
1.90596
1.89962
1.89247
1.88524
1.8788
1.87405
1.87173
1.8723
1.87576
1.88162
1.88894
1.89649
1.90305
1.90753
1.90916
1.90753
1.90261
1.89479
1.88489
1.87419
1.86427
1.85676
1.85289
1.85315
1.85722
1.86416
1.87283
1.88224
1.89171
1.90083
1.90931
1.91687
1.92323
1.9281
1.93134
1.93295
1.93308
1.93199
1.93001
1.92747
1.92466
1.92183
1.91914
1.9167
1.91457
1.91277
1.91133
1.91023
1.90947
1.90899
1.90873
1.9086
1.90851
1.90835
1.90804
1.90749
1.90667
1.90554
1.90414
1.90251
1.90074
1.89895
1.89725
1.89579
1.89467
1.89396
1.8937
1.89386
1.89439
1.89519
1.89616
1.8972
1.89822
1.89913
1.89987
1.90038
1.9006
1.9005
1.90002
1.89911
1.89771
1.89574
1.89311
1.88968
1.88529
1.87971
1.87269
1.86401
1.85362
1.84191
1.83
1.81992
1.81409
1.81423
1.82034
1.83063
1.84257
1.85405
1.86388
1.87165
1.87746
1.88161
1.88443
1.88625
1.8873
1.88778
1.88781
1.88747
1.88677
1.88571
1.88428
1.88249
1.88036
1.87798
1.87547
1.87296
1.87057
1.8684
1.86649
1.86481
1.86331
1.8619
1.86047
1.85895
1.85726
1.85539
1.85333
1.85117
1.849
1.84697
1.84524
1.84402
1.84347
1.84375
1.84494
1.84698
1.84972
1.85289
1.85613
1.85911
1.8615
1.86306
1.86356
1.86286
1.86082
1.85734
1.85241
1.84609
1.8386
1.83034
1.82186
1.81383
1.80685
1.80141
1.79774
1.79585
1.79556
1.79662
1.79874
1.80166
1.80517
1.80905
1.81306
1.81693
1.82037
1.82313
1.82501
1.82591
1.82581
1.82477
1.82291
1.82039
1.81741
1.81422
1.81105
1.80816
1.80577
1.80407
1.80317
1.8031
1.80381
1.80519
1.80709
1.80935
1.81179
1.81429
1.81671
1.81895
1.8209
1.82245
1.8235
1.82387
1.82338
1.82176
1.81873
1.81398
1.80728
1.79863
1.78842
1.77765
1.76784
1.76066
1.75735
1.75827
1.76288
1.77011
1.77876
1.78779
1.79644
1.80429
1.81119
1.81719
1.8224
1.82691
1.83075
1.83385
1.83607
1.83722
1.83711
1.83553
1.83234
1.82748
1.82104
1.81332
1.80484
1.79622
1.78813
1.78114
1.77564
1.77187
1.76996
1.76991
1.77157
1.77464
1.77867
1.78314
1.78762
1.79192
1.79624
1.80098
1.80655
1.81309
1.82039
1.82796
1.83525
1.8418
1.84733
1.85171
1.85495
1.85713
1.85836
1.8588
1.85863
1.858
1.85712
1.85613
1.85513
1.85419
1.85329
1.85234
1.85123
1.84982
1.84802
1.84579
1.84321
1.84047
1.83782
1.83555
1.83387
1.83285
1.83244
1.83248
1.83283
1.83344
1.83439
1.8359
1.8382
1.8414
1.84541
1.84993
1.85455
1.85884
1.86251
1.86545
1.86771
1.86944
1.87082
1.872
1.87305
1.87395
1.87462
1.87492
1.87475
1.87399
1.87261
1.8706
1.86801
1.86495
1.86159
1.85811
1.85472
1.85164
1.84905
1.84711
1.84586
1.84532
1.84542
1.84605
1.8471
1.84844
1.84995
1.85153
1.85309
1.85454
1.85579
1.85678
1.85742
1.85766
1.85746
1.85681
1.85575
1.85436
1.85273
1.85093
1.84896
1.84669
1.8439
1.84033
1.83584
1.83057
1.82511
1.82044
1.8177
1.81777
1.82088
1.82652
1.83376
1.84157
1.84912
1.85583
1.86136
1.86555
1.86832
1.86972
1.86984
1.86887
1.86706
1.86473
1.86225
1.85997
1.85821
1.85717
1.85694
1.85748
1.85864
1.86018
1.86181
1.86326
1.86431
1.86479
1.86463
1.86384
1.86252
1.86086
1.85908
1.85736
1.85579
1.85429
1.85262
1.85036
1.847
1.84207
1.83521
1.8264
1.8162
1.80598
1.7979
1.79414
1.7958
1.80214
1.81102
1.82008
1.82762
1.83281
1.83547
1.83581
1.8343
1.83158
1.82852
1.82609
1.82517
1.82627
1.82936
1.83395
1.83926
1.84453
1.8492
1.85294
1.85565
1.85735
1.85816
1.85821
1.85766
1.85666
1.85531
1.85372
1.852
1.85022
1.84844
1.84671
1.84509
1.84358
1.84221
1.84096
1.8398
1.83872
1.83765
1.83655
1.83539
1.83413
1.83277
1.83133
1.82987
1.82846
1.82721
1.8262
1.8255
1.82513
1.82506
1.82524
1.8256
1.8261
1.82676
1.82761
1.82872
1.83015
1.8319
1.83393
1.83614
1.83843
1.84066
1.84274
1.84462
1.84628
1.84772
1.849
1.85015
1.85123
1.85227
1.85329
1.85431
1.85532
1.85628
1.85717
1.85793
1.85854
1.85897
1.85922
1.85931
1.85932
1.85932
1.85942
1.85971
1.86027
1.86112
1.86221
1.86342
1.86454
1.86532
1.86547
1.86473
1.86292
1.85997
1.856
1.85133
1.84638
1.84164
1.83749
1.83414
1.83166
1.83002
1.82924
1.82944
1.83077
1.83333
1.83706
1.84176
1.84708
1.85261
1.85796
1.86279
1.8669
1.87017
1.87258
1.87419
1.8751
1.87542
1.87531
1.87487
1.87422
1.87346
1.87265
1.87182
1.871
1.87016
1.86926
1.86824
1.86702
1.86553
1.8637
1.86149
1.85894
1.85615
1.85336
1.85087
1.84905
1.8482
1.84848
1.84984
1.85202
1.85465
1.85735
1.85981
1.86183
1.86331
1.86424
1.86464
1.86454
1.86396
1.86289
1.86133
1.85927
1.85678
1.85399
1.85117
1.84878
1.84739
1.84757
1.84966
1.85364
1.85906
1.86521
1.87132
1.87678
1.8812
1.88442
1.88641
1.88724
1.88706
1.88601
1.88426
1.882
1.87943
1.87676
1.8742
1.87197
1.87019
1.86893
1.86816
1.86773
1.86743
1.86697
1.86608
1.86448
1.86199
1.85864
1.85471
1.85083
1.84794
1.84698
1.84851
1.85246
1.85807
1.86423
1.86991
1.87432
1.87703
1.87786
1.87679
1.87386
1.86917
1.86284
1.85515
1.84661
1.83815
1.83113
1.82707
1.82711
1.83138
1.8389
1.84806
1.85728
1.86546
1.87205
1.87694
1.88028
1.88229
1.88323
1.88334
1.8828
1.88173
1.88017
1.87809
1.87541
1.87196
1.86751
1.86185
1.85478
1.84621
1.8363
1.82555
1.8149
1.80559
1.79892
1.79575
1.79611
1.79925
1.80399
1.80915
1.81389
1.81781
1.8028
1.8051
1.807
1.80872
1.8104
1.81211
1.81379
1.8154
1.81686
1.81813
1.81918
1.82001
1.82065
1.82111
1.82141
1.82158
1.8216
1.82145
1.8211
1.82047
1.81948
1.81805
1.81605
1.8134
1.81005
1.80604
1.80153
1.79684
1.79246
1.78894
1.78676
1.78618
1.78714
1.78926
1.79196
1.79464
1.79678
1.79802
1.79816
1.79718
1.79519
1.79239
1.78902
1.78525
1.78121
1.77688
1.77212
1.76674
1.76059
1.75364
1.74617
1.7388
1.73253
1.7286
1.72808
1.73157
1.73907
1.74997
1.76336
1.77809
1.79301
1.80703
1.81928
1.82916
1.83633
1.84064
1.84204
1.84058
1.83643
1.82988
1.82152
1.81224
1.8032
1.79561
1.7904
1.78797
1.78817
1.79049
1.79432
1.79914
1.80456
1.81026
1.81593
1.82131
1.82614
1.83026
1.83359
1.83616
1.83809
1.83953
1.84066
1.84158
1.84233
1.84291
1.84326
1.84332
1.84305
1.84242
1.84147
1.84026
1.83888
1.83741
1.83593
1.83451
1.83317
1.83188
1.83057
1.82911
1.82736
1.82513
1.82224
1.81854
1.81396
1.80851
1.80235
1.79577
1.78912
1.78279
1.77716
1.77257
1.76939
1.76803
1.76894
1.77242
1.77843
1.78653
1.79595
1.80578
1.81521
1.82364
1.8307
1.83622
1.84019
1.84269
1.84384
1.84374
1.84252
1.84026
1.83706
1.83302
1.82829
1.82305
1.81755
1.81209
1.80699
1.80253
1.79891
1.79622
1.79441
1.79339
1.79304
1.79324
1.79391
1.79501
1.79647
1.79822
1.80015
1.80212
1.80396
1.80552
1.80668
1.80735
1.8075
1.80716
1.80638
1.80523
1.80382
1.80226
1.80064
1.79906
1.79761
1.79636
1.79537
1.79468
1.79434
1.79436
1.79476
1.79553
1.79665
1.7981
1.79982
1.80175
1.80384
1.80603
1.80823
1.81041
1.8125
1.81446
1.81625
1.81782
1.81914
1.82018
1.82091
1.8213
1.82135
1.82105
1.8204
1.81942
1.81813
1.81657
1.81479
1.81282
1.8107
1.80848
1.80618
1.80385
1.80152
1.79927
1.79719
1.7954
1.79403
1.79323
1.79312
1.79375
1.79512
1.79714
1.79966
1.80247
1.80539
1.80819
1.81071
1.81281
1.81439
1.8154
1.81581
1.81563
1.81488
1.81363
1.81198
1.81004
1.80794
1.80585
1.80391
1.80228
1.80105
1.80032
1.80011
1.80045
1.80132
1.80268
1.8045
1.8067
1.8092
1.81193
1.81479
1.81769
1.82052
1.82322
1.82571
1.82793
1.82983
1.83135
1.83248
1.83315
1.83332
1.83295
1.83198
1.83035
1.82799
1.82485
1.8209
1.81614
1.81061
1.80446
1.79789
1.79124
1.7849
1.77933
1.77498
1.77222
1.77127
1.77221
1.77489
1.77905
1.78431
1.79027
1.79653
1.80278
1.80876
1.81433
1.81939
1.82393
1.82795
1.83151
1.83466
1.83747
1.83997
1.84222
1.84424
1.84604
1.8476
1.84886
1.84975
1.85015
1.84992
1.84888
1.84681
1.84351
1.83881
1.83269
1.82531
1.81716
1.80905
1.80194
1.79669
1.79382
1.79345
1.79539
1.79931
1.80468
1.81076
1.8166
1.82129
1.82418
1.82508
1.82423
1.82225
1.81992
1.81799
1.81698
1.8171
1.81825
1.82011
1.82233
1.82462
1.82683
1.8289
1.8308
1.83244
1.83374
1.83462
1.83505
1.83508
1.83487
1.8348
1.83545
1.8375
1.84136
1.84695
1.85365
1.86049
1.86654
1.87112
1.87381
1.87444
1.87301
1.86959
1.86441
1.8578
1.85032
1.84269
1.83574
1.83016
1.82637
1.82444
1.82417
1.8253
1.82761
1.83094
1.83515
1.84
1.84521
1.85051
1.85561
1.86035
1.8646
1.86831
1.87141
1.87386
1.8756
1.87657
1.87675
1.87613
1.87479
1.87288
1.87059
1.86818
1.86587
1.86383
1.86213
1.86076
1.85959
1.85844
1.85705
1.85521
1.85272
1.84951
1.84563
1.84129
1.83685
1.83276
1.82955
1.82767
1.82749
1.82914
1.83251
1.83727
1.84289
1.84878
1.85438
1.85924
1.86305
1.86564
1.86701
1.86726
1.86657
1.86521
1.86347
1.86164
1.86001
1.85879
1.85813
1.85807
1.85854
1.85943
1.86057
1.86177
1.86287
1.86372
1.86417
1.86405
1.86315
1.86125
1.85807
1.85342
1.84716
1.83939
1.83042
1.82088
1.81164
1.8037
1.79798
1.79508
1.79517
1.79789
1.80256
1.80833
1.81443
1.82024
1.8254
1.82977
1.83336
1.83628
1.83868
1.84073
1.84255
1.84425
1.84591
1.84755
1.84918
1.85075
1.8522
1.85345
1.8544
1.85498
1.8551
1.85471
1.85376
1.85224
1.85016
1.84752
1.84433
1.84054
1.83601
1.83048
1.82367
1.81545
1.80619
1.79709
1.79009
1.78714
1.78904
1.79483
1.80245
1.80991
1.81604
1.82062
1.82397
1.82661
1.82895
1.83122
1.83348
1.83565
1.83763
1.83931
1.84057
1.84134
1.84154
1.84108
1.83988
1.83788
1.83502
1.83129
1.82671
1.82136
1.81541
1.80915
1.80298
1.7974
1.79299
1.7902
1.78931
1.79031
1.79299
1.79701
1.80197
1.80753
1.81337
1.8192
1.82478
1.8299
1.83444
1.83831
1.84147
1.84395
1.84577
1.847
1.84768
1.84787
1.84759
1.84686
1.84566
1.84397
1.8417
1.83876
1.83503
1.83036
1.82463
1.81773
1.80969
1.80066
1.79106
1.78156
1.77299
1.76618
1.76169
1.75963
1.75963
1.76111
1.76352
1.76659
1.77031
1.77484
1.78025
1.78642
1.79297
1.79944
1.80542
1.81062
1.81488
1.81821
1.82069
1.82243
1.82356
1.82419
1.82438
1.82415
1.82348
1.82228
1.82046
1.81793
1.81463
1.81064
1.80617
1.80163
1.7975
1.79426
1.79219
1.79124
1.79108
1.79125
1.79128
1.79087
1.78989
1.78838
1.78651
1.78452
1.78273
1.78146
1.78103
1.78167
1.78345
1.78628
1.78992
1.79405
1.79835
1.80256
1.80648
1.81
1.8131
1.81578
1.81809
1.82007
1.82179
1.82329
1.82463
1.82586
1.827
1.82809
1.82914
1.83016
1.83116
1.83212
1.83302
1.83384
1.83457
1.83517
1.83562
1.83589
1.83597
1.83583
1.83543
1.83475
1.83375
1.83239
1.83062
1.82842
1.82576
1.82258
1.81884
1.81444
1.80932
1.80344
1.79689
1.78993
1.783
1.7767
1.77171
1.76879
1.76864
1.77183
1.77845
1.78793
1.79903
1.81019
1.81996
1.82731
1.83173
1.83316
1.83185
1.82833
1.82334
1.81782
1.81291
1.80973
1.80918
1.81162
1.81683
1.82402
1.83216
1.84024
1.8475
1.85349
1.85804
1.86121
1.8632
1.86427
1.86468
1.86467
1.86441
1.86399
1.86344
1.86267
1.86157
1.86
1.85781
1.85494
1.85138
1.84724
1.84271
1.83808
1.83366
1.82972
1.82644
1.82389
1.82206
1.82086
1.82019
1.81996
1.82008
1.8205
1.82118
1.82209
1.82322
1.82457
1.82614
1.82789
1.82979
1.83178
1.83382
1.83584
1.83781
1.8397
1.8415
1.8432
1.84479
1.84624
1.84752
1.84857
1.84933
1.84974
1.84971
1.84916
1.84801
1.84614
1.84349
1.83994
1.83543
1.82993
1.82347
1.81616
1.80822
1.79996
1.79178
1.78405
1.77717
1.77146
1.76724
1.76479
1.76438
1.7661
1.76988
1.77533
1.78187
1.78886
1.79568
1.80189
1.80724
1.81164
1.81511
1.81776
1.81973
1.82115
1.82217
1.8229
1.82344
1.82384
1.82413
1.82431
1.82433
1.82412
1.82358
1.82256
1.82091
1.81846
1.81509
1.81078
1.80569
1.80022
1.79509
1.79114
1.78915
1.7895
1.79198
1.79595
1.80059
1.80517
1.80926
1.81265
1.81534
1.81746
1.81913
1.8205
1.82166
1.82269
1.82361
1.82443
1.82513
1.82569
1.82609
1.8263
1.82631
1.8261
1.82564
1.82491
1.82388
1.82253
1.82086
1.81894
1.81691
1.81501
1.81354
1.81287
1.8133
1.81507
1.81823
1.82266
1.82808
1.83409
1.84031
1.84637
1.85198
1.85698
1.86125
1.86475
1.86746
1.86938
1.87052
1.87086
1.87039
1.8691
1.86697
1.86405
1.86041
1.85619
1.85159
1.84687
1.84233
1.83824
1.83484
1.83225
1.83052
1.82959
1.82933
1.82953
1.82996
1.83037
1.83058
1.83053
1.83028
1.83
1.82989
1.83012
1.83073
1.8317
1.83291
1.83419
1.8354
1.83639
1.83701
1.83719
1.83683
1.83593
1.83449
1.83262
1.83052
1.82846
1.82677
1.82573
1.82551
1.82611
1.82736
1.82903
1.83091
1.83286
1.83484
1.83688
1.83902
1.84124
1.84349
1.84567
1.84764
1.84926
1.85045
1.85114
1.85129
1.85092
1.85003
1.84867
1.84686
1.84466
1.84209
1.83915
1.83586
1.83219
1.82809
1.82352
1.81846
1.81296
1.80719
1.80147
1.79625
1.79205
1.78929
1.78816
1.78853
1.78994
1.79178
1.79345
1.7946
1.79524
1.79579
1.79695
1.7994
1.80347
1.80897
1.81528
1.82162
1.82733
1.83201
1.83553
1.83793
1.83937
1.84006
1.84021
1.84003
1.83973
1.83944
1.83927
1.83928
1.83946
1.83975
1.84008
1.84033
1.84043
1.84028
1.83982
1.83901
1.83781
1.83619
1.83416
1.83168
1.82874
1.82533
1.8214
1.81695
1.81197
1.80657
1.80095
1.79548
1.79069
1.78713
1.78527
1.78534
1.78721
1.7904
1.79424
1.79805
1.80123
1.80344
1.80459
1.80484
1.8045
1.80398
1.8036
1.8036
1.80403
1.80478
1.80569
1.80659
1.80737
1.80797
1.80842
1.80878
1.80911
1.80949
1.80995
1.81048
1.81106
1.81162
1.8121
1.81245
1.8126
1.81252
1.8122
1.81165
1.81088
1.80991
1.80877
1.80745
1.80595
1.80422
1.80224
1.79997
1.79739
1.79451
1.79138
1.78809
1.7848
1.78169
1.77894
1.77673
1.77519
1.77435
1.77417
1.77452
1.77522
1.77611
1.77699
1.77774
1.77826
1.77849
1.77842
1.77805
1.77741
1.77657
1.77558
1.77453
1.77353
1.77268
1.77207
1.77177
1.77185
1.77228
1.77301
1.77391
1.77482
1.77549
1.77565
1.77497
1.79803
1.79434
1.78863
1.78071
1.7707
1.75923
1.74761
1.73762
1.73111
1.72934
1.73248
1.73962
1.74917
1.75939
1.76888
1.7768
1.78281
1.78697
1.78953
1.79083
1.79122
1.79102
1.79053
1.79002
1.78972
1.78981
1.79039
1.79147
1.79299
1.79482
1.79679
1.79874
1.8005
1.80194
1.80296
1.80347
1.80343
1.80276
1.80143
1.79938
1.79658
1.79298
1.78854
1.78326
1.77721
1.77057
1.76371
1.75715
1.7516
1.74778
1.74623
1.74717
1.75032
1.75506
1.76057
1.76603
1.77081
1.77455
1.77709
1.77846
1.77882
1.77837
1.77735
1.77598
1.77447
1.77298
1.77164
1.77056
1.76976
1.76926
1.76905
1.76908
1.76931
1.76967
1.77014
1.77065
1.77119
1.77172
1.77223
1.77272
1.77318
1.77362
1.77405
1.77447
1.7749
1.77534
1.7758
1.7763
1.77683
1.7774
1.77802
1.7787
1.77943
1.78023
1.78109
1.78201
1.78301
1.78407
1.7852
1.78641
1.78768
1.78901
1.79039
1.79182
1.79327
1.79473
1.79615
1.79752
1.79877
1.79985
1.8007
1.80126
1.80146
1.8013
1.80077
1.79998
1.79911
1.79842
1.79826
1.79894
1.80069
1.80356
1.80738
1.81185
1.81657
1.82117
1.82535
1.82887
1.83163
1.83357
1.83472
1.83514
1.83495
1.83436
1.83359
1.83292
1.83264
1.83297
1.83403
1.83584
1.83829
1.8412
1.84438
1.84764
1.85085
1.8539
1.85672
1.85927
1.86151
1.86343
1.86504
1.86636
1.86746
1.86845
1.86945
1.87061
1.87208
1.87403
1.87662
1.87996
1.88414
1.88913
1.89486
1.9011
1.9076
1.91402
1.92004
1.92535
1.92964
1.93268
1.93424
1.9341
1.93211
1.92816
1.92228
1.91467
1.90584
1.89656
1.88782
1.88068
1.87602
1.87439
1.87593
1.88038
1.88717
1.89551
1.90452
1.91331
1.9211
1.92718
1.93096
1.93198
1.92996
1.92503
1.9179
1.91014
1.9039
1.90114
1.90262
1.9075
1.91388
1.91987
1.92412
1.92599
1.92532
1.92223
1.91703
1.91022
1.90244
1.89449
1.88714
1.88108
1.87679
1.87451
1.87424
1.87579
1.87877
1.88273
1.88722
1.8919
1.89659
1.90118
1.90562
1.90984
1.91369
1.917
1.91957
1.92121
1.92182
1.92138
1.92004
1.91811
1.9161
1.9146
1.91417
1.91514
1.91746
1.92074
1.92439
1.92774
1.93028
1.93162
1.93157
1.93012
1.92739
1.92368
1.91943
1.91521
1.91155
1.90879
1.90698
1.90577
1.90459
1.90276
1.89973
1.89519
1.88915
1.88192
1.87419
1.86689
1.86107
1.85766
1.85722
1.85975
1.86469
1.87114
1.87805
1.88456
1.89003
1.89413
1.89677
1.89806
1.89821
1.89751
1.89628
1.89486
1.89353
1.89255
1.89215
1.89246
1.8936
1.89557
1.89831
1.90168
1.90548
1.90946
1.9134
1.91707
1.92032
1.92303
1.92514
1.92663
1.92746
1.92765
1.92719
1.92604
1.92421
1.92167
1.91844
1.91456
1.91013
1.9053
1.90032
1.89546
1.89104
1.88734
1.88457
1.88282
1.88205
1.88209
1.88271
1.88365
1.88472
1.8858
1.88689
1.88808
1.88947
1.89114
1.8931
1.89527
1.89746
1.89945
1.90103
1.90201
1.9023
1.90191
1.90093
1.89953
1.89795
1.89644
1.89523
1.89448
1.89429
1.89464
1.89543
1.89652
1.89774
1.8989
1.89986
1.90049
1.90069
1.9004
1.89957
1.89818
1.89621
1.89366
1.89053
1.88685
1.88266
1.87801
1.87303
1.86787
1.86275
1.85796
1.85383
1.85063
1.84859
1.84778
1.8481
1.8493
1.85102
1.85287
1.85449
1.85561
1.85607
1.85586
1.85505
1.85383
1.85241
1.85096
1.84955
1.84815
1.84664
1.84483
1.84258
1.8398
1.83653
1.83288
1.82904
1.82526
1.82177
1.81878
1.81646
1.81489
1.81408
1.81395
1.81439
1.81522
1.81629
1.81744
1.81853
1.81948
1.82024
1.82078
1.82111
1.82127
1.82129
1.82121
1.82108
1.82093
1.82079
1.82067
1.82058
1.82053
1.8205
1.82049
1.8205
1.8205
1.8205
1.82048
1.82043
1.82037
1.82027
1.82015
1.81999
1.8198
1.81956
1.81927
1.81889
1.81839
1.81773
1.81686
1.81573
1.81428
1.81251
1.81044
1.80816
1.80586
1.80377
1.80219
1.80138
1.80151
1.80259
1.80446
1.80683
1.80935
1.81169
1.81357
1.81485
1.81548
1.81549
1.81491
1.8138
1.81223
1.81028
1.8081
1.80586
1.80373
1.80176
1.79988
1.79802
1.79637
1.79552
1.79629
1.79921
1.80401
1.80957
1.81444
1.81752
1.81839
1.81728
1.81474
1.8111
1.8062
1.79938
1.79001
1.77833
1.76628
1.75723
1.75429
1.75817
1.7669
1.77781
1.78924
1.80074
1.8122
1.82319
1.83304
1.84109
1.84698
1.85065
1.85228
1.85211
1.85038
1.84725
1.84283
1.83709
1.82998
1.82134
1.811
1.79883
1.78489
1.76956
1.75375
1.73904
1.72739
1.72071
1.72
1.72502
1.73438
1.7462
1.75873
1.77077
1.78164
1.79111
1.79918
1.80599
1.81167
1.81637
1.82017
1.82315
1.82535
1.82681
1.82758
1.82771
1.82727
1.82635
1.82506
1.82349
1.82179
1.82006
1.81842
1.81693
1.81563
1.8145
1.81349
1.81248
1.81139
1.81008
1.80847
1.80649
1.80411
1.80134
1.79821
1.79483
1.79131
1.78782
1.78455
1.78171
1.77951
1.77816
1.7778
1.77849
1.78019
1.78274
1.7859
1.78937
1.79287
1.79614
1.79901
1.80136
1.80315
1.80437
1.80504
1.8052
1.80488
1.80413
1.80299
1.80151
1.79977
1.79786
1.7959
1.79401
1.7923
1.79085
1.78974
1.78897
1.78856
1.78848
1.78871
1.78924
1.79001
1.79096
1.79201
1.79305
1.79396
1.79462
1.79495
1.79489
1.79444
1.79363
1.79253
1.79122
1.7898
1.78836
1.78699
1.78572
1.78459
1.78358
1.78267
1.78181
1.78098
1.78015
1.77938
1.77872
1.77829
1.77823
1.77868
1.7797
1.7813
1.7834
1.78585
1.78845
1.79104
1.79346
1.79562
1.79745
1.79894
1.8001
1.80096
1.80157
1.80194
1.80213
1.80215
1.80203
1.80177
1.80138
1.80084
1.80015
1.79928
1.79819
1.79683
1.79513
1.79301
1.79036
1.78704
1.78291
1.77785
1.77178
1.76479
1.75712
1.74928
1.74191
1.73576
1.73152
1.72979
1.73097
1.73516
1.74198
1.75058
1.7599
1.76899
1.77718
1.78415
1.78984
1.79434
1.79778
1.8003
1.80205
1.80315
1.80371
1.80386
1.80376
1.80357
1.80344
1.80355
1.80403
1.80495
1.80636
1.80823
1.81047
1.81299
1.81564
1.8183
1.82085
1.82319
1.82522
1.82684
1.82795
1.82843
1.82815
1.82694
1.82463
1.82108
1.81625
1.81024
1.80345
1.79663
1.79073
1.78672
1.78521
1.78616
1.78895
1.79265
1.79634
1.79939
1.80148
1.80255
1.80278
1.80248
1.80201
1.80177
1.80209
1.80318
1.80508
1.80769
1.8107
1.81372
1.81627
1.81791
1.81821
1.81691
1.81392
1.80941
1.80386
1.79801
1.79274
1.7889
1.78701
1.78722
1.78925
1.79254
1.7964
1.80023
1.8036
1.80633
1.8084
1.80995
1.81115
1.81217
1.8131
1.81394
1.81461
1.81495
1.81477
1.8139
1.81222
1.80971
1.80644
1.80261
1.79855
1.79468
1.7915
1.78941
1.78867
1.78926
1.79087
1.79301
1.79513
1.79679
1.79767
1.79763
1.7967
1.79502
1.79287
1.79059
1.78856
1.7872
1.78678
1.78745
1.7891
1.79148
1.79424
1.797
1.79945
1.80141
1.80277
1.8035
1.80362
1.80319
1.80229
1.80097
1.79925
1.79711
1.79445
1.79112
1.78695
1.78183
1.77581
1.76921
1.76264
1.75699
1.7532
1.75196
1.7535
1.75754
1.76339
1.77025
1.77735
1.78413
1.79023
1.79544
1.79971
1.80305
1.80554
1.80727
1.80835
1.80889
1.80899
1.80875
1.80828
1.80766
1.80701
1.80641
1.80597
1.80576
1.80586
1.80633
1.80717
1.80839
1.80995
1.8118
1.81386
1.81607
1.81833
1.82055
1.82266
1.82455
1.82615
1.82735
1.82806
1.82816
1.82755
1.82612
1.82379
1.8205
1.81629
1.81127
1.80565
1.79978
1.79411
1.78913
1.78527
1.78285
1.78199
1.7826
1.78441
1.7871
1.79029
1.79365
1.79691
1.79983
1.80221
1.80392
1.80493
1.80527
1.80515
1.80488
1.80483
1.80527
1.80632
1.80792
1.80984
1.81187
1.81389
1.8159
1.81793
1.81996
1.82189
1.82353
1.82464
1.82505
1.82463
1.82339
1.82139
1.81879
1.81576
1.81253
1.80932
1.80636
1.80391
1.80223
1.80151
1.80188
1.80334
1.80575
1.80886
1.8124
1.81609
1.81974
1.82319
1.82639
1.82932
1.83198
1.83439
1.83659
1.83858
1.84036
1.8419
1.84314
1.84399
1.84432
1.84395
1.84268
1.84027
1.83648
1.83118
1.82437
1.81637
1.80781
1.79962
1.79278
1.78803
1.7856
1.78532
1.78673
1.78934
1.79271
1.79646
1.80025
1.80384
1.80711
1.81008
1.81286
1.81553
1.81812
1.82053
1.82261
1.82425
1.82536
1.82594
1.826
1.82556
1.82463
1.82322
1.82136
1.81911
1.81661
1.81404
1.81163
1.80964
1.80831
1.80783
1.80832
1.80981
1.81221
1.81534
1.81898
1.82286
1.82672
1.83033
1.83351
1.8361
1.83801
1.83918
1.83957
1.83919
1.83809
1.83634
1.8341
1.83154
1.82891
1.82644
1.82435
1.82277
1.82169
1.82099
1.82045
1.81978
1.81873
1.81712
1.81484
1.81194
1.80861
1.80514
1.8019
1.79926
1.79747
1.79661
1.79657
1.79709
1.79791
1.79876
1.79951
1.8001
1.80053
1.80083
1.80102
1.80109
1.80103
1.80086
1.80062
1.80038
1.80026
1.80039
1.80088
1.8018
1.80318
1.80496
1.80705
1.80929
1.81149
1.81346
1.81499
1.81591
1.81604
1.81526
1.81349
1.81074
1.80714
1.803
1.79883
1.79527
1.79294
1.79224
1.79321
1.79548
1.79846
1.8015
1.80408
1.80159
1.80234
1.80217
1.8012
1.79962
1.79771
1.79579
1.7942
1.79323
1.79311
1.79391
1.79555
1.79784
1.80052
1.80332
1.80603
1.80848
1.81059
1.81234
1.81372
1.81478
1.81556
1.81612
1.81651
1.81678
1.81699
1.81721
1.81749
1.81791
1.81853
1.8194
1.82056
1.82203
1.82381
1.82588
1.8282
1.83073
1.83341
1.83621
1.83907
1.84196
1.84482
1.84757
1.85012
1.85233
1.85405
1.85512
1.85535
1.8546
1.85276
1.84983
1.84587
1.84109
1.83575
1.83015
1.82454
1.8191
1.81401
1.80949
1.80587
1.80358
1.80301
1.80435
1.80751
1.81211
1.81761
1.8235
1.82944
1.83529
1.84109
1.84686
1.85251
1.85775
1.86213
1.86516
1.86645
1.86581
1.86337
1.85955
1.85506
1.85079
1.84758
1.84608
1.84652
1.84876
1.85238
1.85685
1.86166
1.86638
1.87066
1.87426
1.87695
1.87859
1.87905
1.87825
1.87616
1.87283
1.86843
1.8633
1.85797
1.8531
1.84935
1.84716
1.8466
1.84737
1.84889
1.85057
1.85193
1.85269
1.85277
1.85224
1.85126
1.85001
1.84867
1.84738
1.8462
1.84516
1.84422
1.84332
1.84239
1.84134
1.84012
1.83868
1.83701
1.83512
1.83303
1.83081
1.82857
1.82641
1.82448
1.82289
1.82174
1.82109
1.82093
1.8212
1.82179
1.82254
1.82331
1.82395
1.82434
1.82441
1.82412
1.82351
1.82263
1.82158
1.82048
1.81946
1.81864
1.8181
1.8179
1.81808
1.81861
1.81944
1.82051
1.82174
1.82305
1.82435
1.82557
1.82664
1.82752
1.82817
1.82854
1.82862
1.82839
1.82786
1.82704
1.82593
1.82456
1.82297
1.82121
1.81933
1.81739
1.81547
1.8136
1.81184
1.81019
1.80864
1.80714
1.80562
1.80403
1.80229
1.80039
1.79835
1.79626
1.79424
1.79249
1.79119
1.79054
1.79064
1.79154
1.79317
1.79536
1.79789
1.8005
1.80294
1.805
1.80653
1.80741
1.8076
1.8071
1.80599
1.80439
1.80251
1.80062
1.79902
1.79803
1.79789
1.79873
1.80053
1.80313
1.80627
1.80964
1.81297
1.81604
1.81868
1.82078
1.82231
1.82326
1.82363
1.82347
1.82278
1.82158
1.81985
1.81753
1.81449
1.81056
1.80556
1.79932
1.79179
1.78313
1.77382
1.76473
1.7571
1.75232
1.7516
1.75546
1.76346
1.77431
1.78635
1.79808
1.80848
1.81704
1.82364
1.82842
1.83161
1.83345
1.83414
1.83385
1.83265
1.83058
1.82761
1.82371
1.81883
1.81298
1.80626
1.79895
1.79155
1.78476
1.7794
1.77614
1.7753
1.7767
1.77978
1.7838
1.78809
1.79216
1.79575
1.79875
1.8012
1.80315
1.80468
1.80584
1.80666
1.80714
1.80728
1.80705
1.80645
1.80548
1.80416
1.80253
1.80067
1.79868
1.79666
1.79474
1.79308
1.7918
1.79106
1.79098
1.79162
1.79302
1.79508
1.79764
1.80045
1.80323
1.80567
1.80751
1.80853
1.80857
1.80757
1.80552
1.80254
1.79886
1.79485
1.79096
1.78769
1.78545
1.78442
1.78456
1.78558
1.78704
1.7885
1.78959
1.79005
1.78976
1.7887
1.78692
1.78448
1.78144
1.77787
1.77388
1.76963
1.76544
1.76169
1.75884
1.75731
1.75742
1.75929
1.76288
1.76792
1.77404
1.78075
1.78758
1.7941
1.80002
1.80516
1.80945
1.8129
1.81558
1.8176
1.81906
1.82006
1.82068
1.82101
1.82111
1.82101
1.82077
1.82039
1.8199
1.81929
1.81856
1.81769
1.81666
1.81546
1.81405
1.81243
1.81058
1.8085
1.80622
1.80378
1.80125
1.79873
1.79633
1.79417
1.79237
1.79106
1.79033
1.79024
1.7908
1.79199
1.79376
1.79598
1.79854
1.8013
1.8041
1.80681
1.80931
1.81152
1.81339
1.81493
1.81616
1.81717
1.81804
1.81885
1.8197
1.8206
1.82157
1.82255
1.82348
1.82426
1.82482
1.82508
1.82502
1.82464
1.82399
1.82314
1.82219
1.82123
1.82037
1.81969
1.81928
1.81922
1.81959
1.82047
1.82188
1.82382
1.82619
1.82884
1.83157
1.83416
1.8364
1.83813
1.83926
1.83972
1.83952
1.8387
1.83735
1.83561
1.83361
1.83153
1.82953
1.82772
1.82612
1.82463
1.82304
1.82103
1.81831
1.81478
1.81065
1.80653
1.80323
1.8014
1.80112
1.80193
1.80318
1.80447
1.80586
1.80759
1.80976
1.81205
1.81395
1.81501
1.81513
1.81453
1.81364
1.81287
1.81255
1.81286
1.81388
1.81567
1.81831
1.82182
1.8261
1.83085
1.83567
1.84006
1.84362
1.84612
1.84745
1.84771
1.84707
1.84581
1.8442
1.84252
1.84095
1.83955
1.8382
1.83649
1.83372
1.82885
1.82064
1.80809
1.79135
1.7731
1.75884
1.75422
1.76057
1.77364
1.78739
1.79793
1.80438
1.80762
1.80914
1.81022
1.81172
1.81398
1.81693
1.82025
1.82351
1.82632
1.82835
1.82944
1.82952
1.82865
1.82698
1.82478
1.82235
1.82002
1.81808
1.81674
1.81607
1.81603
1.81647
1.81721
1.81807
1.81891
1.81962
1.82012
1.82035
1.82025
1.81976
1.81877
1.81721
1.81503
1.81228
1.80909
1.80578
1.80284
1.80099
1.80109
1.80376
1.80899
1.81594
1.82327
1.82961
1.83401
1.83609
1.8359
1.8338
1.83028
1.82583
1.8209
1.81582
1.8108
1.80592
1.8012
1.79662
1.79219
1.788
1.78424
1.78124
1.77935
1.77883
1.77976
1.78197
1.78512
1.78881
1.79266
1.79641
1.79988
1.80296
1.80556
1.80758
1.8089
1.80936
1.80882
1.80714
1.80423
1.8001
1.79486
1.78878
1.7823
1.77596
1.77039
1.76609
1.76337
1.76222
1.76238
1.76341
1.76483
1.76627
1.7675
1.76847
1.76926
1.77002
1.77087
1.77189
1.77309
1.77438
1.77566
1.77679
1.77769
1.7783
1.7786
1.77862
1.77842
1.77804
1.77757
1.77705
1.77655
1.7761
1.77573
1.77545
1.77527
1.77518
1.77517
1.77524
1.77536
1.77554
1.77576
1.77601
1.77628
1.77656
1.77685
1.77714
1.77742
1.77768
1.77792
1.77811
1.77826
1.77833
1.7783
1.77814
1.77781
1.77726
1.77642
1.77524
1.77364
1.77156
1.76896
1.76586
1.76233
1.75854
1.75476
1.75135
1.74872
1.74726
1.7473
1.74901
1.75235
1.7571
1.76286
1.76916
1.7755
1.78145
1.78671
1.79113
1.79466
1.79739
1.79948
1.80113
1.80256
1.80397
1.80548
1.80712
1.80882
1.81038
1.81155
1.81202
1.8115
1.80972
1.80656
1.80213
1.7969
1.7917
1.78761
1.78561
1.78617
1.78903
1.79339
1.79831
1.80303
1.80717
1.8107
1.81372
1.81643
1.81898
1.82146
1.82389
1.82628
1.8286
1.83083
1.83297
1.83504
1.83702
1.83892
1.84071
1.84232
1.84368
1.84472
1.84535
1.8455
1.84513
1.8442
1.84273
1.84073
1.83827
1.83544
1.83235
1.82917
1.82608
1.82331
1.82111
1.81971
1.81933
1.8201
1.82206
1.82512
1.82907
1.83363
1.83845
1.84319
1.84754
1.85126
1.85417
1.85615
1.85716
1.8572
1.85635
1.85468
1.85234
1.84951
1.84636
1.84313
1.84003
1.83729
1.83511
1.83367
1.83306
1.83332
1.83434
1.83591
1.83774
1.83947
1.84074
1.84124
1.84072
1.83907
1.83623
1.83231
1.82749
1.82204
1.81624
1.81038
1.80471
1.79952
1.79526
1.79254
1.79203
1.79413
1.79867
1.80489
1.81169
1.81808
1.82342
1.82752
1.83044
1.83244
1.83377
1.83466
1.83528
1.83571
1.836
1.83614
1.83613
1.83594
1.83558
1.83502
1.83428
1.83337
1.83228
1.83105
1.8297
1.82823
1.82669
1.8251
1.82346
1.82182
1.82018
1.81857
1.81702
1.81556
1.81424
1.81311
1.81223
1.81166
1.81144
1.81161
1.81216
1.81306
1.81424
1.81562
1.81708
1.81849
1.81975
1.82074
1.82137
1.82157
1.82129
1.82051
1.81922
1.81744
1.81521
1.81256
1.80956
1.80631
1.80295
1.79967
1.79673
1.79445
1.79314
1.79305
1.79435
1.79699
1.80077
1.80533
1.81021
1.81496
1.81925
1.82286
1.82576
1.82803
1.82981
1.83127
1.83252
1.83364
1.83466
1.83556
1.83637
1.83709
1.83778
1.83851
1.83937
1.84041
1.84168
1.84313
1.84469
1.84621
1.84751
1.84838
1.84862
1.84803
1.84647
1.84386
1.84024
1.83579
1.83089
1.82603
1.8218
1.81871
1.81707
1.81691
1.81802
1.82005
1.82263
1.82546
1.82833
1.83114
1.83383
1.83633
1.83859
1.8405
1.84194
1.84281
1.84302
1.84251
1.8413
1.83945
1.83709
1.83439
1.83158
1.82888
1.82652
1.82467
1.82342
1.82281
1.82279
1.82328
1.82418
1.82542
1.82691
1.82856
1.83028
1.83196
1.83347
1.83471
1.83558
1.83601
1.83597
1.83545
1.8345
1.83318
1.83157
1.82977
1.82789
1.82605
1.82434
1.82286
1.82165
1.82073
1.82007
1.81958
1.81911
1.81847
1.81742
1.81567
1.8129
1.8088
1.80312
1.79583
1.78724
1.7782
1.77003
1.7642
1.76177
1.76285
1.76666
1.77194
1.77751
1.78257
1.78674
1.78991
1.79212
1.79347
1.7941
1.79412
1.79365
1.7928
1.79172
1.79054
1.78939
1.7884
1.78767
1.78725
1.78713
1.78726
1.78755
1.7879
1.78821
1.78838
1.78835
1.78808
1.78757
1.7868
1.7858
1.78459
1.78318
1.78161
1.77989
1.77806
1.77613
1.77412
1.77207
1.76999
1.76791
1.76587
1.76388
1.76198
1.76017
1.75847
1.75688
1.75541
1.75405
1.75284
1.75179
1.75097
1.75046
1.75033
1.75067
1.75151
1.75287
1.75468
1.75685
1.75925
1.76173
1.76415
1.76638
1.76828
1.76976
1.7707
1.771
1.77055
1.76924
1.76697
1.76362
1.75917
1.75363
1.74718
1.74013
1.73298
1.72635
1.72089
1.71712
1.71532
1.71551
1.71745
1.72075
1.72498
1.72971
1.73459
1.73931
1.74364
1.74741
1.7505
1.75286
1.75446
1.75533
1.75548
1.75486
1.75337
1.75073
1.79581
1.78964
1.78203
1.77442
1.76933
1.76939
1.77574
1.78707
1.80055
1.81345
1.82416
1.83223
1.83788
1.84158
1.84383
1.84503
1.84546
1.84531
1.8447
1.84369
1.84229
1.84054
1.83841
1.8359
1.83302
1.82976
1.82615
1.82225
1.81814
1.81392
1.80968
1.80551
1.80147
1.79768
1.79428
1.79152
1.78967
1.78901
1.78969
1.79172
1.79499
1.79921
1.80401
1.80897
1.81364
1.81766
1.82076
1.8228
1.82372
1.82357
1.82243
1.82043
1.81768
1.81426
1.81029
1.80587
1.80122
1.79665
1.79258
1.78954
1.78798
1.7882
1.79021
1.79374
1.79832
1.8034
1.80851
1.81329
1.81751
1.82105
1.82388
1.82601
1.8275
1.82841
1.82878
1.82866
1.82805
1.82695
1.82529
1.82294
1.8197
1.81528
1.80928
1.80129
1.79099
1.77846
1.76464
1.75161
1.74225
1.73895
1.7421
1.74988
1.75948
1.76858
1.77597
1.78137
1.78505
1.78741
1.78885
1.78967
1.79011
1.7903
1.79034
1.79028
1.79016
1.78999
1.78976
1.78948
1.78915
1.78876
1.78833
1.78786
1.78737
1.78689
1.78644
1.78609
1.78586
1.78581
1.78597
1.78636
1.787
1.78788
1.78897
1.79023
1.79161
1.79305
1.79451
1.79594
1.79728
1.79851
1.7996
1.80054
1.80131
1.80193
1.80239
1.80273
1.80295
1.80309
1.80314
1.80308
1.80285
1.80228
1.80112
1.79898
1.79543
1.7901
1.783
1.77492
1.76773
1.76405
1.76604
1.77397
1.78604
1.7995
1.8121
1.82266
1.83092
1.83717
1.84185
1.84542
1.84825
1.85062
1.85272
1.85468
1.85655
1.85834
1.86001
1.86145
1.86253
1.86307
1.86284
1.8616
1.8591
1.85516
1.84971
1.84296
1.83548
1.82824
1.82252
1.81956
1.82012
1.8241
1.83063
1.83836
1.84599
1.85253
1.85742
1.86043
1.86158
1.86093
1.85856
1.85453
1.84893
1.84206
1.83453
1.82747
1.8224
1.82084
1.82356
1.8302
1.83937
1.84932
1.85859
1.8663
1.87217
1.87628
1.8789
1.88036
1.88099
1.88104
1.88075
1.8803
1.87985
1.87952
1.87941
1.87956
1.87995
1.88052
1.88114
1.88167
1.88195
1.88185
1.88123
1.88
1.87809
1.87543
1.87201
1.86782
1.86297
1.85763
1.85217
1.8471
1.84303
1.84054
1.83999
1.84141
1.84448
1.84868
1.85347
1.85838
1.86311
1.86749
1.87143
1.87486
1.8777
1.87984
1.88114
1.88139
1.88032
1.87764
1.87308
1.86646
1.85786
1.84783
1.83751
1.82855
1.82266
1.82092
1.82336
1.82907
1.83667
1.84487
1.85271
1.85957
1.86518
1.86942
1.87236
1.87408
1.87474
1.87445
1.87334
1.87153
1.86914
1.86631
1.86323
1.8601
1.85719
1.85475
1.85302
1.85215
1.85218
1.85305
1.8546
1.85662
1.8589
1.86125
1.86354
1.86567
1.86761
1.86932
1.8708
1.87207
1.87313
1.87397
1.87459
1.87497
1.8751
1.87494
1.87445
1.87358
1.87223
1.87032
1.86772
1.8643
1.85991
1.85444
1.84785
1.84018
1.83164
1.82265
1.8138
1.80587
1.79968
1.79598
1.7952
1.79737
1.80213
1.80883
1.8167
1.82508
1.83345
1.84143
1.84876
1.85519
1.86051
1.8645
1.86699
1.86788
1.86718
1.86504
1.86178
1.85787
1.85387
1.85032
1.84764
1.84602
1.84539
1.84548
1.84595
1.84645
1.84672
1.84662
1.84611
1.84522
1.84402
1.8426
1.84102
1.83935
1.83765
1.83606
1.83476
1.83399
1.83401
1.83496
1.83684
1.83946
1.84246
1.84538
1.84779
1.84934
1.84984
1.84928
1.84786
1.84589
1.84381
1.84204
1.84084
1.84025
1.84006
1.83983
1.83907
1.83729
1.8342
1.8297
1.82398
1.81755
1.81119
1.80588
1.80256
1.8019
1.80407
1.80869
1.81495
1.82192
1.82874
1.83478
1.8397
1.84336
1.84579
1.84712
1.84754
1.84724
1.84643
1.8453
1.84403
1.84277
1.84162
1.84064
1.83985
1.8392
1.83863
1.83805
1.83733
1.83635
1.83499
1.83314
1.83069
1.82755
1.82367
1.81905
1.81379
1.8081
1.80234
1.79699
1.79255
1.78941
1.78771
1.78732
1.78786
1.78886
1.78989
1.79061
1.79082
1.79044
1.78949
1.78811
1.78655
1.78519
1.78447
1.78482
1.78646
1.78938
1.79326
1.79762
1.8019
1.8056
1.80834
1.80989
1.81015
1.80914
1.80699
1.80393
1.80033
1.79662
1.79328
1.7907
1.78908
1.78838
1.78835
1.7886
1.7887
1.78825
1.7869
1.78434
1.78038
1.77508
1.76896
1.76312
1.75908
1.75822
1.76104
1.76682
1.77406
1.78113
1.78683
1.79055
1.79208
1.79144
1.78877
1.78429
1.77841
1.77181
1.76552
1.76073
1.7584
1.75883
1.76146
1.76514
1.76859
1.77078
1.77106
1.76918
1.76515
1.75923
1.75194
1.74412
1.73684
1.73124
1.7282
1.72805
1.73047
1.73478
1.74015
1.74591
1.75158
1.75689
1.76166
1.76579
1.76924
1.77201
1.77412
1.77565
1.77668
1.7773
1.77759
1.77764
1.77752
1.77727
1.77694
1.77655
1.77612
1.77564
1.77512
1.77456
1.77394
1.77326
1.77255
1.77183
1.77115
1.77056
1.77014
1.76998
1.77013
1.77063
1.77145
1.77255
1.77379
1.77506
1.7762
1.77712
1.77778
1.77819
1.77845
1.77869
1.77906
1.77967
1.78058
1.78181
1.78332
1.78508
1.78703
1.7891
1.79122
1.79322
1.79495
1.79619
1.79679
1.79665
1.79579
1.79439
1.79275
1.79123
1.79025
1.79011
1.79095
1.79272
1.79517
1.79797
1.80074
1.80322
1.80524
1.8068
1.80798
1.80894
1.80984
1.8108
1.81187
1.81302
1.81419
1.8153
1.81629
1.81711
1.81777
1.81827
1.81863
1.81887
1.81899
1.819
1.81893
1.8188
1.81868
1.81864
1.81877
1.81914
1.8198
1.82078
1.82206
1.82361
1.82535
1.82722
1.82911
1.83095
1.83266
1.83414
1.83532
1.83615
1.83657
1.83657
1.83613
1.83529
1.83409
1.83261
1.83097
1.82926
1.82763
1.82617
1.82496
1.82404
1.82342
1.82303
1.82282
1.8227
1.82259
1.82242
1.82215
1.82172
1.82109
1.82021
1.81902
1.81745
1.81545
1.81299
1.81009
1.80687
1.80352
1.80036
1.79773
1.796
1.79542
1.79607
1.7978
1.8002
1.8027
1.80461
1.80526
1.80409
1.80079
1.79533
1.78812
1.78006
1.77248
1.76693
1.76468
1.76623
1.77112
1.7781
1.78558
1.79221
1.79722
1.80047
1.80238
1.80366
1.80501
1.80683
1.80914
1.8116
1.81371
1.81502
1.81522
1.81418
1.81198
1.80881
1.80498
1.80087
1.79693
1.7936
1.79127
1.79022
1.79055
1.79221
1.79493
1.79836
1.80207
1.80567
1.80881
1.81122
1.81275
1.81336
1.81308
1.81206
1.81049
1.80856
1.80647
1.80434
1.80222
1.80009
1.79786
1.79544
1.7927
1.78953
1.78582
1.78153
1.77667
1.77139
1.76594
1.76068
1.75609
1.75276
1.75128
1.7521
1.75529
1.76059
1.76748
1.77537
1.78365
1.79178
1.79929
1.80586
1.81132
1.81563
1.81884
1.82106
1.82239
1.82288
1.82254
1.8213
1.81905
1.81564
1.81101
1.80527
1.79885
1.79259
1.78769
1.78529
1.78603
1.78964
1.79514
1.80121
1.80673
1.81098
1.81364
1.81466
1.81416
1.8123
1.80929
1.80535
1.80076
1.79583
1.79093
1.78645
1.78273
1.78002
1.77842
1.77786
1.7782
1.7792
1.78064
1.78232
1.78411
1.78595
1.78788
1.78998
1.79239
1.79521
1.7985
1.80219
1.80609
1.80996
1.81351
1.8165
1.81874
1.82011
1.8206
1.82021
1.81903
1.81718
1.81483
1.81219
1.80947
1.80693
1.80479
1.80325
1.80243
1.80243
1.80328
1.80496
1.80737
1.8103
1.8134
1.81625
1.81843
1.81966
1.81989
1.81938
1.81863
1.81821
1.81853
1.81958
1.82099
1.82208
1.8221
1.82046
1.81682
1.81113
1.80366
1.79497
1.78591
1.77749
1.77076
1.76661
1.76559
1.76778
1.77285
1.7801
1.78869
1.7978
1.80678
1.81517
1.8227
1.82924
1.83475
1.83929
1.84294
1.84582
1.84807
1.84983
1.85124
1.8524
1.8534
1.85429
1.8551
1.85587
1.85661
1.85736
1.85817
1.85911
1.86025
1.86164
1.86333
1.86532
1.86757
1.86998
1.87246
1.87486
1.87706
1.87895
1.88043
1.88143
1.88189
1.88177
1.88106
1.87978
1.87806
1.87606
1.87405
1.87228
1.87091
1.86995
1.86925
1.86851
1.86749
1.86602
1.86414
1.86205
1.86009
1.85861
1.85794
1.85826
1.85961
1.86187
1.86478
1.868
1.87116
1.8739
1.87597
1.87718
1.8775
1.87703
1.87598
1.87468
1.87349
1.87278
1.87281
1.87375
1.87561
1.87828
1.88155
1.88513
1.88871
1.89197
1.89462
1.89641
1.89719
1.89691
1.89564
1.89353
1.89087
1.88796
1.88506
1.88237
1.87994
1.87771
1.87556
1.87341
1.87127
1.86925
1.8675
1.86615
1.86521
1.86451
1.86382
1.86288
1.86158
1.85997
1.85827
1.85677
1.85575
1.85539
1.85571
1.85663
1.85795
1.85945
1.86092
1.86219
1.86314
1.8637
1.86388
1.86371
1.86326
1.8626
1.8618
1.86087
1.85976
1.85838
1.85661
1.8544
1.85178
1.84897
1.8463
1.84409
1.84254
1.84161
1.84099
1.84029
1.83925
1.83789
1.83656
1.83584
1.83627
1.8381
1.84119
1.84505
1.84906
1.85267
1.85549
1.85736
1.85828
1.85837
1.85782
1.85687
1.85576
1.85471
1.85391
1.85343
1.85329
1.85339
1.85354
1.85353
1.85307
1.85191
1.84978
1.84644
1.84174
1.83557
1.82794
1.81901
1.80917
1.79929
1.79091
1.78616
1.78694
1.79368
1.80483
1.8176
1.82941
1.83869
1.84493
1.8483
1.84929
1.84851
1.84652
1.84391
1.84121
1.83893
1.83752
1.83727
1.83834
1.84064
1.84391
1.84779
1.85184
1.85569
1.85904
1.8617
1.86358
1.86466
1.86496
1.86453
1.86338
1.86151
1.79754
1.7943
1.79053
1.7865
1.7827
1.77973
1.77813
1.77812
1.77948
1.78141
1.78273
1.78209
1.77843
1.77143
1.76194
1.75203
1.74438
1.74091
1.74189
1.74613
1.75211
1.75885
1.76597
1.77338
1.78086
1.78795
1.79403
1.79844
1.80065
1.80031
1.79743
1.7925
1.78662
1.78147
1.77871
1.77929
1.78291
1.7882
1.79346
1.79746
1.7997
1.80038
1.80018
1.79995
1.80045
1.80212
1.805
1.80884
1.81321
1.81771
1.82198
1.8258
1.82904
1.83165
1.83363
1.83498
1.83574
1.83593
1.83555
1.83461
1.83309
1.83099
1.82828
1.82493
1.82093
1.81625
1.81087
1.80479
1.79803
1.79063
1.78275
1.77461
1.76658
1.75916
1.75288
1.74829
1.74575
1.74539
1.74703
1.75021
1.7543
1.75868
1.7629
1.76678
1.77046
1.77427
1.77851
1.78329
1.7884
1.79342
1.79784
1.80126
1.80344
1.80433
1.80404
1.80278
1.80078
1.79829
1.79551
1.79264
1.78985
1.78731
1.78524
1.78382
1.78323
1.78356
1.7848
1.78684
1.78948
1.79249
1.79565
1.79879
1.80177
1.80451
1.80696
1.80909
1.8109
1.81238
1.81353
1.81433
1.81474
1.81474
1.81426
1.81322
1.81154
1.80912
1.80586
1.80167
1.79655
1.79057
1.78395
1.77709
1.7706
1.76517
1.7615
1.7601
1.76112
1.76433
1.76917
1.77493
1.78086
1.78638
1.79106
1.7947
1.79724
1.79874
1.79937
1.79937
1.79901
1.79858
1.79834
1.7985
1.79913
1.8002
1.80157
1.80304
1.80443
1.80555
1.80627
1.80645
1.80592
1.80446
1.8018
1.79778
1.79251
1.78665
1.78145
1.77851
1.77902
1.7831
1.78978
1.79763
1.80547
1.81275
1.81942
1.82563
1.83148
1.83695
1.84187
1.84607
1.84937
1.8517
1.85304
1.85343
1.85298
1.85183
1.85014
1.84814
1.84604
1.84405
1.84235
1.84103
1.8401
1.83949
1.83911
1.83886
1.83872
1.83873
1.83906
1.83986
1.84128
1.84335
1.84594
1.8488
1.85158
1.85393
1.85554
1.85624
1.856
1.85496
1.85341
1.85178
1.85052
1.85002
1.85046
1.85182
1.85385
1.85621
1.85856
1.86066
1.86235
1.86362
1.8645
1.86509
1.86553
1.86593
1.86639
1.86702
1.86787
1.86896
1.8703
1.87185
1.87357
1.87538
1.87721
1.87894
1.88049
1.88175
1.8826
1.88293
1.88258
1.88139
1.87916
1.87571
1.87086
1.86464
1.85732
1.84967
1.8429
1.83842
1.83738
1.84007
1.84583
1.85337
1.86132
1.86863
1.87467
1.87916
1.88203
1.8833
1.88305
1.88136
1.87836
1.87419
1.86909
1.86338
1.85748
1.85189
1.84716
1.84382
1.84228
1.84273
1.84503
1.84874
1.85317
1.85758
1.86131
1.86389
1.86506
1.86475
1.86306
1.86024
1.85671
1.85301
1.84976
1.84755
1.84681
1.84772
1.85013
1.85362
1.85766
1.8617
1.86524
1.86791
1.86947
1.86978
1.86881
1.86663
1.86342
1.85945
1.8551
1.85082
1.8471
1.84435
1.84285
1.84267
1.8436
1.84522
1.847
1.84835
1.84875
1.84781
1.84527
1.84108
1.83545
1.82889
1.82223
1.8165
1.8126
1.8111
1.81201
1.81494
1.81932
1.82462
1.8304
1.83635
1.84213
1.84747
1.85211
1.85583
1.8585
1.85999
1.86022
1.8591
1.85653
1.85239
1.84663
1.83932
1.8308
1.82179
1.81345
1.80716
1.8041
1.80479
1.80887
1.81526
1.8227
1.83008
1.83664
1.84198
1.84597
1.84863
1.85007
1.85043
1.84984
1.84843
1.84634
1.84367
1.84056
1.83714
1.83359
1.8301
1.82691
1.82425
1.82232
1.82126
1.82111
1.82182
1.82325
1.82519
1.82745
1.82985
1.83225
1.83459
1.83683
1.83897
1.84099
1.84289
1.84464
1.84619
1.84748
1.84841
1.8489
1.84883
1.84809
1.84657
1.8442
1.84099
1.83707
1.83277
1.82857
1.82511
1.823
1.82267
1.82425
1.82751
1.83196
1.83697
1.84186
1.84609
1.84932
1.8514
1.85241
1.85263
1.85241
1.85214
1.85216
1.8527
1.85383
1.85552
1.85762
1.85992
1.86221
1.86428
1.86592
1.86702
1.86748
1.86728
1.86646
1.86513
1.86345
1.86166
1.86002
1.85882
1.85834
1.8588
1.86032
1.86291
1.86642
1.87062
1.87516
1.87967
1.88371
1.88689
1.88881
1.88914
1.88764
1.88426
1.87921
1.87305
1.8667
1.86122
1.85751
1.85597
1.85646
1.85854
1.86186
1.86626
1.87168
1.87791
1.88449
1.89084
1.8965
1.90119
1.90485
1.90749
1.90918
1.90997
1.90994
1.90921
1.90792
1.90621
1.90422
1.90204
1.89975
1.89739
1.89499
1.8926
1.89025
1.88798
1.88582
1.88381
1.88207
1.88073
1.87999
1.88004
1.88099
1.88283
1.88537
1.88828
1.89116
1.89358
1.89526
1.89602
1.89591
1.89511
1.89396
1.89286
1.89216
1.89214
1.89292
1.89442
1.89645
1.89869
1.90085
1.90265
1.90394
1.90466
1.90487
1.90471
1.90436
1.90403
1.90385
1.90391
1.90415
1.90445
1.90461
1.90446
1.90391
1.90297
1.90177
1.90051
1.89939
1.89857
1.89805
1.89779
1.89765
1.89752
1.89735
1.89712
1.89687
1.89658
1.89624
1.8957
1.8948
1.89332
1.89108
1.88804
1.8843
1.88024
1.87644
1.87358
1.87225
1.87278
1.87505
1.87859
1.8827
1.88663
1.88976
1.89167
1.89223
1.89151
1.88978
1.8874
1.88475
1.88208
1.87953
1.87708
1.87466
1.87217
1.86962
1.86713
1.8649
1.86314
1.86205
1.86171
1.86206
1.86295
1.86411
1.86528
1.86615
1.86649
1.8661
1.86481
1.86254
1.85927
1.85502
1.84989
1.84406
1.83778
1.83134
1.82509
1.81937
1.81449
1.81074
1.80833
1.80735
1.80784
1.80965
1.81249
1.81589
1.81918
1.82148
1.8217
1.81848
1.81026
1.79573
1.7749
1.75093
1.7309
1.72248
1.72758
1.74068
1.75436
1.76444
1.77049
1.77395
1.77651
1.77941
1.78319
1.78782
1.79295
1.79811
1.80285
1.80686
1.80995
1.81201
1.81305
1.81309
1.8122
1.81049
1.80807
1.8051
1.80177
1.79826
1.79474
1.79128
1.78785
1.78428
1.78028
1.77557
1.76998
1.76369
1.75734
1.75201
1.7489
1.74876
1.75153
1.75633
1.76194
1.76726
1.7716
1.77473
1.77667
1.77762
1.77781
1.77748
1.77681
1.77595
1.77499
1.77401
1.77303
1.77209
1.77119
1.77034
1.76953
1.76878
1.76809
1.76749
1.76699
1.76661
1.76635
1.76623
1.76622
1.76631
1.76647
1.76663
1.76675
1.76675
1.76659
1.76619
1.76549
1.76446
1.76305
1.76125
1.75904
1.75646
1.75355
1.75041
1.74718
1.74405
1.74127
1.73912
1.73786
1.73768
1.73867
1.74078
1.74383
1.74754
1.75161
1.75572
1.75965
1.76323
1.76638
1.76907
1.77132
1.77317
1.77469
1.7759
1.77685
1.77756
1.77802
1.77821
1.7781
1.77764
1.77678
1.77546
1.77365
1.77131
1.76844
1.76503
1.76113
1.75679
1.75208
1.7471
1.74195
1.73673
1.73155
1.72651
1.72174
1.71745
1.71401
1.712
1.71212
1.71488
1.72035
1.728
1.73691
1.74608
1.75472
1.76235
1.76881
1.77412
1.7784
1.78185
1.78463
1.78692
1.78885
1.79054
1.7921
1.79359
1.79507
1.7966
1.79821
1.79992
1.80175
1.80371
1.8058
1.80801
1.81034
1.81276
1.81524
1.81774
1.82022
1.82261
1.82484
1.82682
1.82844
1.82958
1.83011
1.82988
1.82874
1.82657
1.82327
1.81884
1.81338
1.80716
1.80064
1.79443
1.78927
1.78585
1.78465
1.78575
1.78877
1.79299
1.79756
1.80171
1.80496
1.80717
1.80856
1.80958
1.81078
1.81267
1.81549
1.8192
1.82347
1.8278
1.83173
1.83494
1.83732
1.83896
1.84002
1.84067
1.84103
1.84112
1.84092
1.84044
1.83971
1.83885
1.83807
1.83761
1.83776
1.83872
1.84054
1.84316
1.84636
1.84987
1.8534
1.85673
1.85968
1.86214
1.86404
1.86537
1.86612
1.86633
1.86605
1.86536
1.86432
1.86303
1.86157
1.86001
1.85843
1.85687
1.85535
1.85389
1.85246
1.85105
1.84961
1.84811
1.84651
1.84478
1.84289
1.84082
1.83855
1.8361
1.83345
1.83065
1.82773
1.82478
1.82188
1.81916
1.81677
1.81481
1.81339
1.81253
1.81221
1.81232
1.81271
1.81322
1.81367
1.81392
1.81387
1.81347
1.8127
1.8116
1.81024
1.80873
1.80721
1.80581
1.80465
1.80383
1.8034
1.80336
1.80366
1.80422
1.80493
1.80568
1.80636
1.80688
1.80716
1.80712
1.80672
1.80594
1.80476
1.80321
1.80133
1.79919
1.79689
1.79455
1.7923
1.79025
1.7885
1.78709
1.78604
1.78533
1.78494
1.78486
1.78509
1.78568
1.78667
1.78809
1.78993
1.79212
1.79453
1.79699
1.79933
1.80139
1.80303
1.80417
1.80477
1.8048
1.80429
1.80329
1.80188
1.80016
1.79825
1.79628
1.79438
1.79262
1.79105
1.78965
1.78838
1.78719
1.78601
1.78483
1.78366
1.78254
1.78152
1.78065
1.77997
1.77947
1.77912
1.77886
1.77863
1.7784
1.77815
1.77792
1.77776
1.77775
1.77793
1.77837
1.77907
1.78003
1.78122
1.78259
1.78409
1.78568
1.78729
1.78888
1.79041
1.79182
1.79308
1.79415
1.79503
1.79569
1.79612
1.79635
1.79636
1.79618
1.79584
1.79537
1.79481
1.79422
1.79365
1.79316
1.79279
1.79253
1.79236
1.79219
1.79187
1.79123
1.79005
1.78809
1.78515
1.78102
1.77561
1.76899
1.76159
1.75425
1.7483
1.74521
1.74607
1.75099
1.75902
1.76866
1.77844
1.78733
1.79484
1.80084
1.80544
1.80882
1.81119
1.81272
1.8136
1.81397
1.81394
1.8136
1.81301
1.81223
1.81127
1.81014
1.80883
1.80735
1.8057
1.80391
1.80203
1.8001
1.79819
1.79635
1.79466
1.79314
1.79183
1.79075
1.78992
1.78934
1.78902
1.78897
1.78918
1.78965
1.79035
