1.2
1.20001
1.20002
1.20003
1.20005
1.20007
1.20009
1.20012
1.20016
1.2002
1.20024
1.20028
1.20033
1.20039
1.20045
1.20051
1.20058
1.20066
1.20073
1.20082
1.20091
1.201
1.2011
1.20121
1.20132
1.20143
1.20155
1.20168
1.20182
1.20196
1.2021
1.20226
1.20242
1.20258
1.20276
1.20294
1.20313
1.20333
1.20353
1.20375
1.20397
1.2042
1.20445
1.2047
1.20496
1.20523
1.20552
1.20581
1.20612
1.20644
1.20677
1.20712
1.20748
1.20786
1.20825
1.20866
1.20909
1.20954
1.21
1.21049
1.211
1.21153
1.21208
1.21266
1.21327
1.2139
1.21457
1.21527
1.216
1.21677
1.21757
1.21842
1.21931
1.22024
1.22122
1.22225
1.22333
1.22447
1.22566
1.22691
1.22821
1.22956
1.23097
1.23241
1.23388
1.23537
1.23683
1.23824
1.23954
1.24066
1.24152
1.24201
1.24204
1.24153
1.24048
1.239
1.23742
1.23627
1.23616
1.23762
1.24086
1.24565
1.25143
1.25753
1.26339
1.2686
1.27294
1.27631
1.27863
1.27984
1.27988
1.27872
1.27641
1.27316
1.2694
1.26571
1.26274
1.261
1.26075
1.26203
1.26481
1.26904
1.27463
1.2813
1.28853
1.29568
1.30216
1.30755
1.31168
1.31465
1.31668
1.31809
1.31914
1.31992
1.3204
1.32045
1.31996
1.31891
1.31748
1.31595
1.31468
1.31392
1.31378
1.31417
1.31492
1.31584
1.31683
1.31791
1.31922
1.32096
1.32334
1.3265
1.3305
1.3353
1.34078
1.34675
1.35298
1.35922
1.36522
1.37075
1.37561
1.37967
1.38284
1.38507
1.38636
1.38676
1.38634
1.38516
1.3833
1.38077
1.37752
1.37345
1.36838
1.36221
1.35498
1.3469
1.33831
1.32968
1.32179
1.31608
1.31451
1.31852
1.32766
1.33965
1.35177
1.36222
1.37038
1.3764
1.38076
1.38395
1.38637
1.3883
1.3899
1.39127
1.39248
1.39357
1.39458
1.39556
1.3965
1.39737
1.39809
1.39854
1.39856
1.398
1.39675
1.39477
1.39216
1.38916
1.38614
1.38353
1.3817
1.38087
1.38106
1.38211
1.38381
1.38588
1.38806
1.39011
1.39187
1.39326
1.39428
1.39503
1.39564
1.39622
1.39683
1.39745
1.398
1.39833
1.39831
1.39777
1.39659
1.39471
1.39211
1.38888
1.38526
1.38156
1.37815
1.37533
1.37322
1.37176
1.37079
1.37019
1.36994
1.3701
1.3707
1.37163
1.37266
1.37347
1.37376
1.37333
1.37208
1.37002
1.36721
1.36376
1.35985
1.35592
1.35269
1.35116
1.35233
1.35667
1.36379
1.3726
1.38178
1.39029
1.39756
1.40342
1.40795
1.41136
1.41384
1.41559
1.41672
1.41733
1.41746
1.4171
1.41624
1.41482
1.41277
1.41002
1.40652
1.40221
1.39708
1.39119
1.38464
1.3776
1.37032
1.36313
1.35646
1.35082
1.3468
1.34494
1.34551
1.34842
1.35313
1.35884
1.36467
1.36988
1.37385
1.37617
1.3766
1.37514
1.37218
1.36862
1.36579
1.36502
1.36703
1.37151
1.37736
1.38334
1.38857
1.39263
1.3955
1.39735
1.39842
1.39893
1.39905
1.39892
1.3986
1.39813
1.39751
1.39668
1.39557
1.3941
1.39214
1.38957
1.38631
1.3823
1.37759
1.37237
1.36697
1.36187
1.35755
1.35441
1.35266
1.35232
1.3533
1.35543
1.35858
1.36254
1.36706
1.37186
1.37661
1.38105
1.38498
1.38829
1.39093
1.39293
1.39431
1.39513
1.39544
1.39529
1.3947
1.39373
1.39241
1.39077
1.38887
1.38671
1.38433
1.38168
1.37873
1.37543
1.37181
1.36812
1.36483
1.3626
1.36199
1.36317
1.36572
1.36883
1.37164
1.37361
1.37461
1.37492
1.37502
1.37537
1.37618
1.3774
1.3787
1.37973
1.38025
1.38023
1.37984
1.37939
1.37923
1.37968
1.38089
1.38286
1.38539
1.38819
1.3909
1.39322
1.39487
1.3957
1.39562
1.39465
1.39285
1.39038
1.38739
1.38411
1.38077
1.37764
1.37509
1.37352
1.37333
1.37479
1.37786
1.38226
1.38748
1.39297
1.39828
1.40307
1.4072
1.41061
1.41334
1.41545
1.41704
1.4182
1.41899
1.41948
1.41973
1.41976
1.4196
1.41923
1.41865
1.41784
1.4168
1.41553
1.41404
1.41238
1.41065
1.40894
1.40738
1.40607
1.40506
1.40434
1.40385
1.40345
1.403
1.40236
1.40143
1.40017
1.3986
1.3968
1.39486
1.39288
1.39097
1.38921
1.38768
1.38643
1.38554
1.38504
1.38495
1.38522
1.38579
1.38657
1.38751
1.3886
1.38987
1.39137
1.39311
1.39501
1.3969
1.39854
1.3997
1.4002
1.39995
1.39899
1.39745
1.3955
1.39336
1.39124
1.38935
1.38788
1.38701
1.38684
1.38745
1.38881
1.39083
1.39337
1.39625
1.3993
1.40231
1.40516
1.40774
1.40996
1.41181
1.41325
1.41429
1.41492
1.41513
1.41487
1.4141
1.41278
1.41087
1.40839
1.40544
1.40226
1.39925
1.39688
1.39562
1.39574
1.39722
1.39974
1.40283
1.40603
1.40898
1.41145
1.41334
1.41458
1.41514
1.41496
1.41393
1.41192
1.40875
1.40427
1.39846
1.39152
1.38402
1.37697
1.37162
1.36906
1.3698
1.37345
1.37885
1.38461
1.3896
1.39328
1.39571
1.39731
1.39856
1.39983
1.40126
1.40284
1.40451
1.40622
1.40791
1.40955
1.4111
1.41251
1.41375
1.41481
1.41567
1.4163
1.41668
1.41673
1.41638
1.41553
1.41412
1.41211
1.40952
1.40647
1.40324
1.40025
1.39802
1.39707
1.39768
1.39983
1.40315
1.40715
1.41135
1.41537
1.41903
1.42218
1.42478
1.42674
1.42802
1.42858
1.42841
1.42759
1.42626
1.42466
1.42305
1.42166
1.42065
1.42001
1.41969
1.41958
1.41972
1.42025
1.42139
1.42335
1.42617
1.42971
1.43364
1.43762
1.44133
1.44453
1.4471
1.449
1.45022
1.4508
1.45079
1.45029
1.44944
1.44841
1.44744
1.44674
1.44651
1.44684
1.44772
1.44903
1.45061
1.45224
1.45371
1.45478
1.45521
1.4548
1.45348
1.45135
1.44883
1.4466
1.44548
1.44613
1.44879
1.45313
1.45844
1.46389
1.46877
1.47261
1.47512
1.47616
1.47566
1.47349
1.46952
1.46368
1.45608
1.4472
1.43794
1.42953
1.42304
1.41904
1.41754
1.41837
1.4215
1.42699
1.43468
1.444
1.45401
1.46367
1.47212
1.47881
1.48354
1.48642
1.48781
1.48822
1.48824
1.48837
1.48892
1.48993
1.49122
1.49247
1.49335
1.49353
1.49279
1.49097
1.48794
1.48362
1.47797
1.471
1.46281
1.45365
1.44401
1.43467
1.4266
1.42071
1.41755
1.41721
1.41952
1.42422
1.43087
1.43862
1.44634
1.45295
1.45777
1.46052
1.46127
1.46031
1.45803
1.4549
1.45141
1.44809
1.44536
1.44352
1.44267
1.44267
1.44319
1.44374
1.44381
1.44301
1.44119
1.43859
1.43584
1.43383
1.43339
1.43489
1.43806
1.4422
1.44648
1.45028
1.45326
1.45532
1.45649
1.45689
1.45662
1.45578
1.45443
1.45266
1.45053
1.44815
1.44566
1.44321
1.44101
1.43922
1.43799
1.4374
1.43743
1.43802
1.43902
1.44026
1.44156
1.44276
1.44375
1.44448
1.44493
1.44512
1.44508
1.44482
1.44435
1.44367
1.44277
1.44166
1.4404
1.43904
1.4377
1.43645
1.43537
1.43446
1.43364
1.43281
1.43183
1.43056
1.42894
1.42691
1.42441
1.42136
1.41766
1.41327
1.40833
1.4033
1.39898
1.3964
1.39641
1.39931
1.40467
1.41151
1.4187
1.4253
1.43077
1.43486
1.43761
1.43914
1.43963
1.43925
1.43813
1.43635
1.43399
1.43108
1.42767
1.42383
1.41967
1.41535
1.41105
1.40694
1.40311
1.39958
1.39627
1.39311
1.39004
1.38717
1.38468
1.38284
1.38189
1.38192
1.38284
1.38437
1.38611
1.38773
1.38906
1.39017
1.39132
1.39283
1.39494
1.39764
1.40072
1.40384
1.40666
1.40895
1.41063
1.41176
1.41248
1.41298
1.41344
1.414
1.41477
1.41577
1.417
1.4184
1.41988
1.42136
1.42276
1.42402
1.42509
1.42591
1.42648
1.42676
1.42677
1.42652
1.42606
1.42545
1.42475
1.42402
1.42326
1.42242
1.4214
1.42009
1.41845
1.41656
1.41461
1.41279
1.41116
1.40953
1.40758
1.40512
1.40225
1.39939
1.3971
1.39567
1.39488
1.39416
1.39291
1.391
1.38897
1.38775
1.38814
1.39029
1.39381
1.39808
1.40267
1.40738
1.41212
1.41679
1.42123
1.42525
1.42867
1.43142
1.43347
1.4349
1.43581
1.43632
1.43654
1.43658
1.43651
1.43638
1.43624
1.43609
1.43593
1.43577
1.4356
1.4354
1.43516
1.43487
1.43452
1.43408
1.43355
1.43289
1.43209
1.43109
1.42985
1.42832
1.42642
1.42411
1.42133
1.41807
1.41438
1.41033
1.40604
1.40168
1.39749
1.39386
1.39137
1.39065
1.39216
1.39577
1.40079
1.4062
1.41107
1.4148
1.41717
1.41821
1.41816
1.41729
1.41596
1.41448
1.41317
1.41227
1.41194
1.41218
1.41291
1.41395
1.41508
1.41611
1.41685
1.4172
1.41706
1.4164
1.41522
1.41357
1.41151
1.40919
1.40681
1.4046
1.40283
1.40169
1.40129
1.40161
1.40252
1.40381
1.40526
1.40669
1.40797
1.40902
1.40982
1.41036
1.41068
1.41082
1.41081
1.41073
1.41061
1.4105
1.41045
1.41047
1.41056
1.41068
1.41079
1.41083
1.41074
1.41043
1.40982
1.40884
1.40735
1.40523
1.4023
1.39843
1.39363
1.38814
1.38268
1.37834
1.37636
1.37747
1.3815
1.38744
1.39403
1.40024
1.40552
1.40969
1.41283
1.41512
1.41673
1.41783
1.41855
1.41898
1.41918
1.4192
1.41908
1.41882
1.41845
1.41795
1.41733
1.41659
1.41572
1.41471
1.41358
1.41232
1.41094
1.40948
1.40796
1.40645
1.40501
1.40375
1.40277
1.40221
1.40215
1.40266
1.40373
1.40532
1.40727
1.40944
1.41164
1.4137
1.41547
1.41684
1.20073
1.20107
1.20097
1.20047
1.19962
1.19857
1.19748
1.19658
1.19611
1.19628
1.19723
1.19902
1.20158
1.20474
1.20828
1.21196
1.21555
1.21884
1.22167
1.2239
1.2254
1.22609
1.22591
1.22488
1.22304
1.22056
1.21763
1.21449
1.21138
1.20849
1.20598
1.20399
1.20275
1.20255
1.20372
1.20646
1.21061
1.21568
1.22095
1.22574
1.22952
1.23204
1.23324
1.23323
1.23217
1.23029
1.2278
1.2249
1.22172
1.21836
1.21487
1.21129
1.20771
1.20425
1.20109
1.19848
1.1966
1.19559
1.19542
1.19592
1.19674
1.19744
1.19747
1.19624
1.19321
1.18801
1.18078
1.1727
1.16609
1.16369
1.16687
1.17458
1.18417
1.19313
1.2001
1.2048
1.20752
1.20871
1.2088
1.2081
1.20688
1.20531
1.20358
1.20187
1.20038
1.19928
1.1987
1.19866
1.19906
1.19973
1.20043
1.20096
1.20111
1.20077
1.19986
1.19838
1.19636
1.19389
1.19109
1.18813
1.1852
1.18254
1.18037
1.17893
1.17837
1.17878
1.18007
1.18205
1.18446
1.18701
1.18948
1.1917
1.19359
1.19515
1.19641
1.19741
1.19821
1.19887
1.19943
1.19993
1.2004
1.20083
1.20123
1.20157
1.20182
1.20193
1.20183
1.20146
1.20074
1.1996
1.19801
1.19598
1.19357
1.19089
1.18809
1.18526
1.18237
1.17923
1.17555
1.17105
1.16558
1.15931
1.15262
1.14604
1.14
1.1348
1.13078
1.12844
1.12847
1.13136
1.13698
1.14457
1.15306
1.16147
1.16918
1.17591
1.18161
1.18639
1.19035
1.19362
1.1963
1.19847
1.20019
1.20151
1.20249
1.20314
1.20352
1.20364
1.20352
1.2032
1.20267
1.20195
1.20104
1.19993
1.19859
1.197
1.19512
1.19288
1.19019
1.18696
1.18304
1.1783
1.17259
1.16581
1.15803
1.14961
1.14137
1.13462
1.13077
1.13077
1.13449
1.14086
1.14842
1.15591
1.16259
1.16816
1.17259
1.176
1.17853
1.18034
1.18156
1.18231
1.18271
1.18285
1.18283
1.18272
1.18261
1.18255
1.18258
1.18272
1.18297
1.18332
1.18374
1.18419
1.18463
1.18504
1.18537
1.1856
1.18572
1.18572
1.1856
1.18535
1.18497
1.18447
1.18385
1.18309
1.18218
1.18112
1.17989
1.17849
1.17695
1.1753
1.17363
1.17204
1.17067
1.16964
1.16902
1.16886
1.16909
1.16961
1.17026
1.17092
1.17146
1.17183
1.17206
1.17223
1.17249
1.17299
1.17386
1.17519
1.17696
1.17908
1.18139
1.18373
1.18595
1.18791
1.18953
1.19077
1.19162
1.19209
1.1922
1.192
1.19153
1.1908
1.18986
1.18872
1.18738
1.18584
1.18408
1.18208
1.17986
1.17744
1.17491
1.17244
1.17025
1.16868
1.16806
1.16865
1.17048
1.17335
1.17682
1.18037
1.18358
1.1862
1.18822
1.18978
1.19109
1.19238
1.19376
1.19526
1.19675
1.19806
1.1989
1.19898
1.19798
1.1957
1.19212
1.18751
1.18247
1.17791
1.17483
1.17405
1.17596
1.18031
1.18634
1.19305
1.19956
1.20526
1.20988
1.21339
1.21585
1.21739
1.21809
1.21801
1.21714
1.21544
1.21286
1.20938
1.20502
1.19999
1.19465
1.18955
1.18533
1.18257
1.18161
1.18238
1.18444
1.18711
1.18969
1.19173
1.19306
1.19379
1.19425
1.19476
1.19562
1.19693
1.19867
1.2007
1.20282
1.20487
1.20672
1.20832
1.20966
1.2108
1.21176
1.21261
1.21336
1.21404
1.21462
1.21506
1.21534
1.21539
1.21515
1.2146
1.21369
1.21242
1.21081
1.20893
1.20689
1.20486
1.20304
1.20165
1.20089
1.20087
1.20163
1.20311
1.20516
1.20759
1.21021
1.21284
1.21534
1.21763
1.21966
1.22138
1.2228
1.2239
1.2247
1.22518
1.22535
1.22522
1.22478
1.22405
1.22304
1.22176
1.22021
1.21836
1.21618
1.21364
1.2108
1.20783
1.20507
1.20297
1.20194
1.20215
1.20344
1.20542
1.20763
1.20972
1.21151
1.21299
1.21426
1.21542
1.21659
1.21782
1.21912
1.22045
1.2218
1.22315
1.22449
1.22586
1.22726
1.22869
1.23011
1.23147
1.2327
1.23375
1.23458
1.23518
1.23558
1.23582
1.23597
1.23609
1.23627
1.23654
1.23696
1.23754
1.23829
1.2392
1.24023
1.24137
1.24256
1.24379
1.24503
1.24624
1.24742
1.24856
1.24963
1.25063
1.25156
1.25239
1.2531
1.25368
1.25408
1.25427
1.25422
1.2539
1.25329
1.25242
1.25136
1.25023
1.2492
1.24849
1.24826
1.24862
1.24959
1.25103
1.25276
1.25454
1.25617
1.2575
1.25845
1.259
1.25922
1.25918
1.25899
1.25878
1.25863
1.25864
1.25882
1.2592
1.25974
1.26038
1.26105
1.26166
1.26216
1.26249
1.26266
1.2627
1.26268
1.26272
1.26293
1.26338
1.26411
1.2651
1.26628
1.26752
1.2687
1.2697
1.27042
1.27076
1.27068
1.27012
1.26907
1.26751
1.26545
1.26292
1.25996
1.25666
1.25315
1.24958
1.24615
1.24308
1.24058
1.23883
1.23793
1.23792
1.2387
1.24012
1.24195
1.24396
1.24592
1.24763
1.24896
1.24985
1.2503
1.25037
1.25016
1.24983
1.24951
1.2493
1.24926
1.24938
1.24959
1.2498
1.2499
1.24978
1.24937
1.24859
1.24741
1.24581
1.24378
1.24132
1.23843
1.23516
1.23155
1.2277
1.22371
1.21973
1.21594
1.21251
1.20961
1.20737
1.20587
1.20511
1.20505
1.20559
1.20658
1.2079
1.20941
1.21099
1.21257
1.21409
1.21549
1.21677
1.21789
1.21884
1.2196
1.22015
1.22047
1.22053
1.22032
1.21982
1.21906
1.21804
1.21685
1.21558
1.21435
1.21331
1.21258
1.21227
1.21242
1.213
1.21391
1.21503
1.21623
1.21736
1.21833
1.21905
1.21947
1.21956
1.21929
1.21866
1.21768
1.21637
1.21476
1.21292
1.21091
1.20881
1.20672
1.20474
1.20297
1.20153
1.20049
1.1999
1.19977
1.20003
1.2006
1.20135
1.20216
1.20293
1.20358
1.20407
1.20439
1.20455
1.20457
1.20447
1.2043
1.20408
1.20384
1.20359
1.20334
1.20303
1.20257
1.20178
1.20039
1.1981
1.19454
1.18946
1.18288
1.1754
1.16843
1.164
1.16389
1.16847
1.17638
1.18541
1.19371
1.20028
1.2049
1.2078
1.20936
1.20997
1.20999
1.20968
1.20926
1.20888
1.2086
1.20848
1.20851
1.20864
1.20882
1.209
1.20913
1.20916
1.2091
1.20894
1.20871
1.20843
1.20813
1.20784
1.20755
1.20729
1.20704
1.20682
1.20664
1.20655
1.20661
1.20689
1.20748
1.20843
1.20979
1.21154
1.21366
1.21605
1.21861
1.22122
1.22375
1.22607
1.22804
1.22957
1.23054
1.23087
1.23049
1.22938
1.22753
1.22502
1.22197
1.21854
1.21498
1.21159
1.20871
1.20669
1.20577
1.20599
1.20716
1.20889
1.21067
1.21207
1.21272
1.21247
1.21129
1.20936
1.20697
1.20453
1.20245
1.20111
1.20077
1.20156
1.20346
1.20627
1.20967
1.21328
1.21666
1.21948
1.22149
1.22258
1.22282
1.22237
1.22151
1.22053
1.21968
1.21912
1.21891
1.21901
1.21933
1.21981
1.22042
1.22114
1.22198
1.22294
1.22398
1.22501
1.22594
1.22666
1.22706
1.22703
1.22649
1.22536
1.22359
1.22114
1.21805
1.2144
1.21036
1.20617
1.20218
1.19876
1.1963
1.19506
1.1952
1.19665
1.19917
1.2024
1.20594
1.20942
1.21256
1.2152
1.21731
1.21891
1.22011
1.22101
1.22172
1.22229
1.22274
1.22305
1.22315
1.22295
1.22239
1.2214
1.21994
1.21801
1.21564
1.21293
1.20999
1.20698
1.20408
1.20145
1.19924
1.19751
1.19629
1.19553
1.19515
1.19506
1.19514
1.19531
1.19551
1.19568
1.19584
1.19605
1.19637
1.19691
1.19773
1.19883
1.20017
1.20161
1.20302
1.20426
1.20522
1.20584
1.20612
1.20607
1.20575
1.2052
1.2045
1.20374
1.20302
1.20249
1.20228
1.20255
1.20342
1.20492
1.20702
1.20959
1.21243
1.21533
1.2181
1.22058
1.22268
1.22433
1.22553
1.22628
1.22661
1.22654
1.22611
1.22535
1.22429
1.22295
1.22134
1.21949
1.2174
1.2151
1.21261
1.20999
1.20731
1.20468
1.2022
1.19998
1.19811
1.1966
1.19545
1.19458
1.19387
1.19319
1.19242
1.19149
1.19039
1.1892
1.18809
1.18731
1.18715
1.18789
1.18974
1.19273
1.19672
1.20141
1.20639
1.21124
1.21556
1.21902
1.22132
1.22219
1.22131
1.21839
1.21318
1.20571
1.19668
1.18778
1.18145
1.17977
1.18301
1.18945
1.19658
1.2025
1.20634
1.20806
1.20795
1.20637
1.2036
1.19985
1.19544
1.19092
1.18717
1.18513
1.18536
1.18766
1.19107
1.19435
1.19646
1.19685
1.19541
1.19248
1.18867
1.1848
1.18174
1.18023
1.18064
1.1829
1.18649
1.19062
1.19446
1.19728
1.19856
1.19797
1.19539
1.19096
1.18522
1.1792
1.17435
1.1721
1.17322
1.17735
1.18328
1.1896
1.19526
1.19976
1.20303
1.20521
1.20655
1.20728
1.2076
1.20766
1.20755
1.20732
1.207
1.20657
1.20602
1.20532
1.20442
1.2033
1.20195
1.20036
1.19858
1.19667
1.19475
1.19296
1.19149
1.19048
1.19004
1.19023
1.19101
1.19225
1.1938
1.19546
1.19708
1.19853
1.19975
1.20071
1.20143
1.20192
1.20224
1.20243
1.20256
1.20269
1.20291
1.2033
1.20391
1.20475
1.20578
1.20695
1.20814
1.20926
1.21023
1.21099
1.21151
1.21178
1.21178
1.21154
1.21106
1.21036
1.20952
1.20861
1.20781
1.2073
1.20731
1.20801
1.20948
1.21166
1.21434
1.21724
1.22008
1.22261
1.22467
1.22616
1.22709
1.22747
1.2274
1.22694
1.22621
1.22531
1.22433
1.22334
1.22243
1.22164
1.221
1.22051
1.22017
1.21994
1.2198
1.21971
1.21965
1.21961
1.21958
1.21957
1.21961
1.21974
1.21999
1.22041
1.22105
1.22193
1.22307
1.22445
1.2015
1.20321
1.20501
1.2068
1.20851
1.21008
1.21144
1.21254
1.21335
1.21385
1.21406
1.21402
1.21377
1.21342
1.21303
1.2127
1.21244
1.21228
1.21215
1.21198
1.21168
1.21117
1.21039
1.20935
1.2081
1.20674
1.20543
1.20434
1.20366
1.20351
1.20396
1.20501
1.20655
1.20843
1.21047
1.21248
1.21431
1.21583
1.21695
1.21763
1.21784
1.21761
1.21698
1.21603
1.21488
1.21366
1.21253
1.21165
1.21118
1.21119
1.21169
1.21258
1.21367
1.21473
1.21552
1.21584
1.21555
1.21458
1.21292
1.21063
1.20783
1.20471
1.20155
1.19868
1.19648
1.19519
1.19489
1.19544
1.19651
1.19772
1.19872
1.19931
1.1994
1.19905
1.19838
1.1976
1.19695
1.19665
1.19686
1.19764
1.19899
1.20079
1.20294
1.20531
1.20782
1.21035
1.21279
1.21504
1.21698
1.21851
1.21957
1.2201
1.22009
1.21953
1.21843
1.21679
1.21466
1.21206
1.20908
1.20582
1.20243
1.19908
1.19595
1.19317
1.19084
1.18893
1.1874
1.18616
1.18515
1.18439
1.18399
1.18411
1.18491
1.18648
1.18882
1.19178
1.19516
1.19872
1.20225
1.20557
1.20858
1.21122
1.21348
1.21537
1.21694
1.21823
1.21928
1.22015
1.22087
1.2215
1.22206
1.22259
1.22313
1.22369
1.2243
1.22495
1.22565
1.22633
1.22692
1.22725
1.22706
1.22593
1.22324
1.21815
1.2097
1.19731
1.18186
1.16684
1.1579
1.15893
1.16852
1.1815
1.19348
1.20276
1.20955
1.21469
1.21892
1.22268
1.22612
1.22921
1.23188
1.23402
1.23558
1.23653
1.23688
1.23669
1.23603
1.23499
1.23366
1.23212
1.23046
1.22872
1.22692
1.22504
1.22302
1.2208
1.21829
1.21544
1.21226
1.20879
1.2052
1.20175
1.19882
1.19682
1.19616
1.19706
1.19956
1.20344
1.20834
1.21382
1.21947
1.22498
1.23012
1.23474
1.23877
1.24216
1.24492
1.24705
1.2486
1.24959
1.25004
1.25001
1.24952
1.24861
1.24734
1.24579
1.24405
1.24225
1.24052
1.239
1.23777
1.23685
1.23617
1.23559
1.23495
1.23405
1.23274
1.23089
1.22846
1.22548
1.22204
1.21831
1.21452
1.21092
1.20777
1.2053
1.20364
1.20288
1.20299
1.20391
1.20554
1.20774
1.21039
1.21331
1.21635
1.21934
1.22214
1.2246
1.22663
1.22814
1.22903
1.22925
1.22874
1.22749
1.22554
1.223
1.22007
1.21701
1.21414
1.21179
1.21027
1.20983
1.2106
1.2126
1.21569
1.21963
1.2241
1.22877
1.23334
1.23757
1.24129
1.24441
1.24691
1.2488
1.25011
1.25085
1.25102
1.25057
1.24941
1.24742
1.24452
1.24064
1.23584
1.2303
1.22436
1.21853
1.21337
1.20942
1.20705
1.20636
1.20727
1.20948
1.21261
1.21625
1.22
1.22352
1.22657
1.22901
1.23087
1.23223
1.23329
1.23426
1.23531
1.23654
1.23796
1.23947
1.24091
1.24207
1.24276
1.24275
1.24187
1.23996
1.2369
1.23268
1.22749
1.22172
1.21605
1.21126
1.208
1.2065
1.2065
1.2074
1.20858
1.20956
1.21014
1.21034
1.21034
1.21042
1.21084
1.21181
1.21344
1.2157
1.21848
1.22164
1.22498
1.22838
1.2317
1.23487
1.23779
1.24037
1.24254
1.24419
1.24522
1.24553
1.24502
1.2436
1.24123
1.23796
1.234
1.22981
1.22611
1.22372
1.22324
1.22482
1.22804
1.23211
1.23627
1.23998
1.24298
1.24525
1.24694
1.24824
1.24936
1.2505
1.2518
1.25336
1.25525
1.25747
1.26
1.26276
1.2657
1.26872
1.27175
1.2747
1.27748
1.28
1.28213
1.28377
1.2848
1.28515
1.28486
1.28403
1.28288
1.28166
1.28051
1.27944
1.27821
1.27651
1.27403
1.27064
1.26641
1.26165
1.25683
1.25253
1.24936
1.24782
1.2482
1.25051
1.25442
1.25929
1.26433
1.2687
1.27169
1.27278
1.27169
1.26841
1.26319
1.2566
1.24946
1.24285
1.23784
1.23526
1.23543
1.23815
1.24277
1.24855
1.25483
1.26114
1.26722
1.27287
1.27791
1.28215
1.2854
1.28756
1.28863
1.28872
1.28799
1.28667
1.28498
1.28311
1.28122
1.27943
1.2778
1.27638
1.27518
1.27422
1.27349
1.27298
1.27266
1.27248
1.2724
1.27234
1.27224
1.27203
1.27166
1.27111
1.27036
1.26943
1.26834
1.26716
1.26596
1.26484
1.26386
1.26311
1.26264
1.26247
1.26257
1.26292
1.26346
1.26411
1.2648
1.26548
1.26609
1.26658
1.26692
1.26707
1.267
1.26668
1.26607
1.26514
1.26383
1.26207
1.25979
1.25686
1.25314
1.24846
1.24268
1.23575
1.22794
1.22
1.21328
1.20939
1.20949
1.21356
1.22042
1.22838
1.23603
1.24258
1.24777
1.25164
1.25441
1.25629
1.2575
1.2582
1.25852
1.25854
1.25831
1.25785
1.25714
1.25619
1.25499
1.25357
1.25199
1.25031
1.24864
1.24705
1.2456
1.24432
1.2432
1.24221
1.24126
1.24032
1.2393
1.23818
1.23692
1.23556
1.23411
1.23267
1.23131
1.23016
1.22935
1.22898
1.22917
1.22996
1.23132
1.23315
1.23526
1.23742
1.2394
1.241
1.24204
1.24238
1.24191
1.24054
1.23823
1.23494
1.23073
1.22573
1.22023
1.21458
1.20922
1.20457
1.20094
1.19849
1.19723
1.19704
1.19774
1.19916
1.20111
1.20345
1.20603
1.20871
1.21129
1.21358
1.21542
1.21667
1.21727
1.2172
1.21651
1.21527
1.21359
1.21161
1.20948
1.20737
1.20544
1.20385
1.20272
1.20212
1.20207
1.20254
1.20346
1.20473
1.20623
1.20786
1.20953
1.21114
1.21263
1.21393
1.21497
1.21567
1.21592
1.21559
1.21451
1.21249
1.20932
1.20486
1.19908
1.19228
1.1851
1.17856
1.17377
1.17157
1.17218
1.17525
1.18007
1.18584
1.19186
1.19763
1.20286
1.20746
1.21146
1.21493
1.21794
1.2205
1.22256
1.22404
1.22482
1.22474
1.22369
1.22156
1.21832
1.21403
1.20888
1.20322
1.19748
1.19209
1.18743
1.18376
1.18125
1.17998
1.17994
1.18105
1.1831
1.18578
1.18876
1.19174
1.19462
1.19749
1.20065
1.20437
1.20873
1.21359
1.21864
1.2235
1.22787
1.23155
1.23448
1.23664
1.23809
1.23891
1.2392
1.23908
1.23867
1.23808
1.23742
1.23676
1.23613
1.23553
1.23489
1.23415
1.23321
1.23201
1.23053
1.22881
1.22698
1.22522
1.2237
1.22258
1.2219
1.22163
1.22165
1.22189
1.22229
1.22293
1.22394
1.22547
1.2276
1.23027
1.23329
1.23637
1.23922
1.24167
1.24363
1.24514
1.24629
1.24721
1.248
1.2487
1.2493
1.24975
1.24995
1.24983
1.24933
1.24841
1.24706
1.24534
1.2433
1.24106
1.23874
1.23648
1.23442
1.2327
1.2314
1.23057
1.23021
1.23028
1.2307
1.2314
1.23229
1.2333
1.23435
1.23539
1.23636
1.23719
1.23785
1.23828
1.23844
1.23831
1.23787
1.23717
1.23624
1.23516
1.23396
1.23264
1.23113
1.22926
1.22688
1.22389
1.22038
1.21674
1.21362
1.2118
1.21185
1.21392
1.21768
1.22251
1.22771
1.23274
1.23722
1.24091
1.2437
1.24555
1.24648
1.24656
1.24591
1.24471
1.24316
1.2415
1.23998
1.2388
1.23811
1.23796
1.23832
1.2391
1.24012
1.24121
1.24218
1.24288
1.2432
1.24309
1.24256
1.24168
1.24057
1.23938
1.23824
1.23719
1.2362
1.23508
1.23357
1.23134
1.22805
1.22348
1.2176
1.2108
1.20399
1.1986
1.19609
1.1972
1.20143
1.20735
1.21339
1.21841
1.22187
1.22365
1.22388
1.22286
1.22105
1.21901
1.21739
1.21678
1.21751
1.21958
1.22263
1.22617
1.22969
1.2328
1.23529
1.2371
1.23823
1.23877
1.23881
1.23844
1.23777
1.23687
1.23582
1.23467
1.23348
1.23229
1.23114
1.23006
1.22905
1.22814
1.2273
1.22654
1.22581
1.2251
1.22437
1.22359
1.22275
1.22185
1.22089
1.21991
1.21897
1.21814
1.21747
1.217
1.21675
1.21671
1.21682
1.21706
1.2174
1.21784
1.21841
1.21915
1.2201
1.22127
1.22262
1.2241
1.22562
1.22711
1.22849
1.22975
1.23085
1.23182
1.23267
1.23344
1.23415
1.23485
1.23553
1.23621
1.23688
1.23752
1.23811
1.23862
1.23903
1.23931
1.23948
1.23954
1.23955
1.23955
1.23961
1.23981
1.24018
1.24075
1.24148
1.24228
1.24303
1.24355
1.24365
1.24315
1.24194
1.23998
1.23734
1.23422
1.23092
1.22776
1.22499
1.22276
1.22111
1.22001
1.21949
1.21963
1.22051
1.22222
1.22471
1.22784
1.23139
1.23508
1.23864
1.24186
1.2446
1.24678
1.24839
1.24946
1.25006
1.25028
1.2502
1.24991
1.24948
1.24897
1.24843
1.24788
1.24733
1.24677
1.24617
1.24549
1.24468
1.24369
1.24246
1.24099
1.23929
1.23744
1.23557
1.23392
1.2327
1.23213
1.23232
1.23323
1.23468
1.23643
1.23824
1.23987
1.24122
1.24221
1.24283
1.24309
1.24303
1.24264
1.24193
1.24088
1.23952
1.23785
1.23599
1.23411
1.23252
1.2316
1.23171
1.23311
1.23576
1.23937
1.24347
1.24754
1.25119
1.25414
1.25628
1.2576
1.25816
1.25804
1.25734
1.25618
1.25467
1.25295
1.25117
1.24947
1.24798
1.24679
1.24595
1.24544
1.24515
1.24495
1.24465
1.24405
1.24298
1.24133
1.23909
1.23647
1.23389
1.23196
1.23132
1.23234
1.23497
1.23871
1.24282
1.24661
1.24955
1.25135
1.25191
1.25119
1.24924
1.24611
1.2419
1.23677
1.23108
1.22543
1.22075
1.21805
1.21808
1.22092
1.22593
1.23204
1.23819
1.24364
1.24803
1.2513
1.25352
1.25486
1.25549
1.25556
1.2552
1.25448
1.25344
1.25206
1.25028
1.24797
1.24501
1.24124
1.23652
1.23081
1.2242
1.21704
1.20993
1.20373
1.19928
1.19717
1.1974
1.1995
1.20266
1.2061
1.20926
1.21187
1.20187
1.2034
1.20467
1.20581
1.20694
1.20807
1.2092
1.21027
1.21124
1.21209
1.21279
1.21334
1.21376
1.21407
1.21428
1.21439
1.2144
1.2143
1.21407
1.21365
1.21299
1.21203
1.2107
1.20893
1.2067
1.20403
1.20102
1.1979
1.19498
1.19263
1.19117
1.19079
1.19143
1.19284
1.19464
1.19643
1.19786
1.19868
1.19877
1.19812
1.19679
1.19493
1.19268
1.19017
1.18748
1.18459
1.18141
1.17783
1.17372
1.1691
1.16411
1.1592
1.15502
1.1524
1.15205
1.15438
1.15938
1.16665
1.17557
1.18539
1.19534
1.20469
1.21286
1.21944
1.22422
1.22709
1.22802
1.22706
1.22429
1.21992
1.21435
1.20816
1.20213
1.19707
1.1936
1.19198
1.19211
1.19366
1.19621
1.19943
1.20304
1.20684
1.21062
1.21421
1.21743
1.22017
1.22239
1.2241
1.22539
1.22636
1.22711
1.22772
1.22822
1.22861
1.22884
1.22888
1.2287
1.22828
1.22765
1.22684
1.22592
1.22494
1.22395
1.22301
1.22211
1.22125
1.22038
1.21941
1.21824
1.21675
1.21483
1.21236
1.2093
1.20567
1.20157
1.19718
1.19274
1.18853
1.18478
1.18172
1.17959
1.17869
1.1793
1.18161
1.18562
1.19102
1.1973
1.20385
1.21014
1.21576
1.22046
1.22414
1.22679
1.22846
1.22923
1.22916
1.22834
1.22684
1.22471
1.22202
1.21886
1.21537
1.2117
1.20806
1.20466
1.20169
1.19927
1.19748
1.19627
1.1956
1.19536
1.19549
1.19594
1.19667
1.19764
1.19881
1.2001
1.20141
1.20264
1.20368
1.20445
1.2049
1.205
1.20477
1.20425
1.20349
1.20255
1.20151
1.20043
1.19937
1.19841
1.19757
1.19691
1.19645
1.19623
1.19624
1.19651
1.19702
1.19777
1.19873
1.19988
1.20117
1.20256
1.20402
1.20549
1.20694
1.20834
1.20964
1.21083
1.21188
1.21276
1.21345
1.21394
1.2142
1.21423
1.21403
1.2136
1.21294
1.21209
1.21105
1.20986
1.20854
1.20713
1.20565
1.20412
1.20257
1.20102
1.19952
1.19813
1.19693
1.19602
1.19549
1.19541
1.19583
1.19675
1.19809
1.19977
1.20165
1.20359
1.20546
1.20714
1.20854
1.2096
1.21027
1.21054
1.21042
1.20992
1.20909
1.20799
1.20669
1.20529
1.2039
1.20261
1.20152
1.2007
1.20021
1.20007
1.2003
1.20088
1.20179
1.203
1.20446
1.20613
1.20795
1.20986
1.21179
1.21368
1.21548
1.21714
1.21862
1.21988
1.2209
1.22165
1.2221
1.22222
1.22197
1.22132
1.22023
1.21866
1.21657
1.21393
1.21076
1.20707
1.20297
1.1986
1.19416
1.18993
1.18622
1.18332
1.18148
1.18085
1.18147
1.18326
1.18603
1.18954
1.19351
1.19769
1.20185
1.20584
1.20955
1.21293
1.21595
1.21864
1.22101
1.22311
1.22498
1.22665
1.22815
1.2295
1.2307
1.23173
1.23257
1.23317
1.23343
1.23328
1.23258
1.2312
1.22901
1.22588
1.22179
1.21687
1.21144
1.20603
1.20129
1.19779
1.19588
1.19563
1.19693
1.19954
1.20312
1.20717
1.21107
1.21419
1.21612
1.21672
1.21615
1.21483
1.21328
1.21199
1.21132
1.2114
1.21216
1.21341
1.21489
1.21641
1.21789
1.21927
1.22053
1.22163
1.22249
1.22308
1.22337
1.22339
1.22325
1.2232
1.22364
1.225
1.22757
1.2313
1.23577
1.24033
1.24436
1.24741
1.2492
1.24963
1.24867
1.2464
1.24294
1.23853
1.23355
1.22846
1.22382
1.2201
1.21758
1.21629
1.21612
1.21687
1.21841
1.22063
1.22343
1.22666
1.23014
1.23367
1.23707
1.24023
1.24307
1.24554
1.2476
1.24924
1.2504
1.25105
1.25117
1.25075
1.24986
1.24858
1.24706
1.24545
1.24391
1.24255
1.24142
1.24051
1.23973
1.23896
1.23803
1.2368
1.23514
1.233
1.23042
1.22753
1.22457
1.22184
1.2197
1.21845
1.21833
1.21943
1.22168
1.22485
1.22859
1.23252
1.23626
1.2395
1.24203
1.24376
1.24467
1.24484
1.24438
1.24348
1.24231
1.2411
1.24001
1.2392
1.23875
1.23871
1.23903
1.23962
1.24038
1.24118
1.24191
1.24248
1.24278
1.2427
1.2421
1.24083
1.23872
1.23561
1.23144
1.22626
1.22028
1.21392
1.20776
1.20247
1.19865
1.19672
1.19678
1.19859
1.20171
1.20556
1.20962
1.21349
1.21693
1.21985
1.22224
1.22419
1.22579
1.22715
1.22836
1.2295
1.23061
1.2317
1.23279
1.23384
1.2348
1.23563
1.23627
1.23665
1.23673
1.23647
1.23584
1.23483
1.23344
1.23168
1.22956
1.22703
1.224
1.22032
1.21578
1.2103
1.20413
1.19806
1.19339
1.19143
1.19269
1.19655
1.20163
1.2066
1.21069
1.21375
1.21598
1.21774
1.2193
1.22081
1.22232
1.22377
1.22509
1.2262
1.22705
1.22756
1.22769
1.22738
1.22659
1.22525
1.22335
1.22086
1.2178
1.21424
1.21028
1.2061
1.20198
1.19827
1.19532
1.19347
1.19287
1.19354
1.19533
1.198
1.20131
1.20502
1.20891
1.2128
1.21652
1.21994
1.22296
1.22554
1.22765
1.2293
1.23052
1.23133
1.23179
1.23191
1.23173
1.23124
1.23044
1.22931
1.2278
1.22584
1.22335
1.22024
1.21642
1.21182
1.20646
1.20044
1.19404
1.18771
1.18199
1.17745
1.17446
1.17308
1.17309
1.17407
1.17568
1.17772
1.18021
1.18323
1.18684
1.19094
1.19531
1.19963
1.20362
1.20708
1.20992
1.21214
1.21379
1.21495
1.21571
1.21613
1.21625
1.2161
1.21565
1.21485
1.21364
1.21195
1.20976
1.20709
1.20412
1.20108
1.19833
1.19618
1.19479
1.19416
1.19405
1.19416
1.19418
1.19391
1.19326
1.19225
1.19101
1.18968
1.18849
1.18764
1.18736
1.18778
1.18896
1.19085
1.19328
1.19603
1.1989
1.20171
1.20432
1.20667
1.20873
1.21052
1.21206
1.21338
1.21452
1.21553
1.21642
1.21724
1.218
1.21872
1.21942
1.22011
1.22077
1.22141
1.22201
1.22256
1.22305
1.22345
1.22374
1.22393
1.22398
1.22389
1.22362
1.22317
1.2225
1.22159
1.22041
1.21895
1.21717
1.21505
1.21256
1.20963
1.20621
1.20229
1.19793
1.19329
1.18867
1.18446
1.18114
1.17919
1.17909
1.18122
1.18563
1.19195
1.19936
1.2068
1.21331
1.21821
1.22115
1.2221
1.22124
1.21889
1.21556
1.21188
1.20861
1.20649
1.20612
1.20775
1.21122
1.21601
1.22144
1.22683
1.23167
1.23566
1.23869
1.24081
1.24214
1.24285
1.24312
1.24311
1.24294
1.24266
1.24229
1.24178
1.24105
1.24
1.23854
1.23663
1.23426
1.23149
1.22847
1.22539
1.22244
1.21981
1.21763
1.21593
1.21471
1.21391
1.21346
1.21331
1.21339
1.21367
1.21412
1.21472
1.21548
1.21638
1.21742
1.21859
1.21986
1.22119
1.22254
1.22389
1.22521
1.22647
1.22767
1.2288
1.22986
1.23083
1.23168
1.23238
1.23289
1.23316
1.23314
1.23278
1.232
1.23076
1.22899
1.22663
1.22362
1.21996
1.21565
1.21077
1.20548
1.19998
1.19452
1.18937
1.18478
1.18097
1.17816
1.17653
1.17625
1.1774
1.17992
1.18355
1.18792
1.19257
1.19712
1.20126
1.20483
1.20776
1.21008
1.21184
1.21315
1.2141
1.21478
1.21527
1.21563
1.21589
1.21609
1.21621
1.21622
1.21608
1.21572
1.21504
1.21394
1.21231
1.21006
1.20719
1.20379
1.20015
1.19672
1.19409
1.19277
1.193
1.19465
1.1973
1.20039
1.20345
1.20617
1.20843
1.21023
1.21164
1.21276
1.21367
1.21444
1.21513
1.21574
1.21629
1.21675
1.21713
1.21739
1.21754
1.21754
1.2174
1.21709
1.21661
1.21592
1.21502
1.2139
1.21262
1.21127
1.21
1.20903
1.20858
1.20887
1.21005
1.21215
1.21511
1.21872
1.22273
1.22687
1.23091
1.23466
1.23799
1.24083
1.24317
1.24497
1.24626
1.24701
1.24724
1.24693
1.24606
1.24465
1.2427
1.24028
1.23746
1.23439
1.23125
1.22822
1.2255
1.22322
1.2215
1.22035
1.21973
1.21955
1.21969
1.21997
1.22025
1.22039
1.22035
1.22018
1.22
1.21993
1.22008
1.22049
1.22113
1.22194
1.2228
1.2236
1.22426
1.22468
1.22479
1.22456
1.22395
1.22299
1.22175
1.22035
1.21898
1.21785
1.21716
1.21701
1.2174
1.21824
1.21936
1.22061
1.22191
1.22323
1.22459
1.22601
1.22749
1.229
1.23045
1.23176
1.23284
1.23364
1.23409
1.2342
1.23394
1.23335
1.23244
1.23124
1.22977
1.22806
1.2261
1.22391
1.22146
1.21873
1.21568
1.2123
1.20864
1.20479
1.20098
1.1975
1.1947
1.19286
1.19211
1.19235
1.19329
1.19452
1.19563
1.1964
1.19683
1.1972
1.19797
1.1996
1.20231
1.20598
1.21018
1.21441
1.21822
1.22134
1.22369
1.22529
1.22625
1.2267
1.22681
1.22669
1.22648
1.22629
1.22618
1.22619
1.22631
1.2265
1.22672
1.22689
1.22695
1.22685
1.22655
1.22601
1.2252
1.22413
1.22277
1.22112
1.21916
1.21689
1.21427
1.2113
1.20798
1.20438
1.20063
1.19699
1.19379
1.19142
1.19018
1.19023
1.19147
1.1936
1.19616
1.1987
1.20082
1.20229
1.20306
1.20323
1.203
1.20265
1.2024
1.2024
1.20268
1.20318
1.20379
1.20439
1.20491
1.20531
1.20561
1.20585
1.20608
1.20633
1.20663
1.20699
1.20737
1.20775
1.20807
1.2083
1.2084
1.20835
1.20813
1.20776
1.20725
1.20661
1.20585
1.20497
1.20396
1.20281
1.20149
1.19998
1.19826
1.19634
1.19425
1.19206
1.18987
1.18779
1.18596
1.18449
1.18346
1.1829
1.18278
1.18301
1.18348
1.18407
1.18466
1.18516
1.18551
1.18566
1.18561
1.18537
1.18494
1.18438
1.18372
1.18302
1.18235
1.18179
1.18138
1.18118
1.18123
1.18152
1.182
1.18261
1.18321
1.18366
1.18377
1.18331
1.19869
1.19623
1.19242
1.18714
1.18046
1.17282
1.16507
1.15841
1.15407
1.15289
1.15498
1.15975
1.16611
1.17292
1.17925
1.18453
1.18854
1.19132
1.19302
1.19389
1.19415
1.19401
1.19369
1.19335
1.19315
1.19321
1.19359
1.19431
1.19533
1.19655
1.19786
1.19916
1.20033
1.20129
1.20197
1.20232
1.20228
1.20184
1.20095
1.19959
1.19772
1.19532
1.19236
1.18884
1.18481
1.18038
1.1758
1.17143
1.16773
1.16519
1.16416
1.16478
1.16688
1.17004
1.17371
1.17735
1.18054
1.18303
1.18472
1.18564
1.18588
1.18558
1.1849
1.18399
1.18298
1.18199
1.1811
1.18037
1.17984
1.17951
1.17936
1.17939
1.17954
1.17978
1.18009
1.18044
1.18079
1.18114
1.18149
1.18181
1.18212
1.18242
1.1827
1.18298
1.18327
1.18356
1.18387
1.1842
1.18455
1.18493
1.18535
1.1858
1.18629
1.18682
1.18739
1.18801
1.18867
1.18938
1.19014
1.19094
1.19178
1.19267
1.19359
1.19455
1.19551
1.19648
1.19744
1.19835
1.19918
1.1999
1.20047
1.20084
1.20098
1.20087
1.20052
1.19999
1.19941
1.19895
1.19884
1.19929
1.20046
1.20237
1.20492
1.2079
1.21105
1.21412
1.2169
1.21925
1.22109
1.22238
1.22315
1.22342
1.2233
1.2229
1.22239
1.22195
1.22176
1.22198
1.22269
1.22389
1.22553
1.22747
1.22959
1.23176
1.2339
1.23593
1.23781
1.23951
1.24101
1.24229
1.24336
1.24424
1.24497
1.24563
1.2463
1.24707
1.24805
1.24936
1.25108
1.25331
1.25609
1.25942
1.26324
1.2674
1.27173
1.27601
1.28003
1.28356
1.28643
1.28846
1.28949
1.2894
1.28808
1.28544
1.28152
1.27645
1.27056
1.26437
1.25855
1.25379
1.25068
1.24959
1.25062
1.25359
1.25811
1.26367
1.26968
1.27554
1.28073
1.28479
1.28731
1.28799
1.28664
1.28335
1.2786
1.27343
1.26927
1.26743
1.26841
1.27166
1.27592
1.27991
1.28275
1.284
1.28355
1.28149
1.27802
1.27348
1.2683
1.26299
1.25809
1.25405
1.25119
1.24967
1.24949
1.25052
1.25251
1.25515
1.25815
1.26127
1.26439
1.26745
1.27041
1.27323
1.2758
1.278
1.27971
1.28081
1.28121
1.28092
1.28003
1.27874
1.2774
1.2764
1.27612
1.27676
1.27831
1.2805
1.28292
1.28516
1.28685
1.28774
1.28772
1.28675
1.28493
1.28245
1.27962
1.27681
1.27436
1.27253
1.27132
1.27051
1.26972
1.2685
1.26649
1.26346
1.25943
1.25461
1.24946
1.24459
1.24071
1.23844
1.23815
1.23983
1.24313
1.24742
1.25203
1.25637
1.26002
1.26275
1.26451
1.26537
1.26547
1.265
1.26419
1.26324
1.26235
1.2617
1.26143
1.26164
1.2624
1.26371
1.26554
1.26779
1.27032
1.27298
1.2756
1.27805
1.28021
1.28202
1.28343
1.28442
1.28498
1.2851
1.28479
1.28403
1.28281
1.28112
1.27896
1.27637
1.27342
1.2702
1.26688
1.26364
1.26069
1.25823
1.25638
1.25521
1.2547
1.25473
1.25514
1.25577
1.25648
1.2572
1.25793
1.25872
1.25964
1.26076
1.26207
1.26351
1.26497
1.2663
1.26735
1.26801
1.2682
1.26794
1.26729
1.26636
1.2653
1.2643
1.26349
1.26299
1.26286
1.26309
1.26362
1.26435
1.26516
1.26594
1.26657
1.26699
1.26713
1.26693
1.26638
1.26545
1.26414
1.26244
1.26035
1.2579
1.2551
1.25201
1.24869
1.24524
1.24183
1.23864
1.23588
1.23375
1.2324
1.23186
1.23207
1.23287
1.23402
1.23525
1.23633
1.23707
1.23738
1.23724
1.2367
1.23589
1.23494
1.23397
1.23303
1.2321
1.23109
1.22988
1.22838
1.22654
1.22435
1.22192
1.21936
1.21684
1.21451
1.21252
1.21098
1.20993
1.20939
1.2093
1.20959
1.21015
1.21086
1.21162
1.21235
1.21299
1.21349
1.21385
1.21407
1.21418
1.21419
1.21414
1.21406
1.21396
1.21386
1.21378
1.21372
1.21369
1.21367
1.21366
1.21366
1.21367
1.21366
1.21365
1.21362
1.21358
1.21351
1.21343
1.21333
1.2132
1.21304
1.21285
1.21259
1.21226
1.21182
1.21124
1.21049
1.20952
1.20834
1.20696
1.20544
1.20391
1.20252
1.20146
1.20092
1.20101
1.20172
1.20297
1.20455
1.20624
1.20779
1.20905
1.2099
1.21032
1.21032
1.20994
1.2092
1.20815
1.20685
1.2054
1.20391
1.20249
1.20118
1.19992
1.19868
1.19758
1.19701
1.19753
1.19947
1.20267
1.20638
1.20963
1.21168
1.21226
1.21152
1.20983
1.2074
1.20413
1.19959
1.19334
1.18556
1.17752
1.17148
1.16953
1.17211
1.17793
1.18521
1.19283
1.2005
1.20813
1.21546
1.22203
1.22739
1.23132
1.23377
1.23485
1.23474
1.23359
1.2315
1.22855
1.22473
1.21999
1.21422
1.20733
1.19922
1.18993
1.17971
1.16917
1.15936
1.1516
1.14714
1.14667
1.15001
1.15625
1.16413
1.17249
1.18051
1.18776
1.19407
1.19945
1.20399
1.20778
1.21091
1.21345
1.21543
1.2169
1.21787
1.21838
1.21847
1.21818
1.21757
1.2167
1.21566
1.21453
1.21338
1.21228
1.21129
1.21042
1.20967
1.20899
1.20832
1.20759
1.20672
1.20565
1.20433
1.20274
1.20089
1.19881
1.19655
1.19421
1.19188
1.1897
1.1878
1.18634
1.18544
1.1852
1.18566
1.18679
1.18849
1.1906
1.19291
1.19524
1.19743
1.19934
1.20091
1.2021
1.20291
1.20336
1.20347
1.20325
1.20275
1.20199
1.20101
1.19985
1.19857
1.19727
1.19601
1.19486
1.1939
1.19316
1.19265
1.19237
1.19232
1.19247
1.19282
1.19334
1.19397
1.19468
1.19537
1.19597
1.19641
1.19663
1.19659
1.1963
1.19576
1.19502
1.19415
1.1932
1.19224
1.19133
1.19048
1.18973
1.18905
1.18844
1.18787
1.18732
1.18677
1.18625
1.18581
1.18552
1.18549
1.18578
1.18647
1.18754
1.18894
1.19057
1.1923
1.19403
1.19564
1.19708
1.1983
1.19929
1.20007
1.20064
1.20104
1.2013
1.20142
1.20143
1.20135
1.20118
1.20092
1.20056
1.2001
1.19952
1.19879
1.19789
1.19676
1.19534
1.19357
1.19136
1.18861
1.18523
1.18119
1.17652
1.17141
1.16618
1.16127
1.15717
1.15435
1.15319
1.15398
1.15678
1.16132
1.16705
1.17327
1.17933
1.18479
1.18943
1.19323
1.19623
1.19852
1.2002
1.20137
1.2021
1.20247
1.20258
1.20251
1.20238
1.2023
1.20237
1.20268
1.2033
1.20424
1.20549
1.20698
1.20866
1.21042
1.2122
1.2139
1.21546
1.21681
1.21789
1.21863
1.21896
1.21877
1.21796
1.21642
1.21406
1.21083
1.20682
1.2023
1.19775
1.19382
1.19115
1.19014
1.19078
1.19264
1.1951
1.19756
1.1996
1.20099
1.2017
1.20186
1.20165
1.20134
1.20118
1.20139
1.20212
1.20339
1.20512
1.20713
1.20914
1.21085
1.21194
1.21214
1.21127
1.20928
1.20628
1.20258
1.19867
1.19516
1.1926
1.19134
1.19148
1.19284
1.19502
1.1976
1.20015
1.2024
1.20422
1.2056
1.20663
1.20743
1.20811
1.20873
1.2093
1.20974
1.20997
1.20985
1.20927
1.20815
1.20647
1.20429
1.20174
1.19903
1.19646
1.19433
1.19294
1.19245
1.19284
1.19391
1.19534
1.19676
1.19786
1.19844
1.19842
1.1978
1.19668
1.19525
1.19372
1.19238
1.19147
1.19119
1.19163
1.19273
1.19432
1.19616
1.198
1.19964
1.20094
1.20185
1.20233
1.20241
1.20213
1.20153
1.20064
1.1995
1.19807
1.1963
1.19408
1.1913
1.18789
1.18388
1.17947
1.17509
1.17133
1.1688
1.16797
1.169
1.17169
1.17559
1.18016
1.1849
1.18942
1.19349
1.19696
1.19981
1.20203
1.20369
1.20485
1.20557
1.20593
1.20599
1.20584
1.20552
1.20511
1.20467
1.20427
1.20398
1.20384
1.20391
1.20422
1.20478
1.20559
1.20663
1.20787
1.20924
1.21071
1.21222
1.2137
1.2151
1.21637
1.21743
1.21824
1.21871
1.21878
1.21837
1.21741
1.21586
1.21367
1.21086
1.20751
1.20377
1.19985
1.19608
1.19275
1.19018
1.18857
1.18799
1.1884
1.18961
1.1914
1.19353
1.19577
1.19794
1.19988
1.20147
1.20262
1.20328
1.20351
1.20343
1.20326
1.20322
1.20351
1.20422
1.20528
1.20656
1.20791
1.20926
1.2106
1.21195
1.21331
1.21459
1.21568
1.21643
1.2167
1.21642
1.21559
1.21426
1.21252
1.21051
1.20835
1.20621
1.20424
1.20261
1.20148
1.20101
1.20126
1.20223
1.20383
1.20591
1.20827
1.21073
1.21316
1.21546
1.2176
1.21955
1.22132
1.22293
1.22439
1.22572
1.22691
1.22794
1.22876
1.22933
1.22955
1.2293
1.22846
1.22685
1.22432
1.22079
1.21625
1.21091
1.20521
1.19975
1.19519
1.19202
1.1904
1.19021
1.19115
1.19289
1.19514
1.19764
1.20017
1.20256
1.20474
1.20672
1.20857
1.21036
1.21208
1.21369
1.21507
1.21616
1.21691
1.21729
1.21733
1.21704
1.21642
1.21548
1.21424
1.21274
1.21107
1.20936
1.20776
1.20643
1.20554
1.20522
1.20555
1.20654
1.20814
1.21023
1.21265
1.21524
1.21781
1.22022
1.22234
1.22407
1.22534
1.22612
1.22638
1.22613
1.22539
1.22423
1.22273
1.22103
1.21927
1.21763
1.21624
1.21518
1.21446
1.214
1.21363
1.21319
1.21249
1.21141
1.20989
1.20796
1.20574
1.20343
1.20127
1.19951
1.19831
1.19774
1.19771
1.19806
1.1986
1.19917
1.19967
1.20007
1.20036
1.20056
1.20068
1.20073
1.20069
1.20057
1.20041
1.20025
1.20018
1.20026
1.20059
1.2012
1.20212
1.20331
1.2047
1.20619
1.20766
1.20897
1.20999
1.2106
1.21069
1.21017
1.209
1.20716
1.20476
1.202
1.19922
1.19685
1.19529
1.19483
1.19547
1.19699
1.19897
1.201
1.20272
1.20106
1.20156
1.20145
1.2008
1.19975
1.19848
1.19719
1.19613
1.19549
1.1954
1.19594
1.19703
1.19856
1.20035
1.20222
1.20402
1.20565
1.20706
1.20822
1.20915
1.20986
1.21038
1.21075
1.211
1.21118
1.21133
1.21147
1.21166
1.21194
1.21235
1.21293
1.2137
1.21469
1.21587
1.21726
1.2188
1.22049
1.22227
1.22414
1.22605
1.22797
1.22988
1.23171
1.23341
1.23489
1.23604
1.23674
1.2369
1.2364
1.23518
1.23322
1.23058
1.22739
1.22383
1.2201
1.21636
1.21273
1.20934
1.20632
1.20391
1.20239
1.202
1.2029
1.20501
1.20807
1.21174
1.21567
1.21963
1.22353
1.22739
1.23124
1.235
1.2385
1.24142
1.24344
1.2443
1.24387
1.24225
1.2397
1.23671
1.23386
1.23172
1.23072
1.23101
1.23251
1.23492
1.2379
1.24111
1.24425
1.24711
1.2495
1.2513
1.25239
1.2527
1.25217
1.25077
1.24855
1.24562
1.2422
1.23865
1.2354
1.2329
1.23144
1.23107
1.23158
1.23259
1.23371
1.23462
1.23513
1.23518
1.23483
1.23417
1.23334
1.23245
1.23158
1.2308
1.23011
1.22948
1.22888
1.22826
1.22756
1.22675
1.22579
1.22468
1.22341
1.22202
1.22054
1.21905
1.21761
1.21632
1.21526
1.21449
1.21406
1.21395
1.21413
1.21452
1.21503
1.21554
1.21597
1.21623
1.21627
1.21608
1.21567
1.21509
1.21439
1.21366
1.21298
1.21242
1.21206
1.21194
1.21205
1.2124
1.21296
1.21367
1.21449
1.21536
1.21623
1.21704
1.21776
1.21835
1.21878
1.21902
1.21908
1.21893
1.21858
1.21802
1.21728
1.21637
1.21531
1.21414
1.21289
1.2116
1.21031
1.20907
1.20789
1.2068
1.20576
1.20476
1.20375
1.20268
1.20153
1.20026
1.1989
1.19751
1.19616
1.19499
1.19413
1.19369
1.19376
1.19436
1.19544
1.19691
1.19859
1.20033
1.20196
1.20334
1.20435
1.20494
1.20506
1.20473
1.20399
1.20293
1.20168
1.20041
1.19935
1.19869
1.19859
1.19915
1.20035
1.20209
1.20418
1.20643
1.20865
1.21069
1.21245
1.21385
1.21488
1.21551
1.21576
1.21564
1.21519
1.21439
1.21324
1.21169
1.20966
1.20704
1.20371
1.19955
1.19453
1.18875
1.18255
1.17649
1.1714
1.16821
1.16774
1.17031
1.17564
1.18287
1.1909
1.19872
1.20565
1.21136
1.21576
1.21895
1.22107
1.2223
1.22276
1.22257
1.22177
1.22038
1.21841
1.21581
1.21256
1.20866
1.20417
1.1993
1.19437
1.18984
1.18627
1.1841
1.18353
1.18446
1.18652
1.1892
1.19206
1.19478
1.19716
1.19917
1.2008
1.2021
1.20312
1.20389
1.20444
1.20476
1.20485
1.2047
1.2043
1.20365
1.20277
1.20169
1.20045
1.19912
1.19777
1.1965
1.19539
1.19454
1.19404
1.19399
1.19442
1.19534
1.19672
1.19843
1.2003
1.20215
1.20378
1.20501
1.20568
1.20572
1.20505
1.20368
1.2017
1.19924
1.19656
1.19397
1.19179
1.1903
1.18962
1.18971
1.19039
1.19136
1.19233
1.19306
1.19337
1.19318
1.19247
1.19128
1.18965
1.18763
1.18525
1.18258
1.17976
1.17696
1.17446
1.17256
1.17154
1.17161
1.17286
1.17525
1.17862
1.18269
1.18717
1.19172
1.19607
1.20001
1.20344
1.2063
1.2086
1.21039
1.21174
1.21271
1.21337
1.21379
1.21401
1.21407
1.21401
1.21385
1.2136
1.21327
1.21286
1.21237
1.21179
1.21111
1.21031
1.20937
1.20829
1.20705
1.20566
1.20414
1.20252
1.20083
1.19915
1.19755
1.19611
1.19492
1.19404
1.19355
1.19349
1.19387
1.19466
1.19584
1.19732
1.19903
1.20087
1.20273
1.20454
1.2062
1.20768
1.20893
1.20995
1.21078
1.21145
1.21202
1.21257
1.21313
1.21373
1.21438
1.21504
1.21565
1.21618
1.21655
1.21672
1.21668
1.21643
1.21599
1.21543
1.21479
1.21416
1.21358
1.21313
1.21286
1.21281
1.21306
1.21364
1.21459
1.21588
1.21746
1.21923
1.22105
1.22277
1.22426
1.22542
1.22617
1.22648
1.22634
1.2258
1.2249
1.22374
1.22241
1.22102
1.21969
1.21848
1.21741
1.21642
1.21536
1.21402
1.21221
1.20985
1.2071
1.20435
1.20216
1.20093
1.20075
1.20129
1.20212
1.20298
1.2039
1.20506
1.20651
1.20803
1.2093
1.21001
1.21009
1.20969
1.20909
1.20858
1.20837
1.20857
1.20925
1.21045
1.21221
1.21455
1.2174
1.22057
1.22378
1.2267
1.22908
1.23074
1.23163
1.2318
1.23138
1.23054
1.22947
1.22835
1.2273
1.22637
1.22547
1.22433
1.22248
1.21923
1.21376
1.20539
1.19423
1.18207
1.17256
1.16948
1.17371
1.18243
1.19159
1.19862
1.20292
1.20508
1.20609
1.20681
1.20782
1.20932
1.21129
1.2135
1.21567
1.21754
1.2189
1.21963
1.21968
1.2191
1.21799
1.21652
1.2149
1.21334
1.21205
1.21116
1.21072
1.21069
1.21098
1.21147
1.21205
1.21261
1.21308
1.21341
1.21357
1.2135
1.21317
1.21251
1.21147
1.21002
1.20819
1.20606
1.20385
1.20189
1.20066
1.20073
1.20251
1.20599
1.21063
1.21551
1.21974
1.22267
1.22406
1.22393
1.22253
1.22019
1.21722
1.21394
1.21055
1.2072
1.20395
1.2008
1.19775
1.1948
1.192
1.18949
1.18749
1.18623
1.18589
1.1865
1.18798
1.19008
1.19254
1.19511
1.19761
1.19992
1.20198
1.20371
1.20506
1.20593
1.20624
1.20588
1.20476
1.20282
1.20007
1.19658
1.19252
1.1882
1.18397
1.18026
1.17739
1.17558
1.17481
1.17492
1.17561
1.17655
1.17751
1.17833
1.17898
1.17951
1.18001
1.18058
1.18126
1.18206
1.18292
1.18377
1.18453
1.18513
1.18553
1.18573
1.18575
1.18561
1.18536
1.18505
1.1847
1.18437
1.18407
1.18382
1.18364
1.18351
1.18345
1.18345
1.18349
1.18358
1.18369
1.18384
1.184
1.18418
1.18437
1.18457
1.18476
1.18494
1.18512
1.18528
1.18541
1.18551
1.18555
1.18553
1.18543
1.18521
1.18484
1.18428
1.18349
1.18243
1.18104
1.17931
1.17724
1.17489
1.17236
1.16984
1.16756
1.16581
1.16484
1.16487
1.166
1.16823
1.1714
1.17524
1.17944
1.18366
1.18763
1.19114
1.19408
1.19644
1.19826
1.19965
1.20075
1.20171
1.20265
1.20365
1.20475
1.20588
1.20692
1.2077
1.20802
1.20767
1.20648
1.20437
1.20142
1.19793
1.19447
1.19174
1.19041
1.19078
1.19269
1.1956
1.19887
1.20202
1.20478
1.20713
1.20914
1.21095
1.21265
1.2143
1.21593
1.21752
1.21907
1.22055
1.22198
1.22336
1.22468
1.22595
1.22714
1.22821
1.22912
1.22981
1.23023
1.23033
1.23008
1.22947
1.22848
1.22715
1.22552
1.22363
1.22157
1.21945
1.21739
1.21554
1.21407
1.21314
1.21289
1.2134
1.21471
1.21675
1.21938
1.22242
1.22563
1.22879
1.2317
1.23417
1.23611
1.23743
1.2381
1.23814
1.23756
1.23645
1.2349
1.233
1.23091
1.22875
1.22669
1.22486
1.22341
1.22244
1.22204
1.22221
1.22289
1.22394
1.22516
1.22631
1.22716
1.22749
1.22715
1.22604
1.22416
1.22154
1.21833
1.21469
1.21083
1.20692
1.20314
1.19968
1.19684
1.19503
1.19469
1.19609
1.19912
1.20326
1.20779
1.21205
1.21562
1.21835
1.2203
1.22162
1.22251
1.22311
1.22352
1.22381
1.224
1.22409
1.22409
1.22396
1.22372
1.22335
1.22286
1.22224
1.22152
1.2207
1.2198
1.21882
1.2178
1.21673
1.21564
1.21455
1.21345
1.21238
1.21135
1.21037
1.20949
1.20874
1.20815
1.20777
1.20763
1.20774
1.2081
1.2087
1.20949
1.21041
1.21138
1.21233
1.21317
1.21383
1.21425
1.21438
1.21419
1.21367
1.21281
1.21163
1.21014
1.20837
1.20637
1.20421
1.20196
1.19978
1.19782
1.1963
1.19543
1.19537
1.19623
1.19799
1.20051
1.20355
1.20681
1.20998
1.21283
1.21524
1.21717
1.21868
1.21988
1.22085
1.22168
1.22243
1.2231
1.22371
1.22425
1.22473
1.22519
1.22567
1.22624
1.22694
1.22778
1.22875
1.22979
1.23081
1.23167
1.23225
1.23241
1.23202
1.23098
1.22924
1.22683
1.22386
1.22059
1.21736
1.21454
1.21248
1.21138
1.21127
1.21201
1.21337
1.21509
1.21697
1.21889
1.22076
1.22255
1.22422
1.22573
1.227
1.22796
1.22854
1.22868
1.22834
1.22753
1.2263
1.22472
1.22293
1.22105
1.21925
1.21768
1.21645
1.21562
1.21521
1.21519
1.21552
1.21612
1.21695
1.21794
1.21904
1.22019
1.22131
1.22232
1.22314
1.22372
1.22401
1.22398
1.22364
1.223
1.22212
1.22105
1.21985
1.2186
1.21737
1.21623
1.21524
1.21443
1.21382
1.21338
1.21305
1.21274
1.21232
1.21162
1.21045
1.2086
1.20587
1.20208
1.19722
1.19149
1.18547
1.18002
1.17613
1.17451
1.17523
1.17777
1.18129
1.185
1.18838
1.19116
1.19327
1.19475
1.19565
1.19607
1.19608
1.19576
1.1952
1.19448
1.19369
1.19293
1.19227
1.19178
1.1915
1.19142
1.19151
1.1917
1.19194
1.19214
1.19225
1.19223
1.19205
1.19171
1.1912
1.19053
1.18972
1.18879
1.18774
1.1866
1.18537
1.18408
1.18275
1.18138
1.17999
1.17861
1.17725
1.17592
1.17465
1.17345
1.17231
1.17126
1.17027
1.16937
1.16856
1.16786
1.16732
1.16697
1.16689
1.16711
1.16768
1.16858
1.16978
1.17123
1.17283
1.17449
1.1761
1.17759
1.17885
1.17984
1.18046
1.18066
1.18037
1.1795
1.17798
1.17575
1.17278
1.16909
1.16479
1.16009
1.15532
1.1509
1.14726
1.14474
1.14355
1.14367
1.14497
1.14717
1.14999
1.15314
1.15639
1.15954
1.16243
1.16494
1.167
1.16857
1.16964
1.17022
1.17032
1.16991
1.16891
1.16715
1.1972
1.19309
1.18802
1.18295
1.17955
1.1796
1.18383
1.19138
1.20037
1.20896
1.21611
1.22149
1.22525
1.22772
1.22922
1.23002
1.23031
1.23021
1.2298
1.22912
1.2282
1.22702
1.2256
1.22393
1.22201
1.21984
1.21744
1.21484
1.2121
1.20928
1.20645
1.20367
1.20098
1.19845
1.19619
1.19434
1.19312
1.19267
1.19312
1.19448
1.19666
1.19947
1.20268
1.20598
1.20909
1.21177
1.21384
1.2152
1.21581
1.21571
1.21495
1.21362
1.21178
1.20951
1.20686
1.20392
1.20082
1.19776
1.19506
1.19303
1.19199
1.19214
1.19348
1.19583
1.19888
1.20227
1.20568
1.20886
1.21167
1.21403
1.21592
1.21734
1.21834
1.21894
1.21919
1.2191
1.2187
1.21797
1.21686
1.2153
1.21314
1.21019
1.20619
1.20086
1.19399
1.18564
1.17642
1.16774
1.1615
1.1593
1.1614
1.16659
1.17299
1.17905
1.18398
1.18758
1.19004
1.19161
1.19257
1.19312
1.1934
1.19353
1.19356
1.19352
1.19344
1.19332
1.19317
1.19299
1.19277
1.19251
1.19222
1.19191
1.19158
1.19126
1.19096
1.19073
1.19057
1.19054
1.19064
1.19091
1.19133
1.19192
1.19264
1.19348
1.1944
1.19537
1.19634
1.19729
1.19819
1.19901
1.19974
1.20036
1.20088
1.20129
1.2016
1.20182
1.20197
1.20206
1.20209
1.20206
1.2019
1.20152
1.20074
1.19932
1.19695
1.1934
1.18867
1.18328
1.17848
1.17603
1.17736
1.18265
1.19069
1.19967
1.20807
1.2151
1.22061
1.22478
1.2279
1.23028
1.23217
1.23375
1.23515
1.23645
1.2377
1.2389
1.24
1.24097
1.24169
1.24205
1.2419
1.24107
1.2394
1.23677
1.23314
1.22864
1.22365
1.21883
1.21501
1.21304
1.21341
1.21607
1.22042
1.22558
1.23066
1.23502
1.23828
1.24029
1.24105
1.24062
1.23904
1.23635
1.23262
1.22804
1.22302
1.21831
1.21494
1.21389
1.21571
1.22013
1.22624
1.23288
1.23906
1.2442
1.24811
1.25085
1.2526
1.25357
1.25399
1.25403
1.25383
1.25353
1.25323
1.25301
1.25294
1.25304
1.2533
1.25368
1.25409
1.25444
1.25463
1.25456
1.25415
1.25334
1.25206
1.25029
1.248
1.24522
1.24198
1.23842
1.23478
1.2314
1.22868
1.22702
1.22666
1.22761
1.22965
1.23246
1.23565
1.23892
1.24207
1.245
1.24762
1.2499
1.2518
1.25323
1.25409
1.25426
1.25354
1.25176
1.24872
1.24431
1.23857
1.23189
1.22501
1.21903
1.2151
1.21394
1.21557
1.21938
1.22445
1.22992
1.23514
1.23972
1.24345
1.24628
1.24824
1.24939
1.24982
1.24963
1.24889
1.24769
1.24609
1.24421
1.24215
1.24007
1.23813
1.2365
1.23535
1.23477
1.23479
1.23537
1.2364
1.23775
1.23927
1.24083
1.24236
1.24378
1.24507
1.24621
1.2472
1.24805
1.24875
1.24931
1.24972
1.24998
1.25007
1.24996
1.24964
1.24905
1.24816
1.24688
1.24515
1.24287
1.23994
1.23629
1.2319
1.22678
1.22109
1.2151
1.2092
1.20391
1.19979
1.19732
1.1968
1.19825
1.20142
1.20588
1.21114
1.21672
1.2223
1.22762
1.2325
1.23679
1.24034
1.243
1.24466
1.24525
1.24478
1.24336
1.24119
1.23858
1.23591
1.23355
1.23176
1.23068
1.23026
1.23032
1.23063
1.23096
1.23114
1.23108
1.23074
1.23015
1.22935
1.2284
1.22735
1.22623
1.2251
1.22404
1.22317
1.22266
1.22267
1.2233
1.22456
1.22631
1.22831
1.23025
1.23186
1.23289
1.23322
1.23286
1.2319
1.23059
1.22921
1.22803
1.22723
1.22684
1.22671
1.22656
1.22604
1.22486
1.2228
1.2198
1.21599
1.2117
1.20746
1.20392
1.20171
1.20127
1.20272
1.20579
1.20997
1.21461
1.21916
1.22319
1.22647
1.22891
1.23053
1.23142
1.23169
1.23149
1.23095
1.2302
1.22936
1.22852
1.22775
1.22709
1.22656
1.22613
1.22576
1.22536
1.22488
1.22423
1.22333
1.22209
1.22046
1.21837
1.21578
1.2127
1.20919
1.2054
1.20156
1.198
1.19504
1.19294
1.19181
1.19155
1.19191
1.19257
1.19326
1.19374
1.19388
1.19363
1.193
1.19207
1.19103
1.19012
1.18965
1.18988
1.19098
1.19292
1.19551
1.19841
1.20127
1.20373
1.20556
1.20659
1.20677
1.2061
1.20466
1.20262
1.20022
1.19775
1.19552
1.1938
1.19272
1.19225
1.19223
1.1924
1.19247
1.19217
1.19127
1.18956
1.18692
1.18338
1.17931
1.17541
1.17272
1.17215
1.17402
1.17788
1.18271
1.18742
1.19122
1.1937
1.19472
1.19429
1.19251
1.18953
1.1856
1.18121
1.17702
1.17382
1.17227
1.17255
1.17431
1.17676
1.17906
1.18052
1.18071
1.17945
1.17676
1.17282
1.16796
1.16275
1.1579
1.15416
1.15214
1.15203
1.15365
1.15652
1.1601
1.16394
1.16772
1.17126
1.17444
1.1772
1.1795
1.18134
1.18275
1.18377
1.18445
1.18486
1.18506
1.18509
1.18501
1.18485
1.18463
1.18437
1.18408
1.18376
1.18342
1.18304
1.18262
1.18218
1.1817
1.18122
1.18077
1.18037
1.1801
1.17999
1.18009
1.18042
1.18097
1.1817
1.18253
1.18337
1.18413
1.18475
1.18518
1.18546
1.18563
1.1858
1.18604
1.18645
1.18706
1.18787
1.18888
1.19005
1.19135
1.19274
1.19414
1.19548
1.19663
1.19746
1.19786
1.19776
1.1972
1.19626
1.19516
1.19416
1.1935
1.19341
1.19397
1.19515
1.19678
1.19864
1.20049
1.20215
1.2035
1.20453
1.20532
1.20596
1.20656
1.2072
1.20791
1.20868
1.20946
1.2102
1.21086
1.21141
1.21185
1.21218
1.21242
1.21258
1.21266
1.21267
1.21262
1.21254
1.21245
1.21243
1.21251
1.21276
1.2132
1.21385
1.21471
1.21574
1.2169
1.21814
1.21941
1.22064
1.22177
1.22276
1.22355
1.2241
1.22438
1.22438
1.22409
1.22353
1.22273
1.22174
1.22064
1.21951
1.21842
1.21744
1.21664
1.21603
1.21561
1.21535
1.21521
1.21513
1.21506
1.21495
1.21477
1.21448
1.21406
1.21347
1.21268
1.21164
1.2103
1.20866
1.20673
1.20458
1.20235
1.20024
1.19849
1.19733
1.19694
1.19738
1.19853
1.20014
1.2018
1.20307
1.2035
1.20273
1.20053
1.19689
1.19208
1.1867
1.18165
1.17796
1.17645
1.17749
1.18075
1.1854
1.19038
1.19481
1.19815
1.20031
1.20158
1.20244
1.20334
1.20455
1.20609
1.20773
1.20914
1.21001
1.21014
1.20946
1.20799
1.20588
1.20332
1.20058
1.19796
1.19573
1.19418
1.19348
1.1937
1.1948
1.19662
1.1989
1.20138
1.20378
1.20587
1.20748
1.2085
1.20891
1.20872
1.20804
1.20699
1.20571
1.20432
1.2029
1.20148
1.20006
1.19857
1.19696
1.19513
1.19302
1.19055
1.18768
1.18445
1.18093
1.1773
1.17379
1.17073
1.16851
1.16752
1.16806
1.17019
1.17372
1.17832
1.18358
1.1891
1.19452
1.19953
1.20391
1.20755
1.21042
1.21256
1.21404
1.21493
1.21525
1.21503
1.2142
1.2127
1.21043
1.20734
1.20351
1.19923
1.19506
1.19179
1.19019
1.19068
1.1931
1.19676
1.20081
1.20449
1.20732
1.20909
1.20977
1.20944
1.2082
1.20619
1.20357
1.20051
1.19722
1.19395
1.19097
1.18849
1.18668
1.18561
1.18524
1.18547
1.18614
1.18709
1.18821
1.18941
1.19064
1.19192
1.19332
1.19493
1.19681
1.199
1.20146
1.20406
1.20664
1.20901
1.211
1.21249
1.21341
1.21373
1.21347
1.21269
1.21145
1.20989
1.20812
1.20632
1.20462
1.2032
1.20216
1.20162
1.20162
1.20218
1.20331
1.20491
1.20686
1.20893
1.21083
1.21229
1.21311
1.21326
1.21292
1.21242
1.21214
1.21235
1.21306
1.214
1.21472
1.21473
1.21364
1.21121
1.20742
1.20244
1.19665
1.19061
1.185
1.18051
1.17774
1.17706
1.17852
1.1819
1.18674
1.19246
1.19853
1.20452
1.21011
1.21513
1.21949
1.22317
1.22619
1.22862
1.23054
1.23204
1.23322
1.23416
1.23494
1.2356
1.23619
1.23674
1.23724
1.23774
1.23824
1.23878
1.23941
1.24017
1.2411
1.24222
1.24355
1.24504
1.24666
1.2483
1.24991
1.25137
1.25263
1.25362
1.25429
1.25459
1.25451
1.25404
1.25319
1.25204
1.25071
1.24937
1.24819
1.24727
1.24664
1.24616
1.24567
1.24499
1.24401
1.24276
1.24137
1.24006
1.23907
1.23862
1.23884
1.23974
1.24125
1.24319
1.24533
1.24744
1.24927
1.25064
1.25145
1.25167
1.25135
1.25065
1.24979
1.24899
1.24852
1.24854
1.24917
1.25041
1.25219
1.25437
1.25675
1.25914
1.26131
1.26308
1.26427
1.26479
1.26461
1.26376
1.26236
1.26058
1.25864
1.25671
1.25492
1.2533
1.25181
1.25037
1.24894
1.24751
1.24616
1.245
1.2441
1.24347
1.24301
1.24254
1.24192
1.24105
1.23998
1.23885
1.23785
1.23717
1.23693
1.23714
1.23775
1.23863
1.23963
1.24061
1.24146
1.24209
1.24247
1.24259
1.24247
1.24217
1.24173
1.2412
1.24058
1.23984
1.23892
1.23774
1.23626
1.23452
1.23265
1.23086
1.22939
1.22836
1.22774
1.22732
1.22686
1.22617
1.22526
1.22437
1.22389
1.22418
1.2254
1.22746
1.23003
1.23271
1.23511
1.23699
1.23824
1.23885
1.23891
1.23855
1.23791
1.23717
1.23648
1.23594
1.23562
1.23553
1.23559
1.2357
1.23568
1.23538
1.23461
1.23318
1.23096
1.22783
1.22371
1.21863
1.21267
1.20611
1.19953
1.19394
1.19077
1.19129
1.19579
1.20322
1.21174
1.21961
1.22579
1.22995
1.2322
1.23286
1.23234
1.23101
1.22927
1.22747
1.22595
1.22501
1.22485
1.22556
1.22709
1.22927
1.23186
1.23456
1.23713
1.23936
1.24114
1.24239
1.24311
1.24331
1.24302
1.24225
1.24101
1.19836
1.1962
1.19369
1.191
1.18847
1.18649
1.18542
1.18542
1.18632
1.18761
1.18849
1.18806
1.18562
1.18095
1.17462
1.16802
1.16292
1.16061
1.16126
1.16409
1.16807
1.17256
1.17731
1.18225
1.18724
1.19197
1.19602
1.19896
1.20043
1.20021
1.19829
1.195
1.19108
1.18764
1.1858
1.1862
1.18861
1.19213
1.19564
1.19831
1.1998
1.20025
1.20012
1.19997
1.2003
1.20141
1.20333
1.20589
1.20881
1.2118
1.21465
1.2172
1.21936
1.2211
1.22242
1.22332
1.22383
1.22395
1.2237
1.22307
1.22206
1.22066
1.21885
1.21662
1.21395
1.21083
1.20725
1.2032
1.19869
1.19376
1.1885
1.18307
1.17772
1.17277
1.16859
1.16552
1.16383
1.16359
1.16469
1.16681
1.16954
1.17246
1.17526
1.17785
1.18031
1.18285
1.18568
1.18886
1.19227
1.19561
1.19856
1.20084
1.20229
1.20289
1.2027
1.20185
1.20052
1.19886
1.19701
1.19509
1.19323
1.19154
1.19016
1.18921
1.18882
1.18904
1.18987
1.19122
1.19298
1.19499
1.1971
1.1992
1.20118
1.20301
1.20464
1.20606
1.20727
1.20826
1.20902
1.20955
1.20983
1.20983
1.2095
1.20881
1.20769
1.20608
1.2039
1.20112
1.1977
1.19371
1.1893
1.18473
1.1804
1.17678
1.17434
1.1734
1.17408
1.17622
1.17945
1.18328
1.18724
1.19092
1.19404
1.19647
1.19816
1.19916
1.19958
1.19958
1.19934
1.19905
1.1989
1.199
1.19942
1.20013
1.20104
1.20203
1.20295
1.2037
1.20418
1.2043
1.20395
1.20297
1.2012
1.19852
1.19501
1.1911
1.18764
1.18568
1.18601
1.18873
1.19319
1.19842
1.20365
1.2085
1.21294
1.21708
1.22099
1.22463
1.22792
1.23071
1.23292
1.23447
1.23536
1.23562
1.23532
1.23455
1.23343
1.23209
1.23069
1.22937
1.22823
1.22735
1.22673
1.22633
1.22607
1.22591
1.22581
1.22582
1.22604
1.22657
1.22752
1.2289
1.23063
1.23254
1.23439
1.23595
1.23703
1.23749
1.23733
1.23664
1.23561
1.23452
1.23368
1.23334
1.23364
1.23455
1.2359
1.23747
1.23904
1.24044
1.24157
1.24241
1.243
1.2434
1.24369
1.24395
1.24426
1.24468
1.24525
1.24597
1.24686
1.2479
1.24905
1.25026
1.25147
1.25263
1.25366
1.2545
1.25507
1.25528
1.25505
1.25426
1.25278
1.25047
1.24724
1.24309
1.23822
1.23312
1.2286
1.22562
1.22492
1.22671
1.23055
1.23558
1.24088
1.24575
1.24978
1.25278
1.25469
1.25554
1.25537
1.25424
1.25224
1.24946
1.24606
1.24225
1.23832
1.23459
1.23144
1.22921
1.22819
1.22849
1.23002
1.23249
1.23545
1.23839
1.24087
1.2426
1.24337
1.24317
1.24204
1.24016
1.23781
1.23534
1.23317
1.2317
1.23121
1.23182
1.23342
1.23575
1.23844
1.24113
1.24349
1.24528
1.24631
1.24652
1.24587
1.24442
1.24228
1.23964
1.23674
1.23388
1.2314
1.22956
1.22857
1.22845
1.22906
1.23015
1.23133
1.23223
1.2325
1.23187
1.23018
1.22739
1.22363
1.21926
1.21482
1.211
1.2084
1.2074
1.20801
1.20996
1.21288
1.21641
1.22027
1.22423
1.22809
1.23165
1.23474
1.23722
1.239
1.23999
1.24015
1.2394
1.23769
1.23493
1.23109
1.22621
1.22053
1.21453
1.20897
1.20477
1.20273
1.2032
1.20591
1.21018
1.21514
1.22005
1.22442
1.22799
1.23065
1.23242
1.23338
1.23362
1.23322
1.23229
1.23089
1.22912
1.22704
1.22476
1.22239
1.22007
1.21794
1.21617
1.21488
1.21417
1.21407
1.21455
1.2155
1.2168
1.2183
1.2199
1.2215
1.22306
1.22456
1.22598
1.22733
1.22859
1.22976
1.23079
1.23165
1.23228
1.2326
1.23256
1.23206
1.23105
1.22947
1.22733
1.22471
1.22184
1.21905
1.21674
1.21533
1.21511
1.21616
1.21834
1.22131
1.22464
1.22791
1.23073
1.23288
1.23426
1.23494
1.23509
1.23494
1.23476
1.23477
1.23513
1.23589
1.23701
1.23841
1.23995
1.24148
1.24285
1.24395
1.24468
1.24499
1.24485
1.24431
1.24342
1.2423
1.24111
1.24001
1.23921
1.2389
1.2392
1.24022
1.24194
1.24428
1.24708
1.25011
1.25311
1.25581
1.25792
1.2592
1.25942
1.25843
1.25618
1.25281
1.2487
1.24446
1.24081
1.23834
1.23731
1.23764
1.23903
1.24124
1.24417
1.24779
1.25194
1.25632
1.26056
1.26433
1.26746
1.2699
1.27166
1.27278
1.27331
1.2733
1.27281
1.27195
1.27081
1.26948
1.26803
1.2665
1.26493
1.26333
1.26174
1.26017
1.25865
1.25721
1.25588
1.25471
1.25382
1.25333
1.25336
1.254
1.25522
1.25691
1.25886
1.26077
1.26239
1.26351
1.26402
1.26394
1.26341
1.26264
1.2619
1.26144
1.26143
1.26194
1.26295
1.2643
1.2658
1.26723
1.26844
1.26929
1.26978
1.26991
1.26981
1.26957
1.26935
1.26924
1.26927
1.26943
1.26963
1.26974
1.26964
1.26927
1.26865
1.26785
1.26701
1.26626
1.26571
1.26537
1.26519
1.2651
1.26501
1.2649
1.26475
1.26458
1.26439
1.26416
1.2638
1.2632
1.26221
1.26072
1.25869
1.2562
1.2535
1.25096
1.24905
1.24817
1.24852
1.25003
1.2524
1.25514
1.25776
1.25984
1.26112
1.26149
1.26101
1.25985
1.25827
1.2565
1.25472
1.25302
1.25139
1.24977
1.24811
1.24641
1.24475
1.24326
1.2421
1.24137
1.24114
1.24138
1.24197
1.24274
1.24352
1.2441
1.24433
1.24406
1.24321
1.2417
1.23951
1.23668
1.23326
1.22937
1.22518
1.22089
1.21673
1.21291
1.20966
1.20716
1.20555
1.2049
1.20523
1.20643
1.20833
1.21059
1.21278
1.21432
1.21447
1.21232
1.20684
1.19715
1.18327
1.16729
1.15393
1.14832
1.15172
1.16045
1.16957
1.17629
1.18033
1.18263
1.18434
1.18628
1.18879
1.19188
1.1953
1.19874
1.2019
1.20457
1.20663
1.20801
1.2087
1.20873
1.20813
1.20699
1.20538
1.2034
1.20118
1.19884
1.19649
1.19418
1.1919
1.18952
1.18686
1.18371
1.17999
1.17579
1.17156
1.16801
1.16593
1.16584
1.16768
1.17089
1.17463
1.17817
1.18107
1.18315
1.18445
1.18508
1.18521
1.18499
1.18454
1.18397
1.18333
1.18267
1.18202
1.1814
1.18079
1.18022
1.17969
1.17919
1.17873
1.17833
1.17799
1.17774
1.17757
1.17748
1.17748
1.17754
1.17764
1.17775
1.17783
1.17784
1.17773
1.17746
1.177
1.17631
1.17537
1.17417
1.1727
1.17097
1.16903
1.16694
1.16479
1.1627
1.16085
1.15942
1.15857
1.15845
1.15911
1.16052
1.16255
1.16503
1.16774
1.17048
1.1731
1.17549
1.17758
1.17938
1.18088
1.18212
1.18312
1.18393
1.18457
1.18504
1.18535
1.18547
1.1854
1.18509
1.18452
1.18364
1.18244
1.18088
1.17896
1.17669
1.17408
1.17119
1.16806
1.16474
1.1613
1.15782
1.15437
1.15101
1.14783
1.14496
1.14267
1.14133
1.14141
1.14326
1.1469
1.152
1.15794
1.16405
1.16981
1.1749
1.17921
1.18274
1.1856
1.1879
1.18975
1.19128
1.19257
1.1937
1.19473
1.19572
1.19671
1.19773
1.1988
1.19994
1.20116
1.20247
1.20386
1.20534
1.20689
1.2085
1.21016
1.21183
1.21348
1.21507
1.21656
1.21788
1.21896
1.21972
1.22008
1.21992
1.21916
1.21771
1.21551
1.21256
1.20892
1.20478
1.20043
1.19629
1.19285
1.19057
1.18977
1.1905
1.19251
1.19533
1.19838
1.20114
1.20331
1.20478
1.20571
1.20638
1.20719
1.20845
1.21033
1.2128
1.21564
1.21853
1.22115
1.22329
1.22488
1.22597
1.22668
1.22712
1.22735
1.22741
1.22728
1.22696
1.22648
1.2259
1.22538
1.22508
1.22518
1.22581
1.22703
1.22877
1.23091
1.23324
1.2356
1.23782
1.23979
1.24143
1.2427
1.24358
1.24408
1.24422
1.24404
1.24357
1.24288
1.24202
1.24105
1.24001
1.23896
1.23791
1.2369
1.23593
1.23498
1.23403
1.23307
1.23207
1.231
1.22985
1.22859
1.22721
1.2257
1.22407
1.2223
1.22043
1.21849
1.21652
1.21459
1.21278
1.21118
1.20987
1.20893
1.20836
1.20814
1.20821
1.20847
1.20881
1.20911
1.20928
1.20925
1.20898
1.20847
1.20773
1.20683
1.20582
1.20481
1.20387
1.2031
1.20255
1.20226
1.20224
1.20244
1.20281
1.20329
1.20379
1.20424
1.20459
1.20477
1.20474
1.20448
1.20396
1.20318
1.20214
1.20088
1.19946
1.19792
1.19637
1.19487
1.1935
1.19233
1.19139
1.19069
1.19022
1.18996
1.18991
1.19006
1.19045
1.19111
1.19206
1.19329
1.19475
1.19635
1.198
1.19956
1.20092
1.20202
1.20278
1.20318
1.2032
1.20286
1.20219
1.20125
1.2001
1.19883
1.19752
1.19625
1.19508
1.19403
1.1931
1.19225
1.19146
1.19067
1.18989
1.18911
1.18836
1.18768
1.1871
1.18665
1.18632
1.18608
1.18591
1.18575
1.1856
1.18543
1.18528
1.18518
1.18516
1.18529
1.18558
1.18605
1.18669
1.18748
1.18839
1.18939
1.19045
1.19153
1.19259
1.19361
1.19455
1.19538
1.1961
1.19669
1.19712
1.19742
1.19756
1.19757
1.19746
1.19723
1.19691
1.19654
1.19615
1.19577
1.19544
1.19519
1.19502
1.19491
1.19479
1.19458
1.19415
1.19336
1.19206
1.1901
1.18735
1.18374
1.17933
1.17439
1.1695
1.16553
1.16348
1.16405
1.16732
1.17268
1.17911
1.18562
1.19155
1.19656
1.20056
1.20363
1.20588
1.20746
1.20848
1.20907
1.20931
1.20929
1.20906
1.20868
1.20816
1.20752
1.20676
1.20589
1.2049
1.2038
1.20261
1.20135
1.20007
1.19879
1.19757
1.19644
1.19542
1.19455
1.19384
1.19328
1.1929
1.19268
1.19265
1.19279
1.1931
1.19357
