-0.0318396
-0.031848
-0.0318622
-0.0318825
-0.0319087
-0.031941
-0.0319793
-0.0320236
-0.0320741
-0.0321308
-0.0321937
-0.0322652
-0.0323433
-0.0324422
-0.0325433
-0.0326561
-0.0327832
-0.0328986
-0.0330473
-0.033199
-0.0333513
-0.0335162
-0.0336891
-0.0338725
-0.0340643
-0.034267
-0.0344667
-0.03468
-0.0349119
-0.0351415
-0.0353807
-0.0356298
-0.0358962
-0.0361756
-0.0364564
-0.0367412
-0.0370375
-0.0373695
-0.0376973
-0.0380284
-0.0383587
-0.0387193
-0.0390871
-0.0394815
-0.0398795
-0.0402958
-0.0407265
-0.0411841
-0.0416575
-0.0421452
-0.0426504
-0.0431858
-0.0437263
-0.0442922
-0.0448866
-0.0455013
-0.0461448
-0.0468208
-0.0475164
-0.0482498
-0.0490158
-0.0498067
-0.0506455
-0.051525
-0.0524402
-0.0533958
-0.0544015
-0.0554481
-0.0565432
-0.057697
-0.0589149
-0.0601909
-0.0615213
-0.062931
-0.0644117
-0.0659692
-0.0675855
-0.0692964
-0.0710805
-0.0729504
-0.0749009
-0.0769381
-0.0790436
-0.0812127
-0.0834339
-0.0856694
-0.0878687
-0.0899862
-0.0919382
-0.0936215
-0.0949163
-0.0956517
-0.0956994
-0.094938
-0.0933543
-0.0911443
-0.088784
-0.0870551
-0.0868878
-0.0890793
-0.0939289
-0.101111
-0.10978
-0.118937
-0.12772
-0.135536
-0.142056
-0.147108
-0.150586
-0.152397
-0.152469
-0.150726
-0.147269
-0.142401
-0.136756
-0.13122
-0.126768
-0.124173
-0.123794
-0.125715
-0.129883
-0.136247
-0.144639
-0.154638
-0.165481
-0.176222
-0.185951
-0.194032
-0.200228
-0.20467
-0.207714
-0.209827
-0.211387
-0.212556
-0.213283
-0.213374
-0.212628
-0.211062
-0.208908
-0.206623
-0.204713
-0.203579
-0.203365
-0.203968
-0.205091
-0.206462
-0.20795
-0.209577
-0.211541
-0.214148
-0.217714
-0.222449
-0.228441
-0.235636
-0.243854
-0.25282
-0.262173
-0.271538
-0.280537
-0.288824
-0.296123
-0.302209
-0.306954
-0.310305
-0.312251
-0.31285
-0.312215
-0.310451
-0.307665
-0.303876
-0.299019
-0.292905
-0.285302
-0.276049
-0.265206
-0.253072
-0.24019
-0.227244
-0.215418
-0.206851
-0.204503
-0.210524
-0.224226
-0.242209
-0.260399
-0.276083
-0.28832
-0.297362
-0.30389
-0.308674
-0.312308
-0.315194
-0.317605
-0.31967
-0.321474
-0.323113
-0.324639
-0.326102
-0.327512
-0.328819
-0.329887
-0.330566
-0.330596
-0.329765
-0.327885
-0.324927
-0.321001
-0.316496
-0.311976
-0.30806
-0.305318
-0.304069
-0.304344
-0.30593
-0.308485
-0.311582
-0.314861
-0.317943
-0.320587
-0.32266
-0.324187
-0.325318
-0.326232
-0.327098
-0.327999
-0.328935
-0.329751
-0.330256
-0.330213
-0.329397
-0.327642
-0.324814
-0.320916
-0.316076
-0.310625
-0.305076
-0.299965
-0.295743
-0.292584
-0.290394
-0.288947
-0.288041
-0.28767
-0.287911
-0.288811
-0.290208
-0.291747
-0.292962
-0.293396
-0.29274
-0.290876
-0.287801
-0.283594
-0.278398
-0.272544
-0.266657
-0.261794
-0.259499
-0.261255
-0.267766
-0.278449
-0.291668
-0.305435
-0.318199
-0.329101
-0.337897
-0.344699
-0.349808
-0.35353
-0.356145
-0.357844
-0.358752
-0.358947
-0.358417
-0.357126
-0.354981
-0.351921
-0.347806
-0.342555
-0.336085
-0.328392
-0.319552
-0.309723
-0.299157
-0.288239
-0.277466
-0.26744
-0.258975
-0.252946
-0.250149
-0.251008
-0.255385
-0.262454
-0.271023
-0.27979
-0.287588
-0.293549
-0.297041
-0.29768
-0.295486
-0.291047
-0.285703
-0.28145
-0.2803
-0.283315
-0.290032
-0.298814
-0.307791
-0.315628
-0.321729
-0.326035
-0.328831
-0.330441
-0.331207
-0.331396
-0.331191
-0.330719
-0.330013
-0.329074
-0.327841
-0.326186
-0.323973
-0.321037
-0.317188
-0.312288
-0.306272
-0.299198
-0.291363
-0.283273
-0.275622
-0.269142
-0.264441
-0.261821
-0.261323
-0.262779
-0.265988
-0.270708
-0.276655
-0.283455
-0.290653
-0.297794
-0.304466
-0.310365
-0.315317
-0.319285
-0.322274
-0.324343
-0.325582
-0.326042
-0.325815
-0.324944
-0.323475
-0.321486
-0.319023
-0.316153
-0.31293
-0.30936
-0.305394
-0.300951
-0.295993
-0.290576
-0.285042
-0.280108
-0.276761
-0.275855
-0.277613
-0.281441
-0.286106
-0.290345
-0.293296
-0.294796
-0.295258
-0.295405
-0.295913
-0.297136
-0.298954
-0.300902
-0.30246
-0.303247
-0.303223
-0.302631
-0.301951
-0.301718
-0.302386
-0.304214
-0.307163
-0.310971
-0.315168
-0.319245
-0.322705
-0.325183
-0.326427
-0.326314
-0.324851
-0.322168
-0.318445
-0.313968
-0.309038
-0.304016
-0.299331
-0.295499
-0.293136
-0.292862
-0.295037
-0.299655
-0.306247
-0.314077
-0.322312
-0.330275
-0.337463
-0.343661
-0.348773
-0.352861
-0.356044
-0.358429
-0.360151
-0.361327
-0.362072
-0.362452
-0.362506
-0.362242
-0.361681
-0.360822
-0.359618
-0.358049
-0.356136
-0.353899
-0.351425
-0.348828
-0.346271
-0.343948
-0.341975
-0.340451
-0.339377
-0.338648
-0.338047
-0.337369
-0.336401
-0.335001
-0.333114
-0.330763
-0.328057
-0.325137
-0.322186
-0.319321
-0.316676
-0.314374
-0.312509
-0.311159
-0.310416
-0.310271
-0.310679
-0.311523
-0.3127
-0.314116
-0.315746
-0.317659
-0.319915
-0.32252
-0.325364
-0.328197
-0.330669
-0.332405
-0.333151
-0.332774
-0.331336
-0.329017
-0.326099
-0.322901
-0.319717
-0.316884
-0.314679
-0.313362
-0.313117
-0.314025
-0.316055
-0.319083
-0.322897
-0.327229
-0.331793
-0.336329
-0.340613
-0.344473
-0.347812
-0.350576
-0.35275
-0.354319
-0.355263
-0.355562
-0.355182
-0.354036
-0.352068
-0.349193
-0.345461
-0.341035
-0.336258
-0.331734
-0.32819
-0.326303
-0.326485
-0.328693
-0.332461
-0.337102
-0.341902
-0.346321
-0.350031
-0.35286
-0.354716
-0.355562
-0.355291
-0.353755
-0.350728
-0.345975
-0.33926
-0.330533
-0.32011
-0.308873
-0.298302
-0.290269
-0.286439
-0.287553
-0.293022
-0.301124
-0.309766
-0.317253
-0.322771
-0.326417
-0.328801
-0.330684
-0.332588
-0.334731
-0.337106
-0.339608
-0.342168
-0.344698
-0.347148
-0.349474
-0.351596
-0.353458
-0.355032
-0.356321
-0.357283
-0.357847
-0.357913
-0.357378
-0.356103
-0.353977
-0.350968
-0.347083
-0.34252
-0.337677
-0.333188
-0.329847
-0.328403
-0.329332
-0.332551
-0.337539
-0.34354
-0.349833
-0.355869
-0.361331
-0.366061
-0.369951
-0.372898
-0.374814
-0.375649
-0.375404
-0.374159
-0.372167
-0.369756
-0.367337
-0.365266
-0.363737
-0.362796
-0.362309
-0.362148
-0.36235
-0.36312
-0.364824
-0.36776
-0.371995
-0.3773
-0.383207
-0.389169
-0.394718
-0.39952
-0.403381
-0.406224
-0.408058
-0.408927
-0.408919
-0.408168
-0.406887
-0.405354
-0.403884
-0.402848
-0.4025
-0.402999
-0.404323
-0.406292
-0.408659
-0.411107
-0.413307
-0.414906
-0.415558
-0.414948
-0.412948
-0.40976
-0.405976
-0.402636
-0.400961
-0.401945
-0.40592
-0.412432
-0.420408
-0.428584
-0.435909
-0.441661
-0.445411
-0.446987
-0.446229
-0.442959
-0.437011
-0.428258
-0.416866
-0.403535
-0.389654
-0.377022
-0.367285
-0.361293
-0.359035
-0.360286
-0.364973
-0.373206
-0.384747
-0.398727
-0.41374
-0.428228
-0.440913
-0.450946
-0.458042
-0.46236
-0.464436
-0.46505
-0.465072
-0.465269
-0.46609
-0.467601
-0.46954
-0.471424
-0.472738
-0.473014
-0.471922
-0.469184
-0.464638
-0.458169
-0.449698
-0.439237
-0.426941
-0.413203
-0.398747
-0.384734
-0.372622
-0.363792
-0.359048
-0.358544
-0.362002
-0.369058
-0.379031
-0.390648
-0.402233
-0.412175
-0.419393
-0.423528
-0.424663
-0.423218
-0.419795
-0.415099
-0.409875
-0.404893
-0.400803
-0.398053
-0.396773
-0.396776
-0.397555
-0.398387
-0.398497
-0.3973
-0.394567
-0.390657
-0.386529
-0.383522
-0.382861
-0.385101
-0.389862
-0.396069
-0.402506
-0.408204
-0.412684
-0.415777
-0.417545
-0.41814
-0.41773
-0.416457
-0.414443
-0.411779
-0.408578
-0.405008
-0.401263
-0.397593
-0.394279
-0.391598
-0.389754
-0.388853
-0.388907
-0.389796
-0.391292
-0.393148
-0.395095
-0.396889
-0.398379
-0.39947
-0.400145
-0.400428
-0.400358
-0.399965
-0.399255
-0.398235
-0.396882
-0.395216
-0.393311
-0.391283
-0.389261
-0.387395
-0.385788
-0.384412
-0.383199
-0.381953
-0.380475
-0.37859
-0.37615
-0.373105
-0.369359
-0.364789
-0.359249
-0.352677
-0.345269
-0.337718
-0.331238
-0.327365
-0.327371
-0.331722
-0.339754
-0.350014
-0.360793
-0.370694
-0.378886
-0.385027
-0.389141
-0.391437
-0.392171
-0.391602
-0.389925
-0.387268
-0.38373
-0.379375
-0.374259
-0.368505
-0.362266
-0.355789
-0.349344
-0.343174
-0.337432
-0.332126
-0.327173
-0.32242
-0.317829
-0.313522
-0.309788
-0.30702
-0.305594
-0.30565
-0.307031
-0.309326
-0.311943
-0.314378
-0.316368
-0.318042
-0.31976
-0.32203
-0.325192
-0.329244
-0.33387
-0.338549
-0.342777
-0.346211
-0.348743
-0.350444
-0.351527
-0.352266
-0.352945
-0.353796
-0.354942
-0.356452
-0.35829
-0.360378
-0.362603
-0.364837
-0.366934
-0.36883
-0.370426
-0.371662
-0.372505
-0.372928
-0.372944
-0.372578
-0.371886
-0.370967
-0.369921
-0.368815
-0.367671
-0.366413
-0.364885
-0.362921
-0.36046
-0.357625
-0.354692
-0.35197
-0.349519
-0.347059
-0.344144
-0.340454
-0.336134
-0.33186
-0.328431
-0.326266
-0.325092
-0.324017
-0.322147
-0.319284
-0.316233
-0.314409
-0.314986
-0.318208
-0.323482
-0.329896
-0.336779
-0.343838
-0.350942
-0.35795
-0.364609
-0.37063
-0.375772
-0.37989
-0.382975
-0.385118
-0.386471
-0.387238
-0.387583
-0.387639
-0.387532
-0.387353
-0.387139
-0.386916
-0.386685
-0.386453
-0.386195
-0.385906
-0.385553
-0.385127
-0.384607
-0.383959
-0.383157
-0.382175
-0.380963
-0.379471
-0.377621
-0.375319
-0.372475
-0.368992
-0.364825
-0.359938
-0.3544
-0.348317
-0.341877
-0.335338
-0.329059
-0.323605
-0.31986
-0.318784
-0.32104
-0.326452
-0.33399
-0.342109
-0.349412
-0.355017
-0.358563
-0.360127
-0.360052
-0.358758
-0.356742
-0.354523
-0.352561
-0.351209
-0.350697
-0.351052
-0.352146
-0.353703
-0.355418
-0.356954
-0.358068
-0.358578
-0.358368
-0.357383
-0.355618
-0.353129
-0.350041
-0.346563
-0.342994
-0.339691
-0.337021
-0.335307
-0.334703
-0.335192
-0.33656
-0.338482
-0.340652
-0.342797
-0.344716
-0.346291
-0.347466
-0.348282
-0.348746
-0.348945
-0.348937
-0.3488
-0.34863
-0.34848
-0.3484
-0.348424
-0.348538
-0.348732
-0.348901
-0.348966
-0.348817
-0.348357
-0.347456
-0.345977
-0.343755
-0.340567
-0.336182
-0.33038
-0.323174
-0.314949
-0.306751
-0.300265
-0.297283
-0.298949
-0.304984
-0.313903
-0.323796
-0.333108
-0.341019
-0.347276
-0.351986
-0.355406
-0.357825
-0.359474
-0.360548
-0.361191
-0.361492
-0.361526
-0.361343
-0.36095
-0.360384
-0.359633
-0.358706
-0.357594
-0.356279
-0.354779
-0.353078
-0.351192
-0.349139
-0.346938
-0.344664
-0.34238
-0.340221
-0.338316
-0.336872
-0.336022
-0.33595
-0.336715
-0.33834
-0.340707
-0.343637
-0.346889
-0.350183
-0.353274
-0.355935
-0.357977
-0.359323
-0.359836
-0.359695
-0.358928
-0.357658
-0.35608
-0.354448
-0.353101
-0.352383
-0.352633
-0.354059
-0.356747
-0.360583
-0.365321
-0.370627
-0.376145
-0.381525
-0.386468
-0.39071
-0.394044
-0.396305
-0.397343
-0.397084
-0.395524
-0.39278
-0.389055
-0.384661
-0.379949
-0.375284
-0.370953
-0.367174
-0.364195
-0.362321
-0.362026
-0.363789
-0.367886
-0.374104
-0.381709
-0.389618
-0.396795
-0.402471
-0.406257
-0.408053
-0.408014
-0.406428
-0.403611
-0.399886
-0.395529
-0.390759
-0.38572
-0.380485
-0.375121
-0.369744
-0.364553
-0.359834
-0.355908
-0.353087
-0.351571
-0.351323
-0.352075
-0.353306
-0.354345
-0.354387
-0.352551
-0.348004
-0.340192
-0.329356
-0.317223
-0.307324
-0.303724
-0.3085
-0.320072
-0.334464
-0.347893
-0.358353
-0.365408
-0.369476
-0.371258
-0.371391
-0.370349
-0.368513
-0.366162
-0.363559
-0.360997
-0.358759
-0.357118
-0.356244
-0.356173
-0.356786
-0.357791
-0.358851
-0.359638
-0.359873
-0.359356
-0.357987
-0.355762
-0.352733
-0.34902
-0.344824
-0.340385
-0.335995
-0.331998
-0.328754
-0.326594
-0.325772
-0.326369
-0.328304
-0.331286
-0.33488
-0.338715
-0.34241
-0.345736
-0.348583
-0.350921
-0.352806
-0.354299
-0.355502
-0.35649
-0.357335
-0.358089
-0.358785
-0.359438
-0.360025
-0.360539
-0.360916
-0.361077
-0.360933
-0.360373
-0.35929
-0.357588
-0.35521
-0.352158
-0.348538
-0.344521
-0.340323
-0.336078
-0.331746
-0.327038
-0.321528
-0.314765
-0.306577
-0.29716
-0.287132
-0.277256
-0.268203
-0.260415
-0.254376
-0.250869
-0.25092
-0.255249
-0.263679
-0.275074
-0.287805
-0.300416
-0.311976
-0.322068
-0.330628
-0.337786
-0.343729
-0.348636
-0.352651
-0.355909
-0.35849
-0.360473
-0.361934
-0.362918
-0.363482
-0.363654
-0.363483
-0.362992
-0.362205
-0.361131
-0.359764
-0.358095
-0.3561
-0.353718
-0.350898
-0.34753
-0.343496
-0.338647
-0.332778
-0.325664
-0.317104
-0.30694
-0.295276
-0.28264
-0.270296
-0.260172
-0.254406
-0.254392
-0.259975
-0.269544
-0.280883
-0.292121
-0.302145
-0.310505
-0.317158
-0.322267
-0.326059
-0.328769
-0.330589
-0.331716
-0.332314
-0.332511
-0.332475
-0.332321
-0.332149
-0.332052
-0.332098
-0.332301
-0.33267
-0.3332
-0.333822
-0.334498
-0.335163
-0.335771
-0.336268
-0.336622
-0.336815
-0.33682
-0.336625
-0.336242
-0.335672
-0.334925
-0.333985
-0.332856
-0.331501
-0.32992
-0.328075
-0.325981
-0.323664
-0.321197
-0.318699
-0.316313
-0.314252
-0.312699
-0.311785
-0.311533
-0.311875
-0.312649
-0.313641
-0.314622
-0.315427
-0.315986
-0.316336
-0.316598
-0.316986
-0.317733
-0.319045
-0.321038
-0.323693
-0.326863
-0.330342
-0.333855
-0.33718
-0.340125
-0.342552
-0.344407
-0.345683
-0.346397
-0.346573
-0.346275
-0.345549
-0.344454
-0.343035
-0.341329
-0.339325
-0.337012
-0.334358
-0.331379
-0.32805
-0.324424
-0.320634
-0.316919
-0.313647
-0.311296
-0.310368
-0.311244
-0.313994
-0.318296
-0.323505
-0.328837
-0.333653
-0.337606
-0.340633
-0.342956
-0.344921
-0.346856
-0.348938
-0.351167
-0.353424
-0.355381
-0.35665
-0.356762
-0.355264
-0.35184
-0.346473
-0.339553
-0.332001
-0.325162
-0.320546
-0.319381
-0.322238
-0.328762
-0.337805
-0.34787
-0.357627
-0.366178
-0.373107
-0.378361
-0.382064
-0.384379
-0.385424
-0.385297
-0.383985
-0.381445
-0.377585
-0.372348
-0.365821
-0.358276
-0.350274
-0.342621
-0.336285
-0.332148
-0.330703
-0.331856
-0.33495
-0.338949
-0.342848
-0.345902
-0.347877
-0.348984
-0.349663
-0.350438
-0.351711
-0.35368
-0.356299
-0.359342
-0.362527
-0.365598
-0.368378
-0.370776
-0.37279
-0.374493
-0.37594
-0.377214
-0.37835
-0.379359
-0.380226
-0.380905
-0.381308
-0.381376
-0.381029
-0.380194
-0.378839
-0.376937
-0.374516
-0.371688
-0.368632
-0.365585
-0.362858
-0.360779
-0.359639
-0.359608
-0.360754
-0.362973
-0.366046
-0.36969
-0.373614
-0.377552
-0.381297
-0.384731
-0.387767
-0.390355
-0.392474
-0.394133
-0.395325
-0.396052
-0.396309
-0.396104
-0.395456
-0.394364
-0.392854
-0.390931
-0.388597
-0.385817
-0.382543
-0.378741
-0.374474
-0.370016
-0.365878
-0.362729
-0.361187
-0.361491
-0.363421
-0.366402
-0.369718
-0.372864
-0.375549
-0.377782
-0.379679
-0.381432
-0.383181
-0.385029
-0.386969
-0.388971
-0.390996
-0.39302
-0.395038
-0.397082
-0.399186
-0.401333
-0.403465
-0.405506
-0.40736
-0.408938
-0.410173
-0.411076
-0.411668
-0.412024
-0.412252
-0.412439
-0.412702
-0.413119
-0.413749
-0.414616
-0.415745
-0.417106
-0.418652
-0.420346
-0.422146
-0.423992
-0.425845
-0.427671
-0.429449
-0.43115
-0.432765
-0.434282
-0.435666
-0.436903
-0.437977
-0.438838
-0.439444
-0.439734
-0.439661
-0.439174
-0.438263
-0.436963
-0.435374
-0.433683
-0.432145
-0.431073
-0.430733
-0.431301
-0.43274
-0.434908
-0.437497
-0.44017
-0.442617
-0.44461
-0.446013
-0.446843
-0.447161
-0.447096
-0.446817
-0.446489
-0.446276
-0.446284
-0.446566
-0.447142
-0.447939
-0.448896
-0.449892
-0.450813
-0.451556
-0.452055
-0.45231
-0.452361
-0.452344
-0.452404
-0.452708
-0.453383
-0.454485
-0.455977
-0.45774
-0.459606
-0.461384
-0.462882
-0.463959
-0.464472
-0.464327
-0.463496
-0.461922
-0.45958
-0.456492
-0.45269
-0.448256
-0.443312
-0.438042
-0.432692
-0.427558
-0.422951
-0.419201
-0.416578
-0.415241
-0.415228
-0.4164
-0.418532
-0.421291
-0.42431
-0.42724
-0.42981
-0.431812
-0.433153
-0.433828
-0.433932
-0.43363
-0.433133
-0.432651
-0.43233
-0.432273
-0.432447
-0.432777
-0.433084
-0.433235
-0.433048
-0.432417
-0.431255
-0.429493
-0.427098
-0.424052
-0.420359
-0.41603
-0.411118
-0.405711
-0.399929
-0.393938
-0.387958
-0.382274
-0.377121
-0.372771
-0.369411
-0.367162
-0.366024
-0.365946
-0.366751
-0.36825
-0.370224
-0.372483
-0.374858
-0.377223
-0.379485
-0.38159
-0.3835
-0.385183
-0.386607
-0.38775
-0.388581
-0.389048
-0.389142
-0.388814
-0.388076
-0.386926
-0.385411
-0.383627
-0.381714
-0.379872
-0.378303
-0.37722
-0.376754
-0.376979
-0.377845
-0.379222
-0.380913
-0.382705
-0.38442
-0.385877
-0.386973
-0.387608
-0.387735
-0.387329
-0.386385
-0.384919
-0.382963
-0.380562
-0.3778
-0.374775
-0.371624
-0.368499
-0.365524
-0.362884
-0.360717
-0.359155
-0.358274
-0.358071
-0.358479
-0.359327
-0.360445
-0.361666
-0.362813
-0.363781
-0.364516
-0.364996
-0.365238
-0.36527
-0.365129
-0.364865
-0.364532
-0.364182
-0.363826
-0.363444
-0.362985
-0.362296
-0.361107
-0.359035
-0.355586
-0.350249
-0.342637
-0.332782
-0.321567
-0.31111
-0.304463
-0.304289
-0.311158
-0.323024
-0.336594
-0.349042
-0.358895
-0.36584
-0.370195
-0.372537
-0.373463
-0.373493
-0.373028
-0.372409
-0.371823
-0.37141
-0.37123
-0.37126
-0.371452
-0.371723
-0.371991
-0.372175
-0.372238
-0.372138
-0.371908
-0.371561
-0.371147
-0.370701
-0.370253
-0.369839
-0.369443
-0.36907
-0.36874
-0.368463
-0.368329
-0.368423
-0.368849
-0.369733
-0.371166
-0.373197
-0.375829
-0.379014
-0.382602
-0.386449
-0.390368
-0.39416
-0.397629
-0.400596
-0.402881
-0.404335
-0.404829
-0.404269
-0.402582
-0.399821
-0.396061
-0.391462
-0.386321
-0.380978
-0.37588
-0.371569
-0.368532
-0.367141
-0.367472
-0.369228
-0.37181
-0.374503
-0.376599
-0.377588
-0.3772
-0.375433
-0.372537
-0.368964
-0.365301
-0.362173
-0.360165
-0.359671
-0.360863
-0.36371
-0.367926
-0.373032
-0.378419
-0.383498
-0.387726
-0.39073
-0.392371
-0.392726
-0.392059
-0.390766
-0.38929
-0.388014
-0.38718
-0.386868
-0.387017
-0.387497
-0.388209
-0.389108
-0.390188
-0.391461
-0.392909
-0.394462
-0.39601
-0.397406
-0.398489
-0.399087
-0.399044
-0.398236
-0.396528
-0.393871
-0.390196
-0.385567
-0.380101
-0.374028
-0.367741
-0.361757
-0.356633
-0.352934
-0.35108
-0.351284
-0.353455
-0.357236
-0.362087
-0.367392
-0.372615
-0.377317
-0.381267
-0.38443
-0.386845
-0.388643
-0.389992
-0.391053
-0.391902
-0.392583
-0.393043
-0.393197
-0.392902
-0.392063
-0.390569
-0.388373
-0.385472
-0.381923
-0.377856
-0.373439
-0.368922
-0.364565
-0.360631
-0.357313
-0.354723
-0.35288
-0.35174
-0.35117
-0.351025
-0.351151
-0.351413
-0.351687
-0.351949
-0.352197
-0.3525
-0.352988
-0.3538
-0.355019
-0.356681
-0.358693
-0.36086
-0.362974
-0.364823
-0.366268
-0.367207
-0.367628
-0.367558
-0.36707
-0.366246
-0.365195
-0.364054
-0.362982
-0.362183
-0.361869
-0.362275
-0.363573
-0.365833
-0.368981
-0.372827
-0.377087
-0.381438
-0.385591
-0.389316
-0.392463
-0.394951
-0.39675
-0.397879
-0.398365
-0.398262
-0.397606
-0.39646
-0.39487
-0.392848
-0.390443
-0.38767
-0.384543
-0.381087
-0.377343
-0.373405
-0.369386
-0.365436
-0.361715
-0.358391
-0.355575
-0.353322
-0.351606
-0.350307
-0.349244
-0.348218
-0.347067
-0.345663
-0.34402
-0.34224
-0.340581
-0.339406
-0.339164
-0.340285
-0.343054
-0.347537
-0.353519
-0.360549
-0.368022
-0.375305
-0.38178
-0.386968
-0.390423
-0.391721
-0.390413
-0.38602
-0.378193
-0.366985
-0.353442
-0.340079
-0.330581
-0.32806
-0.332926
-0.342586
-0.353282
-0.36216
-0.36792
-0.370501
-0.370344
-0.367974
-0.363807
-0.358188
-0.351566
-0.344802
-0.339175
-0.336114
-0.336465
-0.339909
-0.345026
-0.349954
-0.353131
-0.353701
-0.351544
-0.347147
-0.341446
-0.335645
-0.331066
-0.328798
-0.329421
-0.332809
-0.338192
-0.3444
-0.35015
-0.354396
-0.356312
-0.355427
-0.351548
-0.344907
-0.336295
-0.327259
-0.319981
-0.316623
-0.31829
-0.324486
-0.333381
-0.34286
-0.351351
-0.358113
-0.362996
-0.366268
-0.368276
-0.369379
-0.369856
-0.369951
-0.36977
-0.369422
-0.368929
-0.368286
-0.36746
-0.366399
-0.365056
-0.363369
-0.361334
-0.358943
-0.356265
-0.353396
-0.350513
-0.347838
-0.345624
-0.344107
-0.343462
-0.343754
-0.344918
-0.346794
-0.349119
-0.351605
-0.354037
-0.35622
-0.358047
-0.359497
-0.360565
-0.3613
-0.361777
-0.362068
-0.362253
-0.362456
-0.362791
-0.363371
-0.364272
-0.365527
-0.36708
-0.368822
-0.370611
-0.372285
-0.373744
-0.374898
-0.375666
-0.376068
-0.37607
-0.375707
-0.37498
-0.37394
-0.372662
-0.371307
-0.370097
-0.36933
-0.369331
-0.370384
-0.372593
-0.375855
-0.379875
-0.384233
-0.388498
-0.392291
-0.395373
-0.397619
-0.399005
-0.399591
-0.399478
-0.398802
-0.397714
-0.39636
-0.394879
-0.393408
-0.392045
-0.390865
-0.389903
-0.38917
-0.388654
-0.388315
-0.388098
-0.387972
-0.387888
-0.387818
-0.387775
-0.387775
-0.387831
-0.388019
-0.388396
-0.389023
-0.389972
-0.391304
-0.393013
-0.39508
-0.397675
-0.400257
-0.402954
-0.405633
-0.408209
-0.410553
-0.412592
-0.414243
-0.415455
-0.416206
-0.416526
-0.416456
-0.416107
-0.415572
-0.415006
-0.414498
-0.414117
-0.413866
-0.413671
-0.413431
-0.412975
-0.412201
-0.411038
-0.40947
-0.407592
-0.405555
-0.403589
-0.401962
-0.400932
-0.40071
-0.401389
-0.402964
-0.405276
-0.408091
-0.411144
-0.414164
-0.416914
-0.419188
-0.420888
-0.421904
-0.422239
-0.421888
-0.42095
-0.419523
-0.417785
-0.415955
-0.414264
-0.412942
-0.412229
-0.412247
-0.41299
-0.414323
-0.415956
-0.417556
-0.418753
-0.419227
-0.418794
-0.417328
-0.414835
-0.411397
-0.407192
-0.402517
-0.39777
-0.393477
-0.390157
-0.388219
-0.387774
-0.388593
-0.390204
-0.392009
-0.393515
-0.394395
-0.39454
-0.394009
-0.39301
-0.391833
-0.390861
-0.390403
-0.39071
-0.391891
-0.39391
-0.396623
-0.399845
-0.403415
-0.407175
-0.410966
-0.414635
-0.418004
-0.420913
-0.423211
-0.424792
-0.42559
-0.42558
-0.424738
-0.423081
-0.420631
-0.417433
-0.413545
-0.409077
-0.404189
-0.399095
-0.394073
-0.389381
-0.385214
-0.381714
-0.378861
-0.376563
-0.374693
-0.373177
-0.372035
-0.371427
-0.371612
-0.372814
-0.375172
-0.378668
-0.383106
-0.388175
-0.393531
-0.398823
-0.403812
-0.408325
-0.412271
-0.415652
-0.418491
-0.420842
-0.422774
-0.424359
-0.425657
-0.426754
-0.427689
-0.428536
-0.429338
-0.430145
-0.431
-0.431911
-0.432891
-0.433924
-0.43495
-0.435831
-0.436331
-0.436044
-0.434349
-0.430321
-0.422678
-0.410011
-0.39144
-0.36825
-0.345723
-0.332294
-0.333837
-0.348232
-0.367723
-0.385695
-0.399605
-0.409796
-0.417511
-0.423855
-0.42949
-0.434646
-0.439284
-0.443286
-0.4465
-0.448833
-0.450254
-0.450791
-0.450514
-0.449518
-0.447945
-0.445943
-0.443639
-0.44115
-0.438547
-0.43585
-0.433021
-0.429997
-0.426653
-0.422891
-0.418624
-0.413842
-0.408645
-0.403259
-0.398091
-0.393693
-0.390698
-0.389707
-0.391062
-0.394799
-0.400626
-0.407965
-0.416178
-0.424651
-0.432911
-0.44062
-0.447554
-0.453592
-0.45868
-0.462816
-0.466027
-0.468347
-0.46983
-0.470522
-0.470473
-0.469734
-0.468375
-0.466471
-0.464141
-0.461524
-0.45883
-0.456248
-0.453967
-0.452124
-0.450742
-0.44972
-0.448873
-0.447918
-0.446571
-0.444593
-0.441816
-0.438174
-0.433701
-0.428536
-0.42295
-0.417257
-0.411863
-0.407151
-0.403431
-0.400945
-0.399797
-0.399961
-0.401349
-0.403792
-0.407111
-0.411076
-0.415463
-0.420027
-0.424514
-0.428711
-0.432397
-0.435437
-0.437688
-0.439019
-0.439344
-0.438575
-0.436702
-0.433773
-0.429975
-0.425574
-0.420987
-0.416676
-0.413146
-0.410861
-0.410197
-0.41136
-0.414361
-0.418995
-0.424897
-0.431605
-0.438618
-0.445475
-0.45182
-0.457391
-0.46208
-0.465831
-0.468656
-0.470625
-0.47175
-0.472021
-0.47135
-0.469588
-0.466602
-0.462255
-0.456441
-0.44925
-0.44093
-0.432023
-0.423275
-0.415544
-0.409604
-0.406033
-0.405017
-0.406388
-0.409702
-0.414395
-0.419845
-0.425471
-0.43076
-0.435337
-0.439016
-0.441786
-0.443828
-0.445417
-0.446869
-0.448435
-0.450288
-0.452399
-0.454655
-0.45682
-0.458564
-0.459596
-0.45959
-0.458275
-0.4554
-0.450808
-0.444492
-0.43669
-0.428045
-0.419539
-0.412358
-0.40747
-0.405227
-0.40522
-0.406585
-0.408349
-0.409822
-0.410677
-0.410972
-0.410977
-0.411092
-0.41173
-0.413184
-0.415622
-0.419011
-0.423201
-0.427929
-0.432951
-0.438046
-0.443033
-0.44777
-0.452142
-0.456019
-0.459274
-0.461746
-0.463288
-0.463753
-0.462989
-0.460856
-0.457306
-0.452391
-0.446451
-0.440181
-0.434626
-0.431029
-0.430318
-0.432694
-0.437505
-0.44362
-0.449865
-0.455423
-0.459919
-0.463331
-0.465872
-0.467828
-0.469512
-0.471218
-0.473168
-0.475512
-0.478347
-0.481683
-0.485467
-0.489632
-0.494037
-0.498566
-0.503097
-0.507523
-0.511692
-0.515471
-0.518672
-0.521124
-0.522662
-0.523196
-0.52275
-0.521507
-0.519789
-0.51795
-0.516232
-0.514616
-0.512785
-0.510232
-0.506525
-0.501436
-0.49509
-0.487942
-0.4807
-0.474249
-0.469496
-0.467181
-0.467756
-0.471223
-0.477075
-0.484392
-0.491948
-0.498503
-0.50298
-0.504608
-0.502969
-0.498046
-0.490226
-0.480329
-0.469632
-0.459713
-0.452199
-0.448316
-0.448582
-0.452652
-0.459592
-0.468263
-0.477682
-0.487149
-0.496265
-0.504748
-0.512312
-0.518668
-0.523544
-0.526778
-0.528382
-0.528503
-0.527418
-0.525436
-0.522896
-0.520091
-0.517267
-0.514572
-0.512117
-0.509982
-0.508192
-0.506752
-0.505658
-0.50489
-0.504412
-0.504151
-0.504024
-0.503936
-0.503789
-0.503479
-0.502926
-0.502104
-0.500983
-0.499572
-0.497939
-0.496163
-0.49437
-0.492685
-0.491222
-0.490093
-0.48939
-0.489135
-0.489298
-0.489836
-0.490636
-0.491599
-0.492641
-0.493661
-0.494579
-0.495314
-0.495821
-0.49604
-0.495931
-0.495455
-0.494549
-0.49316
-0.491196
-0.488564
-0.485124
-0.480727
-0.475144
-0.46812
-0.459441
-0.449049
-0.437332
-0.425429
-0.415348
-0.409506
-0.409655
-0.415769
-0.426058
-0.438002
-0.44949
-0.459317
-0.467094
-0.472909
-0.477053
-0.479881
-0.481684
-0.482739
-0.483226
-0.483261
-0.482923
-0.482229
-0.481172
-0.479732
-0.477933
-0.475801
-0.473417
-0.470907
-0.468402
-0.466003
-0.463836
-0.461928
-0.46025
-0.458739
-0.457325
-0.4559
-0.454372
-0.452681
-0.450803
-0.448746
-0.446575
-0.444407
-0.44238
-0.44065
-0.439421
-0.438877
-0.439156
-0.440349
-0.442393
-0.445135
-0.448299
-0.451539
-0.454518
-0.456923
-0.458478
-0.458986
-0.458287
-0.456238
-0.452757
-0.447825
-0.441498
-0.43401
-0.425744
-0.417272
-0.409243
-0.402282
-0.396841
-0.393177
-0.391283
-0.391002
-0.392058
-0.394181
-0.397114
-0.400633
-0.404516
-0.408525
-0.412393
-0.415835
-0.418591
-0.420465
-0.421369
-0.421272
-0.420226
-0.418366
-0.415855
-0.412884
-0.409693
-0.406522
-0.40364
-0.401256
-0.399554
-0.398651
-0.39858
-0.399288
-0.400674
-0.402576
-0.404828
-0.407286
-0.409787
-0.412207
-0.414445
-0.416398
-0.417957
-0.419003
-0.419371
-0.418879
-0.417267
-0.414235
-0.409486
-0.402784
-0.394126
-0.383913
-0.373159
-0.363339
-0.356156
-0.352847
-0.353769
-0.358384
-0.365608
-0.37426
-0.38329
-0.391945
-0.399784
-0.406685
-0.41268
-0.417887
-0.422403
-0.426239
-0.42933
-0.431552
-0.432709
-0.432605
-0.431035
-0.42785
-0.422981
-0.416542
-0.408829
-0.400332
-0.391712
-0.383625
-0.376629
-0.371134
-0.367373
-0.365473
-0.365423
-0.367084
-0.370155
-0.37418
-0.378659
-0.383133
-0.387436
-0.391762
-0.396493
-0.402074
-0.408613
-0.415913
-0.423476
-0.430762
-0.43731
-0.442824
-0.447204
-0.450446
-0.452617
-0.453838
-0.454276
-0.454094
-0.453479
-0.452596
-0.451602
-0.450604
-0.449659
-0.448762
-0.447811
-0.446699
-0.445285
-0.443486
-0.441257
-0.438669
-0.43592
-0.433273
-0.431002
-0.429317
-0.428296
-0.427873
-0.427902
-0.428244
-0.428848
-0.429793
-0.431301
-0.433606
-0.436797
-0.440814
-0.445354
-0.449969
-0.454264
-0.457928
-0.460878
-0.463134
-0.464864
-0.466251
-0.467433
-0.468481
-0.469389
-0.470052
-0.470356
-0.470192
-0.469436
-0.468049
-0.466042
-0.463449
-0.460385
-0.45702
-0.453536
-0.450153
-0.447068
-0.444495
-0.442541
-0.441303
-0.440751
-0.440856
-0.44149
-0.442545
-0.443883
-0.445393
-0.446973
-0.448526
-0.449973
-0.451235
-0.452217
-0.452853
-0.453093
-0.452887
-0.452248
-0.451186
-0.449801
-0.448165
-0.446366
-0.444391
-0.442122
-0.439323
-0.435759
-0.431261
-0.425997
-0.420529
-0.415855
-0.413117
-0.413197
-0.416306
-0.421947
-0.429185
-0.436998
-0.444551
-0.451268
-0.456795
-0.460975
-0.463755
-0.465153
-0.465271
-0.464289
-0.46248
-0.46015
-0.457674
-0.455389
-0.453618
-0.452589
-0.452356
-0.452901
-0.454064
-0.455594
-0.457225
-0.458673
-0.459726
-0.460201
-0.460046
-0.459248
-0.457925
-0.456276
-0.454489
-0.45276
-0.451188
-0.449697
-0.448025
-0.445766
-0.442403
-0.437471
-0.430617
-0.421806
-0.411597
-0.401381
-0.393297
-0.389555
-0.39121
-0.397549
-0.406436
-0.415491
-0.423038
-0.428232
-0.430904
-0.431251
-0.429729
-0.427009
-0.42395
-0.421521
-0.420597
-0.421703
-0.424799
-0.429381
-0.434694
-0.439973
-0.444646
-0.448388
-0.451087
-0.452788
-0.453594
-0.453662
-0.45312
-0.45211
-0.450761
-0.449179
-0.447454
-0.445679
-0.4439
-0.442177
-0.440548
-0.439046
-0.43766
-0.436413
-0.435263
-0.434177
-0.433089
-0.431995
-0.430832
-0.429579
-0.428221
-0.426785
-0.425328
-0.423907
-0.422656
-0.421648
-0.420946
-0.420578
-0.420524
-0.420698
-0.421053
-0.421556
-0.42222
-0.423075
-0.424195
-0.425621
-0.427367
-0.429399
-0.431617
-0.433886
-0.436112
-0.438189
-0.440063
-0.441721
-0.443164
-0.444441
-0.445594
-0.446677
-0.447718
-0.448751
-0.449773
-0.450775
-0.451743
-0.452628
-0.453385
-0.454
-0.454426
-0.454675
-0.454766
-0.454781
-0.454781
-0.454886
-0.455181
-0.455744
-0.456591
-0.457682
-0.458877
-0.460002
-0.460775
-0.460913
-0.460171
-0.458356
-0.455408
-0.451434
-0.44676
-0.441818
-0.437069
-0.432925
-0.429578
-0.42709
-0.425449
-0.424671
-0.424864
-0.426198
-0.428749
-0.432491
-0.437201
-0.442525
-0.448066
-0.453413
-0.458246
-0.462357
-0.465623
-0.468036
-0.469647
-0.470547
-0.470881
-0.470767
-0.470323
-0.469676
-0.468921
-0.468113
-0.467286
-0.466462
-0.465616
-0.464709
-0.463687
-0.462472
-0.460971
-0.459138
-0.456934
-0.454383
-0.451593
-0.448797
-0.446317
-0.444501
-0.443646
-0.443945
-0.445305
-0.44749
-0.450114
-0.452823
-0.455277
-0.457283
-0.458768
-0.459702
-0.460098
-0.459994
-0.459416
-0.458346
-0.456779
-0.454731
-0.452239
-0.449447
-0.446636
-0.444262
-0.442876
-0.443053
-0.445141
-0.449124
-0.454544
-0.460689
-0.466817
-0.472279
-0.476705
-0.479915
-0.481895
-0.482733
-0.482553
-0.481505
-0.479757
-0.477507
-0.474926
-0.472257
-0.469695
-0.46746
-0.465688
-0.464427
-0.463653
-0.463225
-0.462926
-0.462472
-0.461568
-0.459954
-0.457466
-0.454116
-0.450173
-0.446305
-0.443415
-0.442448
-0.443985
-0.447947
-0.453558
-0.459727
-0.465404
-0.469822
-0.472529
-0.473368
-0.472292
-0.46937
-0.464685
-0.458362
-0.450673
-0.442136
-0.433666
-0.426642
-0.42257
-0.422607
-0.42687
-0.434394
-0.443555
-0.452776
-0.460954
-0.467539
-0.472432
-0.475767
-0.477775
-0.478722
-0.478831
-0.478292
-0.477224
-0.475666
-0.473588
-0.470905
-0.467449
-0.462999
-0.457336
-0.450254
-0.441686
-0.43178
-0.421032
-0.410386
-0.401086
-0.394409
-0.391222
-0.391586
-0.39473
-0.399463
-0.404623
-0.40936
-0.413276
-0.416593
-0.418895
-0.420794
-0.422524
-0.424217
-0.425918
-0.427598
-0.42921
-0.430677
-0.431959
-0.433003
-0.433842
-0.434479
-0.434947
-0.43525
-0.435423
-0.435445
-0.435308
-0.434952
-0.434321
-0.43334
-0.431903
-0.429909
-0.427263
-0.423919
-0.419905
-0.415392
-0.410699
-0.406314
-0.402796
-0.40061
-0.400034
-0.400989
-0.403095
-0.405805
-0.408488
-0.410624
-0.411851
-0.411992
-0.411019
-0.409039
-0.40625
-0.402879
-0.39911
-0.39507
-0.390729
-0.385971
-0.380592
-0.374429
-0.367493
-0.360011
-0.35264
-0.346375
-0.342436
-0.341905
-0.345408
-0.352901
-0.363807
-0.377192
-0.391931
-0.406857
-0.420885
-0.433133
-0.443017
-0.450186
-0.454495
-0.455893
-0.454446
-0.450291
-0.443745
-0.435385
-0.426105
-0.417064
-0.409473
-0.404252
-0.401819
-0.402022
-0.40434
-0.408172
-0.41299
-0.418409
-0.424108
-0.429783
-0.435171
-0.440007
-0.44411
-0.447436
-0.450002
-0.451928
-0.45338
-0.454505
-0.455411
-0.456163
-0.456739
-0.457091
-0.45715
-0.456876
-0.456249
-0.455296
-0.454075
-0.452685
-0.451209
-0.449734
-0.448316
-0.446973
-0.445684
-0.444366
-0.442909
-0.441157
-0.438926
-0.436035
-0.432335
-0.427749
-0.422314
-0.416153
-0.409569
-0.402925
-0.396601
-0.39097
-0.386385
-0.383202
-0.381845
-0.382766
-0.386243
-0.392245
-0.400344
-0.409759
-0.419597
-0.429034
-0.43746
-0.444517
-0.450042
-0.454009
-0.456507
-0.457648
-0.457543
-0.456319
-0.454058
-0.450848
-0.446809
-0.442078
-0.436845
-0.431352
-0.425894
-0.420796
-0.416339
-0.412719
-0.410022
-0.408214
-0.407203
-0.406853
-0.407045
-0.407711
-0.408809
-0.410271
-0.412028
-0.413964
-0.415935
-0.41778
-0.419339
-0.420504
-0.421175
-0.42133
-0.420984
-0.420199
-0.419049
-0.41764
-0.416075
-0.414448
-0.412867
-0.411415
-0.410162
-0.409163
-0.408493
-0.40815
-0.408168
-0.408573
-0.409345
-0.410468
-0.411922
-0.413642
-0.415576
-0.41766
-0.419846
-0.42206
-0.424237
-0.426335
-0.428295
-0.430084
-0.431655
-0.432982
-0.434017
-0.434742
-0.435138
-0.435189
-0.434895
-0.434245
-0.433275
-0.431986
-0.43042
-0.428641
-0.426673
-0.424551
-0.422323
-0.420027
-0.417693
-0.415362
-0.413116
-0.411033
-0.409243
-0.40787
-0.407076
-0.406962
-0.407585
-0.408948
-0.410979
-0.413495
-0.416322
-0.419231
-0.422038
-0.424553
-0.426651
-0.428241
-0.429258
-0.429665
-0.429477
-0.428726
-0.427475
-0.425821
-0.423883
-0.421798
-0.419703
-0.417771
-0.416142
-0.414907
-0.414182
-0.413978
-0.414315
-0.415178
-0.416544
-0.418359
-0.420559
-0.423073
-0.425801
-0.428665
-0.431554
-0.43439
-0.437096
-0.43959
-0.441806
-0.443701
-0.445231
-0.446342
-0.447011
-0.447185
-0.446818
-0.445842
-0.444198
-0.441846
-0.438699
-0.434741
-0.429975
-0.424434
-0.41827
-0.411701
-0.405034
-0.398691
-0.393126
-0.388777
-0.386008
-0.385067
-0.386004
-0.388695
-0.392851
-0.398112
-0.404073
-0.410337
-0.416588
-0.422575
-0.428145
-0.433207
-0.437741
-0.441767
-0.445328
-0.448486
-0.451289
-0.453789
-0.456038
-0.458068
-0.459865
-0.461432
-0.462703
-0.46359
-0.463981
-0.463756
-0.462707
-0.460637
-0.45734
-0.452647
-0.446519
-0.439131
-0.430976
-0.422872
-0.415766
-0.410514
-0.407646
-0.407266
-0.409213
-0.413131
-0.418512
-0.424576
-0.430422
-0.43511
-0.437994
-0.438887
-0.438035
-0.436048
-0.433719
-0.431787
-0.430777
-0.430896
-0.432046
-0.433905
-0.436131
-0.438428
-0.440637
-0.442719
-0.444608
-0.446251
-0.447558
-0.448438
-0.448868
-0.448887
-0.448681
-0.448607
-0.44925
-0.451293
-0.455157
-0.460752
-0.467445
-0.474286
-0.48034
-0.484912
-0.487608
-0.488238
-0.486815
-0.483402
-0.478208
-0.471603
-0.464121
-0.456493
-0.449543
-0.443962
-0.440173
-0.438248
-0.437987
-0.43911
-0.441414
-0.444747
-0.448948
-0.453798
-0.459012
-0.464308
-0.46941
-0.474144
-0.478397
-0.482094
-0.48519
-0.487642
-0.489376
-0.490348
-0.490524
-0.489909
-0.488576
-0.486652
-0.484365
-0.481959
-0.479643
-0.4776
-0.475903
-0.474539
-0.473379
-0.472216
-0.470834
-0.468986
-0.466504
-0.46329
-0.459409
-0.455079
-0.450635
-0.446548
-0.443335
-0.441463
-0.441282
-0.442932
-0.446298
-0.451058
-0.456677
-0.462565
-0.468171
-0.473026
-0.476832
-0.479427
-0.480787
-0.481026
-0.480352
-0.478994
-0.477246
-0.475414
-0.473775
-0.472556
-0.471894
-0.471822
-0.472299
-0.473188
-0.47432
-0.475523
-0.476618
-0.477483
-0.47794
-0.477824
-0.47693
-0.475025
-0.47185
-0.467191
-0.46094
-0.453165
-0.444198
-0.434651
-0.425419
-0.417482
-0.41176
-0.408853
-0.408935
-0.411656
-0.416316
-0.422093
-0.428175
-0.433986
-0.43915
-0.443517
-0.447096
-0.450016
-0.45242
-0.454458
-0.45628
-0.457988
-0.459639
-0.461287
-0.46292
-0.464499
-0.465946
-0.467187
-0.468137
-0.468715
-0.468834
-0.46844
-0.467492
-0.465981
-0.463901
-0.461264
-0.45808
-0.454288
-0.449748
-0.444215
-0.43741
-0.429186
-0.419931
-0.410833
-0.403827
-0.400878
-0.40277
-0.408565
-0.416193
-0.423645
-0.429784
-0.434371
-0.437728
-0.440369
-0.442704
-0.444973
-0.447228
-0.449407
-0.451381
-0.453058
-0.454321
-0.455092
-0.455292
-0.454827
-0.453628
-0.451632
-0.448772
-0.445045
-0.440463
-0.435117
-0.42917
-0.422898
-0.416734
-0.411163
-0.406739
-0.40395
-0.403054
-0.40406
-0.406744
-0.410766
-0.415736
-0.421294
-0.427133
-0.432953
-0.438535
-0.443654
-0.448195
-0.45205
-0.455219
-0.457694
-0.459519
-0.460736
-0.461411
-0.461592
-0.461314
-0.46058
-0.459383
-0.457684
-0.455418
-0.452478
-0.448753
-0.444097
-0.438363
-0.431473
-0.423439
-0.414412
-0.404816
-0.395302
-0.386732
-0.37992
-0.375436
-0.373373
-0.373378
-0.374849
-0.377255
-0.380323
-0.384046
-0.388586
-0.393998
-0.400154
-0.406702
-0.41317
-0.419149
-0.424343
-0.428601
-0.43193
-0.434404
-0.436139
-0.437274
-0.437903
-0.438095
-0.437876
-0.437198
-0.436008
-0.434192
-0.431657
-0.428354
-0.424358
-0.419886
-0.415333
-0.411211
-0.407969
-0.405888
-0.404936
-0.404792
-0.404953
-0.40498
-0.404564
-0.403591
-0.402089
-0.400212
-0.398233
-0.396432
-0.395163
-0.39473
-0.39536
-0.397142
-0.399968
-0.403614
-0.407758
-0.412062
-0.416272
-0.420191
-0.423712
-0.426815
-0.429495
-0.431805
-0.433785
-0.435498
-0.437007
-0.438352
-0.439579
-0.440723
-0.441806
-0.442862
-0.443886
-0.444879
-0.44584
-0.44674
-0.44756
-0.448284
-0.448885
-0.44934
-0.449616
-0.44969
-0.44955
-0.449154
-0.448481
-0.447479
-0.446118
-0.444355
-0.442163
-0.439501
-0.436319
-0.432575
-0.428177
-0.423052
-0.417177
-0.410628
-0.403662
-0.396735
-0.390428
-0.385447
-0.382514
-0.382368
-0.385551
-0.392166
-0.401643
-0.412742
-0.423903
-0.433654
-0.440999
-0.445415
-0.446839
-0.445539
-0.442025
-0.437021
-0.431527
-0.426618
-0.423434
-0.422881
-0.425323
-0.430536
-0.43773
-0.445873
-0.453959
-0.461224
-0.467202
-0.471753
-0.47492
-0.476916
-0.47799
-0.478406
-0.478393
-0.478124
-0.477713
-0.477159
-0.47639
-0.47529
-0.473719
-0.471544
-0.468673
-0.465112
-0.460971
-0.456434
-0.451812
-0.447397
-0.443455
-0.440177
-0.437632
-0.435785
-0.434587
-0.433921
-0.43369
-0.433805
-0.434228
-0.434901
-0.435807
-0.436934
-0.438289
-0.439845
-0.441597
-0.443502
-0.445502
-0.447548
-0.449579
-0.451546
-0.453436
-0.455235
-0.456928
-0.458508
-0.459949
-0.461218
-0.462268
-0.463027
-0.463433
-0.463397
-0.462839
-0.461686
-0.459832
-0.457172
-0.453618
-0.449111
-0.443615
-0.437155
-0.429847
-0.421907
-0.413656
-0.405462
-0.397735
-0.390851
-0.385139
-0.380927
-0.378478
-0.378052
-0.379782
-0.383553
-0.388999
-0.395549
-0.402533
-0.409342
-0.415554
-0.420898
-0.425303
-0.428772
-0.431419
-0.433389
-0.434818
-0.435835
-0.436571
-0.437105
-0.437502
-0.437787
-0.437968
-0.437993
-0.437781
-0.437239
-0.436228
-0.43457
-0.43212
-0.428746
-0.424439
-0.419347
-0.413882
-0.408755
-0.404807
-0.402823
-0.403165
-0.405644
-0.40963
-0.414277
-0.418878
-0.422961
-0.426351
-0.429051
-0.431171
-0.432843
-0.434211
-0.435372
-0.436396
-0.437304
-0.438129
-0.438824
-0.439387
-0.439787
-0.439997
-0.440012
-0.439804
-0.439345
-0.438622
-0.437589
-0.436231
-0.434562
-0.432629
-0.430608
-0.42871
-0.427255
-0.426583
-0.427017
-0.428773
-0.43194
-0.436366
-0.441778
-0.44779
-0.454009
-0.460063
-0.465681
-0.470672
-0.474942
-0.47843
-0.481139
-0.483063
-0.4842
-0.484546
-0.484076
-0.482774
-0.480655
-0.477735
-0.474096
-0.469873
-0.46528
-0.460561
-0.456021
-0.45194
-0.448533
-0.445949
-0.44422
-0.443297
-0.443032
-0.443236
-0.443665
-0.444081
-0.444285
-0.444223
-0.44397
-0.443693
-0.443585
-0.443807
-0.444427
-0.445398
-0.446594
-0.447889
-0.449101
-0.450085
-0.450708
-0.450878
-0.450526
-0.449618
-0.448189
-0.44632
-0.444229
-0.442172
-0.440478
-0.439441
-0.439214
-0.439811
-0.441063
-0.442736
-0.444619
-0.446566
-0.448539
-0.450569
-0.452695
-0.454904
-0.457162
-0.459344
-0.461309
-0.462939
-0.464121
-0.464802
-0.464954
-0.464573
-0.463688
-0.462329
-0.460529
-0.458323
-0.455741
-0.452808
-0.449525
-0.445851
-0.441743
-0.437178
-0.432115
-0.426613
-0.420842
-0.415119
-0.409899
-0.405701
-0.402947
-0.401821
-0.402192
-0.403589
-0.405421
-0.407091
-0.408238
-0.408885
-0.409437
-0.410588
-0.413033
-0.417099
-0.422605
-0.428919
-0.435265
-0.440982
-0.445667
-0.44919
-0.451589
-0.453032
-0.453725
-0.453871
-0.4537
-0.453387
-0.453095
-0.452933
-0.452938
-0.453091
-0.453386
-0.45371
-0.453971
-0.45407
-0.453924
-0.453477
-0.452661
-0.451461
-0.449845
-0.447813
-0.445343
-0.442416
-0.439002
-0.435073
-0.43062
-0.425646
-0.420243
-0.414623
-0.409164
-0.404366
-0.400808
-0.398959
-0.399041
-0.400901
-0.404099
-0.407949
-0.411747
-0.414921
-0.417143
-0.418301
-0.418554
-0.418222
-0.417696
-0.417326
-0.417328
-0.41775
-0.418498
-0.419413
-0.420317
-0.421085
-0.421683
-0.422138
-0.422491
-0.422829
-0.423202
-0.423659
-0.424186
-0.424767
-0.425325
-0.425805
-0.426148
-0.426293
-0.426217
-0.425898
-0.425352
-0.424581
-0.423617
-0.422472
-0.421151
-0.419648
-0.417923
-0.415944
-0.413675
-0.411097
-0.408221
-0.405081
-0.401789
-0.398498
-0.395384
-0.39263
-0.390422
-0.388874
-0.38803
-0.387839
-0.38819
-0.388905
-0.389773
-0.390668
-0.391421
-0.391946
-0.392181
-0.392108
-0.391732
-0.391082
-0.390241
-0.389235
-0.388186
-0.387188
-0.386333
-0.385719
-0.385423
-0.385498
-0.385931
-0.386658
-0.38757
-0.388481
-0.389152
-0.389312
-0.388615
-0.386451
-0.382756
-0.377056
-0.369135
-0.359113
-0.347646
-0.336019
-0.326034
-0.319534
-0.317757
-0.320898
-0.328044
-0.337594
-0.347805
-0.357299
-0.365215
-0.371233
-0.375388
-0.377959
-0.379256
-0.379627
-0.379428
-0.378941
-0.378452
-0.378159
-0.378255
-0.378829
-0.379903
-0.381413
-0.383245
-0.385219
-0.387169
-0.388926
-0.390358
-0.391386
-0.391907
-0.391859
-0.391192
-0.389854
-0.387808
-0.385006
-0.381404
-0.376955
-0.371671
-0.365629
-0.358995
-0.352125
-0.345563
-0.340016
-0.336181
-0.334631
-0.335562
-0.338714
-0.343456
-0.348958
-0.354421
-0.359203
-0.362931
-0.365475
-0.366849
-0.367206
-0.366767
-0.365736
-0.364373
-0.36286
-0.361368
-0.360027
-0.358938
-0.35814
-0.357643
-0.357427
-0.357459
-0.357685
-0.358043
-0.358508
-0.359038
-0.359577
-0.360112
-0.36062
-0.36111
-0.361574
-0.362018
-0.362449
-0.362872
-0.363303
-0.363734
-0.364195
-0.364681
-0.365208
-0.365786
-0.366409
-0.367086
-0.367823
-0.368623
-0.369473
-0.370403
-0.371402
-0.37247
-0.373609
-0.374809
-0.376085
-0.377408
-0.378793
-0.380227
-0.381682
-0.38314
-0.384573
-0.385941
-0.387201
-0.388282
-0.389137
-0.389696
-0.389903
-0.389733
-0.389211
-0.388426
-0.387558
-0.386867
-0.386713
-0.387397
-0.389143
-0.392007
-0.395828
-0.400295
-0.405017
-0.409619
-0.413792
-0.417314
-0.420072
-0.422019
-0.423169
-0.423588
-0.423405
-0.422807
-0.422035
-0.421372
-0.4211
-0.421427
-0.422492
-0.424292
-0.426743
-0.429655
-0.432823
-0.436086
-0.43929
-0.442347
-0.445171
-0.447718
-0.449959
-0.451878
-0.453481
-0.454811
-0.455907
-0.456889
-0.457889
-0.459038
-0.460512
-0.462457
-0.465037
-0.468388
-0.472568
-0.477555
-0.483274
-0.489521
-0.496022
-0.502444
-0.508452
-0.513764
-0.518061
-0.5211
-0.52265
-0.522518
-0.520526
-0.516573
-0.510682
-0.503081
-0.494246
-0.484964
-0.476221
-0.469081
-0.464422
-0.462795
-0.464334
-0.468784
-0.475579
-0.483916
-0.492928
-0.501737
-0.509525
-0.515601
-0.519378
-0.520392
-0.518388
-0.513459
-0.506339
-0.498579
-0.492328
-0.489569
-0.491045
-0.495917
-0.502315
-0.508316
-0.512568
-0.514442
-0.513778
-0.510684
-0.50549
-0.498668
-0.490888
-0.482929
-0.475576
-0.469525
-0.465222
-0.462949
-0.462684
-0.464232
-0.467217
-0.471171
-0.475654
-0.480338
-0.485011
-0.489607
-0.494054
-0.498276
-0.502131
-0.505442
-0.508006
-0.509655
-0.510267
-0.509841
-0.5085
-0.506564
-0.504542
-0.503048
-0.502626
-0.503592
-0.505906
-0.509193
-0.512836
-0.516184
-0.518717
-0.520048
-0.520005
-0.518557
-0.515822
-0.512107
-0.50786
-0.503636
-0.499976
-0.497225
-0.495413
-0.494207
-0.493019
-0.491191
-0.488169
-0.48363
-0.477584
-0.470363
-0.462633
-0.455328
-0.4495
-0.44609
-0.445651
-0.448178
-0.453108
-0.459538
-0.466454
-0.472961
-0.478428
-0.482541
-0.485184
-0.486472
-0.48662
-0.48593
-0.484705
-0.483279
-0.481942
-0.480967
-0.480567
-0.480884
-0.482025
-0.483994
-0.486751
-0.490123
-0.493918
-0.497898
-0.50184
-0.50552
-0.508765
-0.511481
-0.513595
-0.515085
-0.515922
-0.516109
-0.515637
-0.514498
-0.512667
-0.51013
-0.506901
-0.503022
-0.498585
-0.493756
-0.48878
-0.483927
-0.47951
-0.475818
-0.473054
-0.471304
-0.47053
-0.470576
-0.471202
-0.472148
-0.473209
-0.474285
-0.475373
-0.476555
-0.477948
-0.479615
-0.481585
-0.483741
-0.485937
-0.48793
-0.489501
-0.490484
-0.490787
-0.490396
-0.489416
-0.488023
-0.486437
-0.484938
-0.483725
-0.482979
-0.482784
-0.483137
-0.483936
-0.485022
-0.486228
-0.48739
-0.488342
-0.488972
-0.489174
-0.488882
-0.488052
-0.48666
-0.484699
-0.482149
-0.47902
-0.475351
-0.471155
-0.466516
-0.46153
-0.456369
-0.451251
-0.446452
-0.442313
-0.439128
-0.437083
-0.436278
-0.436601
-0.437797
-0.439517
-0.441367
-0.442995
-0.444102
-0.444567
-0.444343
-0.443536
-0.442328
-0.440912
-0.439454
-0.438052
-0.436646
-0.435131
-0.43332
-0.431072
-0.428295
-0.425022
-0.421374
-0.417534
-0.413743
-0.410251
-0.407266
-0.404945
-0.403374
-0.402565
-0.402445
-0.402876
-0.403707
-0.404769
-0.405917
-0.407009
-0.407955
-0.408714
-0.409264
-0.409593
-0.409751
-0.409771
-0.409696
-0.409559
-0.40941
-0.409267
-0.409152
-0.409062
-0.409004
-0.408974
-0.408964
-0.408965
-0.408957
-0.408955
-0.408939
-0.4089
-0.408842
-0.408755
-0.40864
-0.408475
-0.408281
-0.408042
-0.407753
-0.407376
-0.406877
-0.406215
-0.405357
-0.404223
-0.402775
-0.401011
-0.39892
-0.396642
-0.394333
-0.392243
-0.390659
-0.389844
-0.389977
-0.391058
-0.392939
-0.395309
-0.397829
-0.400164
-0.402052
-0.403342
-0.403974
-0.403984
-0.403408
-0.4023
-0.400722
-0.398774
-0.396593
-0.394348
-0.392225
-0.390246
-0.388362
-0.386509
-0.384861
-0.384018
-0.384789
-0.387711
-0.392508
-0.398073
-0.402941
-0.406024
-0.406898
-0.405791
-0.403246
-0.399598
-0.394702
-0.387882
-0.378507
-0.366827
-0.354765
-0.345715
-0.342771
-0.346645
-0.35539
-0.366294
-0.377718
-0.389219
-0.400673
-0.411667
-0.421517
-0.429573
-0.435459
-0.439136
-0.440773
-0.440609
-0.438875
-0.435755
-0.431324
-0.425592
-0.418469
-0.409831
-0.399484
-0.387323
-0.37337
-0.358029
-0.342223
-0.327496
-0.315854
-0.309173
-0.30846
-0.313467
-0.322827
-0.334642
-0.347178
-0.359214
-0.370088
-0.379554
-0.387623
-0.394424
-0.40011
-0.404814
-0.408618
-0.411599
-0.413798
-0.415265
-0.41603
-0.416174
-0.415731
-0.414806
-0.413504
-0.411937
-0.410232
-0.408503
-0.40685
-0.405367
-0.404065
-0.402944
-0.401917
-0.400905
-0.399814
-0.398513
-0.396907
-0.394926
-0.392535
-0.389757
-0.386632
-0.383241
-0.379727
-0.376231
-0.372944
-0.370104
-0.367916
-0.366564
-0.366203
-0.366895
-0.368596
-0.371138
-0.374295
-0.37777
-0.381275
-0.384557
-0.387426
-0.389786
-0.391579
-0.392802
-0.393475
-0.393638
-0.393317
-0.392566
-0.391425
-0.389949
-0.388203
-0.386299
-0.384343
-0.382463
-0.380758
-0.379325
-0.378208
-0.377442
-0.377021
-0.376941
-0.377177
-0.377716
-0.378484
-0.379437
-0.380474
-0.381517
-0.382415
-0.383085
-0.38341
-0.38336
-0.38291
-0.382101
-0.381001
-0.379695
-0.378268
-0.376834
-0.375464
-0.374194
-0.373063
-0.372061
-0.371152
-0.370294
-0.369453
-0.36863
-0.367854
-0.367188
-0.366758
-0.366697
-0.367133
-0.368154
-0.369758
-0.371855
-0.374307
-0.376911
-0.379501
-0.381923
-0.384064
-0.385888
-0.387376
-0.388544
-0.389413
-0.390018
-0.390398
-0.390584
-0.390608
-0.390482
-0.39022
-0.389828
-0.389295
-0.388606
-0.387726
-0.38663
-0.385265
-0.383558
-0.381441
-0.378786
-0.375467
-0.371342
-0.366282
-0.360214
-0.353212
-0.345542
-0.337682
-0.330325
-0.324175
-0.319925
-0.318197
-0.31938
-0.323567
-0.330376
-0.338971
-0.348293
-0.357383
-0.365568
-0.372555
-0.37825
-0.382745
-0.386175
-0.388708
-0.390452
-0.391546
-0.392101
-0.392259
-0.392162
-0.39197
-0.391844
-0.391954
-0.392431
-0.393355
-0.394771
-0.396645
-0.398883
-0.401388
-0.404033
-0.406699
-0.409253
-0.411593
-0.413617
-0.415241
-0.416354
-0.416837
-0.416545
-0.415326
-0.413018
-0.409472
-0.404641
-0.398634
-0.391853
-0.385032
-0.379141
-0.375139
-0.373638
-0.374591
-0.377376
-0.381075
-0.384771
-0.387814
-0.389903
-0.390979
-0.391217
-0.39091
-0.390445
-0.390198
-0.390513
-0.391605
-0.393511
-0.396116
-0.399131
-0.402149
-0.404712
-0.406347
-0.406648
-0.405333
-0.402348
-0.397848
-0.392306
-0.386447
-0.381186
-0.377332
-0.375458
-0.375668
-0.377689
-0.380974
-0.384836
-0.388665
-0.392041
-0.39477
-0.396832
-0.398381
-0.399582
-0.400594
-0.401529
-0.402379
-0.403051
-0.403401
-0.403217
-0.40233
-0.400658
-0.39814
-0.394871
-0.391048
-0.386978
-0.383108
-0.379918
-0.377828
-0.377096
-0.377687
-0.379306
-0.381444
-0.38358
-0.385237
-0.386118
-0.386083
-0.385154
-0.38348
-0.381314
-0.379023
-0.376997
-0.375629
-0.375202
-0.375862
-0.377523
-0.379903
-0.382657
-0.385419
-0.387879
-0.389839
-0.391192
-0.391919
-0.392038
-0.391611
-0.390715
-0.389397
-0.387679
-0.385542
-0.382871
-0.379544
-0.375379
-0.370268
-0.36424
-0.357624
-0.351054
-0.345412
-0.341619
-0.340381
-0.341924
-0.345956
-0.351814
-0.358669
-0.365765
-0.372547
-0.378645
-0.383854
-0.388111
-0.391454
-0.39393
-0.395661
-0.396747
-0.397288
-0.397389
-0.397157
-0.396679
-0.396067
-0.395411
-0.394815
-0.394382
-0.394176
-0.394289
-0.394746
-0.39559
-0.39682
-0.398388
-0.400245
-0.402307
-0.404516
-0.406771
-0.408995
-0.411102
-0.41299
-0.414589
-0.415795
-0.416516
-0.416618
-0.416006
-0.41458
-0.412236
-0.408938
-0.404727
-0.3997
-0.394083
-0.388215
-0.382538
-0.377545
-0.373692
-0.371274
-0.370412
-0.371017
-0.372836
-0.375511
-0.3787
-0.382066
-0.385324
-0.388238
-0.39062
-0.392342
-0.393349
-0.393688
-0.393582
-0.393307
-0.393251
-0.393706
-0.394767
-0.39636
-0.39828
-0.400316
-0.402339
-0.40434
-0.406366
-0.408395
-0.410321
-0.411952
-0.413057
-0.413467
-0.413059
-0.411812
-0.409808
-0.407209
-0.404178
-0.400951
-0.397738
-0.394783
-0.392341
-0.390654
-0.38992
-0.3903
-0.391752
-0.394148
-0.397264
-0.400802
-0.404502
-0.408142
-0.411599
-0.414801
-0.417723
-0.420376
-0.422789
-0.424992
-0.426988
-0.428773
-0.430312
-0.431557
-0.432399
-0.432732
-0.432357
-0.431076
-0.428661
-0.424878
-0.419568
-0.412763
-0.40476
-0.396211
-0.388021
-0.381189
-0.376433
-0.374005
-0.373723
-0.375128
-0.377741
-0.381113
-0.384867
-0.388655
-0.392252
-0.395522
-0.39849
-0.401272
-0.403949
-0.406531
-0.40893
-0.411014
-0.412651
-0.413766
-0.414351
-0.414414
-0.413967
-0.413035
-0.411631
-0.409772
-0.407525
-0.405018
-0.402445
-0.400039
-0.398035
-0.396698
-0.396215
-0.396712
-0.398196
-0.400592
-0.403731
-0.407365
-0.411237
-0.415094
-0.41871
-0.421882
-0.42447
-0.426385
-0.427554
-0.427945
-0.427567
-0.426467
-0.424716
-0.422475
-0.419918
-0.417298
-0.414829
-0.412736
-0.411152
-0.410076
-0.409378
-0.408833
-0.408164
-0.40711
-0.405489
-0.403214
-0.400324
-0.396992
-0.393517
-0.390273
-0.387631
-0.385835
-0.384973
-0.384929
-0.38545
-0.38626
-0.387115
-0.387863
-0.388455
-0.388888
-0.389182
-0.389368
-0.389432
-0.389383
-0.389217
-0.388978
-0.38875
-0.388634
-0.388762
-0.389248
-0.390171
-0.391547
-0.39333
-0.395422
-0.397655
-0.39985
-0.401798
-0.403335
-0.404239
-0.404378
-0.4036
-0.401836
-0.399071
-0.395477
-0.391343
-0.387164
-0.383608
-0.381284
-0.380595
-0.381559
-0.383844
-0.386815
-0.389862
-0.392444
-0.394363
-0.395113
-0.394948
-0.393968
-0.392392
-0.390484
-0.38856
-0.386957
-0.385992
-0.385873
-0.386669
-0.388328
-0.390623
-0.393291
-0.396086
-0.398782
-0.401231
-0.403341
-0.405079
-0.406465
-0.407523
-0.408312
-0.408877
-0.40926
-0.409535
-0.409746
-0.409963
-0.410247
-0.410666
-0.41128
-0.412152
-0.413312
-0.414785
-0.416568
-0.418635
-0.420954
-0.423479
-0.42617
-0.428971
-0.431833
-0.434725
-0.437595
-0.440341
-0.442888
-0.445098
-0.446826
-0.447888
-0.448124
-0.447374
-0.445545
-0.442605
-0.438653
-0.433876
-0.428544
-0.422949
-0.417341
-0.411911
-0.406818
-0.402289
-0.398676
-0.396389
-0.395815
-0.39716
-0.400319
-0.404917
-0.410425
-0.416323
-0.422267
-0.428125
-0.433923
-0.439685
-0.445332
-0.450575
-0.454955
-0.457981
-0.459259
-0.458627
-0.456183
-0.452368
-0.447884
-0.443614
-0.440411
-0.438909
-0.439349
-0.441595
-0.445216
-0.449689
-0.454499
-0.459213
-0.463493
-0.467087
-0.469777
-0.471411
-0.471872
-0.471074
-0.468989
-0.465666
-0.461273
-0.456145
-0.450815
-0.445948
-0.442188
-0.440007
-0.439455
-0.440226
-0.441749
-0.443426
-0.444783
-0.445545
-0.445629
-0.445106
-0.444128
-0.442876
-0.441537
-0.440238
-0.439066
-0.438025
-0.437086
-0.436182
-0.435245
-0.434195
-0.432979
-0.431548
-0.429879
-0.427983
-0.425899
-0.423689
-0.421441
-0.419284
-0.417344
-0.415751
-0.414596
-0.413949
-0.413788
-0.41406
-0.414653
-0.415411
-0.41618
-0.416813
-0.417218
-0.417293
-0.417004
-0.416386
-0.415501
-0.414459
-0.41336
-0.412335
-0.411499
-0.410965
-0.410767
-0.410954
-0.411479
-0.412307
-0.413374
-0.414607
-0.415917
-0.417222
-0.418438
-0.419507
-0.42039
-0.421033
-0.421406
-0.421476
-0.421248
-0.42071
-0.419888
-0.41878
-0.417408
-0.415815
-0.414062
-0.412185
-0.41025
-0.408323
-0.406465
-0.40471
-0.403063
-0.401499
-0.399998
-0.398485
-0.396893
-0.395155
-0.393251
-0.391217
-0.389133
-0.387121
-0.385365
-0.384062
-0.383401
-0.383504
-0.384397
-0.386027
-0.388213
-0.390743
-0.393353
-0.395794
-0.397854
-0.399385
-0.400272
-0.400459
-0.399968
-0.398859
-0.397263
-0.395383
-0.393492
-0.391889
-0.390887
-0.39075
-0.391597
-0.393394
-0.396001
-0.399133
-0.402518
-0.40585
-0.408929
-0.411569
-0.413674
-0.415208
-0.416139
-0.416524
-0.416355
-0.415668
-0.414469
-0.412744
-0.410429
-0.40739
-0.403466
-0.398462
-0.392223
-0.384693
-0.376023
-0.366711
-0.357619
-0.349978
-0.345207
-0.344483
-0.348346
-0.356349
-0.367198
-0.379245
-0.390976
-0.40138
-0.409921
-0.416525
-0.421303
-0.424499
-0.426346
-0.427033
-0.426737
-0.425534
-0.423468
-0.420492
-0.416595
-0.411718
-0.405868
-0.399143
-0.391829
-0.38442
-0.377624
-0.372269
-0.369004
-0.368159
-0.369554
-0.372638
-0.376666
-0.380959
-0.385036
-0.388617
-0.391624
-0.394078
-0.396033
-0.39756
-0.398725
-0.399543
-0.400021
-0.400149
-0.39992
-0.399311
-0.398341
-0.397012
-0.395382
-0.393527
-0.391526
-0.389506
-0.387597
-0.385936
-0.384662
-0.383915
-0.383833
-0.384478
-0.385875
-0.387937
-0.390498
-0.393312
-0.39609
-0.398533
-0.400371
-0.401392
-0.401428
-0.400432
-0.39838
-0.395399
-0.391712
-0.387697
-0.383821
-0.380551
-0.378306
-0.377281
-0.377411
-0.378429
-0.379887
-0.381348
-0.382437
-0.382908
-0.38262
-0.381558
-0.379768
-0.377333
-0.374295
-0.370738
-0.366735
-0.362505
-0.358305
-0.354552
-0.351707
-0.350182
-0.350284
-0.352161
-0.355734
-0.360784
-0.366896
-0.3736
-0.38043
-0.386953
-0.392877
-0.398025
-0.402316
-0.405765
-0.408452
-0.41047
-0.411935
-0.412925
-0.413549
-0.413885
-0.413977
-0.413886
-0.413638
-0.413268
-0.412774
-0.412169
-0.411437
-0.410571
-0.409548
-0.408339
-0.406929
-0.4053
-0.403446
-0.40137
-0.399084
-0.396653
-0.394129
-0.39161
-0.389199
-0.387033
-0.385233
-0.383924
-0.383187
-0.383095
-0.383659
-0.384859
-0.386618
-0.388842
-0.391404
-0.394159
-0.396963
-0.399671
-0.402176
-0.404386
-0.406258
-0.407804
-0.409038
-0.410042
-0.410914
-0.411734
-0.412569
-0.413472
-0.414437
-0.415414
-0.416344
-0.417113
-0.417666
-0.417916
-0.417859
-0.417477
-0.416834
-0.415984
-0.415034
-0.414076
-0.41321
-0.412534
-0.412125
-0.412064
-0.412431
-0.413302
-0.414706
-0.416644
-0.419021
-0.421677
-0.424405
-0.426992
-0.429233
-0.430976
-0.4321
-0.432569
-0.432368
-0.431551
-0.430213
-0.428473
-0.426472
-0.424403
-0.422413
-0.420604
-0.419009
-0.417535
-0.41594
-0.413931
-0.411211
-0.407676
-0.403548
-0.399422
-0.39613
-0.394292
-0.394013
-0.39483
-0.396069
-0.397361
-0.398745
-0.400481
-0.402637
-0.404926
-0.406818
-0.40788
-0.407992
-0.407392
-0.406494
-0.405736
-0.405419
-0.40574
-0.406755
-0.408552
-0.411191
-0.414705
-0.418981
-0.423737
-0.428546
-0.432947
-0.436517
-0.439003
-0.440338
-0.440593
-0.439963
-0.438688
-0.437081
-0.435392
-0.43382
-0.432423
-0.431067
-0.429362
-0.426596
-0.421725
-0.413522
-0.400969
-0.384234
-0.365991
-0.351711
-0.347083
-0.353441
-0.366515
-0.380267
-0.390816
-0.397264
-0.400508
-0.402027
-0.403119
-0.404609
-0.406867
-0.409822
-0.413146
-0.416415
-0.419211
-0.421254
-0.422347
-0.422421
-0.421549
-0.419879
-0.417668
-0.415233
-0.412903
-0.41096
-0.409609
-0.408936
-0.408884
-0.409325
-0.410068
-0.410939
-0.411776
-0.412488
-0.412998
-0.413226
-0.413137
-0.412636
-0.411652
-0.410094
-0.407917
-0.405154
-0.401974
-0.398656
-0.39571
-0.393868
-0.393967
-0.396634
-0.401853
-0.408797
-0.416122
-0.42246
-0.426855
-0.428919
-0.428729
-0.426625
-0.423099
-0.418653
-0.413732
-0.408653
-0.403632
-0.398744
-0.394027
-0.389457
-0.385024
-0.380832
-0.377088
-0.374093
-0.372207
-0.371692
-0.372618
-0.374819
-0.377968
-0.381668
-0.385519
-0.389272
-0.39274
-0.395817
-0.398425
-0.400449
-0.401763
-0.402233
-0.401691
-0.400011
-0.397107
-0.392981
-0.387731
-0.381653
-0.37517
-0.368836
-0.363257
-0.358959
-0.35623
-0.355081
-0.355238
-0.356263
-0.357679
-0.35911
-0.36034
-0.36132
-0.362111
-0.362869
-0.36373
-0.364755
-0.365952
-0.367241
-0.368513
-0.369643
-0.370536
-0.37114
-0.37145
-0.371469
-0.371259
-0.370881
-0.370407
-0.369894
-0.369391
-0.368944
-0.368567
-0.36829
-0.368103
-0.368009
-0.368004
-0.368065
-0.368193
-0.368378
-0.368598
-0.368836
-0.369105
-0.369381
-0.369673
-0.369964
-0.370249
-0.370505
-0.370743
-0.370939
-0.37108
-0.371155
-0.371129
-0.370977
-0.370641
-0.370089
-0.369252
-0.368065
-0.366464
-0.364382
-0.361794
-0.358691
-0.355161
-0.351371
-0.347586
-0.344182
-0.341549
-0.340087
-0.340131
-0.341836
-0.345171
-0.349923
-0.355694
-0.361985
-0.36832
-0.374277
-0.379541
-0.383959
-0.387499
-0.390231
-0.392315
-0.393972
-0.395407
-0.396818
-0.398322
-0.399965
-0.40166
-0.403216
-0.404387
-0.404868
-0.404341
-0.402565
-0.399407
-0.394989
-0.389754
-0.384557
-0.380467
-0.378467
-0.379029
-0.381906
-0.386273
-0.391184
-0.395908
-0.400062
-0.403573
-0.4066
-0.409306
-0.411853
-0.414329
-0.416774
-0.419167
-0.421485
-0.423725
-0.425879
-0.42794
-0.42993
-0.431831
-0.433621
-0.435231
-0.436596
-0.437633
-0.438262
-0.438408
-0.438024
-0.437099
-0.435624
-0.433641
-0.431179
-0.428344
-0.425255
-0.422063
-0.41897
-0.416196
-0.413989
-0.412586
-0.412208
-0.412988
-0.414954
-0.418018
-0.421977
-0.426532
-0.431345
-0.436081
-0.440431
-0.444149
-0.447051
-0.449031
-0.450036
-0.450089
-0.449231
-0.44757
-0.445241
-0.442401
-0.439268
-0.436031
-0.432937
-0.430195
-0.428015
-0.426578
-0.425971
-0.426224
-0.427247
-0.428823
-0.430651
-0.432378
-0.433645
-0.434156
-0.433646
-0.431992
-0.429154
-0.425226
-0.420405
-0.414959
-0.409161
-0.403311
-0.397638
-0.392443
-0.388179
-0.385464
-0.384955
-0.387052
-0.391597
-0.397811
-0.404604
-0.410989
-0.416336
-0.420417
-0.423341
-0.425335
-0.426667
-0.427559
-0.428179
-0.428612
-0.428898
-0.42904
-0.429026
-0.428838
-0.42847
-0.427909
-0.427174
-0.426255
-0.425179
-0.423956
-0.422606
-0.421148
-0.419614
-0.418014
-0.416385
-0.414741
-0.413109
-0.411496
-0.409944
-0.408483
-0.40716
-0.406032
-0.405154
-0.404584
-0.404362
-0.40454
-0.405092
-0.405994
-0.40719
-0.408561
-0.410017
-0.411436
-0.412695
-0.413685
-0.414315
-0.414506
-0.414226
-0.41345
-0.412163
-0.410379
-0.408138
-0.405486
-0.40249
-0.399238
-0.395884
-0.392598
-0.389654
-0.387367
-0.386062
-0.385979
-0.387275
-0.389925
-0.393699
-0.398259
-0.403138
-0.407891
-0.41218
-0.415795
-0.418697
-0.420967
-0.42275
-0.424217
-0.425469
-0.426586
-0.427602
-0.428522
-0.429329
-0.430053
-0.43074
-0.431471
-0.432336
-0.433386
-0.434653
-0.436111
-0.437676
-0.439204
-0.440505
-0.441381
-0.441618
-0.441022
-0.439464
-0.436857
-0.433238
-0.428796
-0.423899
-0.419047
-0.414809
-0.411718
-0.410073
-0.409909
-0.411019
-0.413043
-0.415622
-0.418452
-0.421321
-0.424122
-0.426803
-0.429305
-0.431564
-0.433478
-0.434925
-0.435799
-0.435995
-0.435487
-0.434273
-0.432413
-0.430049
-0.427352
-0.424541
-0.421839
-0.419483
-0.417635
-0.416385
-0.415767
-0.415746
-0.416228
-0.417137
-0.418363
-0.419848
-0.421504
-0.423216
-0.424892
-0.42641
-0.427648
-0.428523
-0.428955
-0.428913
-0.428405
-0.427475
-0.426145
-0.424529
-0.422729
-0.420851
-0.419016
-0.417309
-0.415823
-0.414616
-0.413697
-0.413038
-0.412546
-0.412077
-0.411445
-0.410389
-0.408637
-0.405863
-0.40177
-0.396097
-0.3888
-0.380203
-0.371153
-0.362974
-0.357147
-0.354722
-0.355814
-0.359621
-0.364897
-0.370474
-0.375536
-0.379708
-0.382875
-0.385082
-0.386437
-0.387063
-0.387078
-0.386615
-0.385767
-0.384677
-0.38349
-0.382349
-0.381359
-0.380623
-0.380196
-0.380077
-0.38021
-0.380507
-0.38085
-0.381153
-0.381319
-0.38129
-0.38102
-0.380509
-0.379744
-0.378744
-0.37753
-0.376127
-0.374562
-0.372849
-0.371009
-0.369082
-0.367077
-0.365015
-0.362924
-0.360852
-0.358809
-0.356826
-0.354925
-0.35311
-0.35141
-0.349824
-0.348352
-0.346998
-0.345778
-0.344733
-0.343913
-0.343402
-0.343266
-0.343595
-0.34444
-0.345792
-0.347598
-0.349769
-0.352173
-0.354652
-0.357072
-0.359286
-0.361195
-0.362669
-0.363611
-0.363907
-0.363454
-0.362147
-0.359867
-0.356529
-0.352076
-0.346537
-0.340074
-0.333019
-0.325867
-0.319245
-0.31378
-0.310012
-0.308224
-0.308405
-0.310339
-0.313636
-0.317864
-0.322613
-0.327482
-0.332214
-0.336543
-0.340304
-0.343397
-0.345765
-0.347368
-0.348231
-0.348374
-0.347757
-0.346272
-0.34363
-0.338924
-0.332744
-0.325135
-0.317525
-0.312426
-0.312487
-0.318833
-0.330167
-0.343638
-0.356532
-0.367256
-0.375321
-0.380964
-0.38466
-0.38691
-0.388113
-0.388543
-0.388393
-0.387777
-0.386761
-0.385374
-0.383625
-0.381492
-0.378976
-0.3761
-0.372851
-0.36925
-0.365355
-0.361244
-0.357026
-0.352794
-0.348617
-0.344581
-0.340785
-0.337401
-0.334639
-0.332802
-0.332135
-0.332813
-0.334846
-0.338111
-0.342337
-0.347142
-0.352094
-0.356765
-0.360792
-0.363895
-0.365923
-0.36684
-0.366689
-0.365562
-0.363564
-0.360804
-0.35739
-0.353417
-0.349002
-0.344343
-0.339753
-0.335694
-0.332649
-0.331087
-0.331308
-0.333312
-0.336843
-0.341426
-0.346506
-0.351632
-0.356407
-0.360624
-0.364161
-0.366998
-0.369141
-0.37063
-0.371532
-0.371905
-0.371782
-0.371181
-0.370081
-0.368422
-0.366067
-0.362828
-0.358401
-0.352404
-0.344407
-0.334098
-0.321563
-0.307738
-0.294707
-0.285339
-0.282028
-0.285183
-0.292972
-0.302571
-0.311676
-0.31905
-0.324444
-0.32813
-0.330495
-0.331937
-0.332763
-0.333198
-0.333392
-0.33343
-0.333378
-0.333258
-0.333087
-0.332851
-0.332562
-0.332228
-0.331843
-0.331415
-0.330941
-0.330441
-0.329965
-0.329529
-0.329168
-0.328942
-0.328893
-0.329048
-0.329441
-0.330074
-0.330944
-0.332033
-0.333289
-0.334665
-0.336113
-0.337569
-0.338994
-0.340347
-0.341566
-0.342669
-0.343606
-0.344378
-0.344991
-0.345458
-0.345781
-0.346
-0.346139
-0.346201
-0.346153
-0.345913
-0.345339
-0.344167
-0.342035
-0.338496
-0.333169
-0.326063
-0.317969
-0.310782
-0.307102
-0.309077
-0.317006
-0.329068
-0.342545
-0.355138
-0.365692
-0.373961
-0.380209
-0.384889
-0.38845
-0.391282
-0.39365
-0.395739
-0.397709
-0.399584
-0.401374
-0.403037
-0.404482
-0.405557
-0.406101
-0.405874
-0.404641
-0.402153
-0.398204
-0.392751
-0.386013
-0.378538
-0.371299
-0.365578
-0.362625
-0.363184
-0.367169
-0.373694
-0.381432
-0.389061
-0.395597
-0.400481
-0.403499
-0.404638
-0.403986
-0.401622
-0.397583
-0.391995
-0.385124
-0.37759
-0.370524
-0.365469
-0.363904
-0.366625
-0.373264
-0.382431
-0.392384
-0.401642
-0.409359
-0.415221
-0.419324
-0.421942
-0.423404
-0.424026
-0.424085
-0.423795
-0.42335
-0.422888
-0.422559
-0.422444
-0.422581
-0.422973
-0.423526
-0.424143
-0.42467
-0.424953
-0.424856
-0.424242
-0.423015
-0.4211
-0.418444
-0.415011
-0.410844
-0.405984
-0.400642
-0.395169
-0.390097
-0.386027
-0.383546
-0.382984
-0.384404
-0.387469
-0.39167
-0.396448
-0.401364
-0.406097
-0.410489
-0.414423
-0.41785
-0.420686
-0.42283
-0.424127
-0.424372
-0.423305
-0.420631
-0.416066
-0.409434
-0.400835
-0.390801
-0.380478
-0.371519
-0.36563
-0.363894
-0.366341
-0.372048
-0.379644
-0.387844
-0.395675
-0.402547
-0.408143
-0.412389
-0.415313
-0.417037
-0.417687
-0.417393
-0.416287
-0.41448
-0.412081
-0.409252
-0.406163
-0.403037
-0.400121
-0.397675
-0.395946
-0.395071
-0.395097
-0.395967
-0.397521
-0.399541
-0.401813
-0.404161
-0.406439
-0.408571
-0.4105
-0.412199
-0.413682
-0.414958
-0.416011
-0.416844
-0.417461
-0.417848
-0.41797
-0.417809
-0.417316
-0.416444
-0.415101
-0.413193
-0.41059
-0.407164
-0.402777
-0.397315
-0.390726
-0.383056
-0.374519
-0.365525
-0.35668
-0.348756
-0.342572
-0.33886
-0.33807
-0.340245
-0.344998
-0.351688
-0.359574
-0.367964
-0.376332
-0.384318
-0.391633
-0.398071
-0.403395
-0.407386
-0.409878
-0.410766
-0.410054
-0.407916
-0.404652
-0.400742
-0.396744
-0.393198
-0.390513
-0.388891
-0.38826
-0.388349
-0.388811
-0.389309
-0.389577
-0.389485
-0.388983
-0.388109
-0.386917
-0.385491
-0.383912
-0.382237
-0.380543
-0.378954
-0.37765
-0.376889
-0.3769
-0.377851
-0.379738
-0.382368
-0.38536
-0.388273
-0.390696
-0.39224
-0.392742
-0.392186
-0.39076
-0.388793
-0.386724
-0.384953
-0.383755
-0.383172
-0.382978
-0.382755
-0.381989
-0.380212
-0.377121
-0.372625
-0.36691
-0.36047
-0.354113
-0.348798
-0.345481
-0.344832
-0.347004
-0.351612
-0.357875
-0.364848
-0.371678
-0.377719
-0.382634
-0.386299
-0.388726
-0.390058
-0.390473
-0.39017
-0.389359
-0.38823
-0.386958
-0.385696
-0.384552
-0.383565
-0.382767
-0.382124
-0.381545
-0.380959
-0.380239
-0.37926
-0.377899
-0.376053
-0.373604
-0.370466
-0.366591
-0.361978
-0.356712
-0.351024
-0.345275
-0.339919
-0.335484
-0.332337
-0.330646
-0.330255
-0.330789
-0.331783
-0.332812
-0.333526
-0.333739
-0.333361
-0.332403
-0.331017
-0.329457
-0.32809
-0.327383
-0.327731
-0.329371
-0.332295
-0.336174
-0.340527
-0.344809
-0.34851
-0.351256
-0.352804
-0.353064
-0.352054
-0.349899
-0.346848
-0.343245
-0.339543
-0.336204
-0.333627
-0.332008
-0.331308
-0.331274
-0.33152
-0.331622
-0.331179
-0.329825
-0.327258
-0.323299
-0.318
-0.311878
-0.306041
-0.302005
-0.301142
-0.303952
-0.309745
-0.316986
-0.324048
-0.329751
-0.333473
-0.334999
-0.334348
-0.331678
-0.327196
-0.321312
-0.314714
-0.308435
-0.303639
-0.301315
-0.301745
-0.30437
-0.308056
-0.31151
-0.313701
-0.313994
-0.312122
-0.308084
-0.302163
-0.294887
-0.287071
-0.279786
-0.274191
-0.271152
-0.270991
-0.273428
-0.277734
-0.283105
-0.288862
-0.294537
-0.299838
-0.304609
-0.308744
-0.312196
-0.314969
-0.317079
-0.318607
-0.319642
-0.320263
-0.320563
-0.320616
-0.320493
-0.320252
-0.319919
-0.319531
-0.319103
-0.318619
-0.318103
-0.317535
-0.316912
-0.31624
-0.315528
-0.314804
-0.314118
-0.313525
-0.313115
-0.312951
-0.313105
-0.313602
-0.314427
-0.315523
-0.316763
-0.318035
-0.319184
-0.320105
-0.320762
-0.32117
-0.321436
-0.321682
-0.322057
-0.322668
-0.323569
-0.324793
-0.326309
-0.328064
-0.330014
-0.332086
-0.3342
-0.336204
-0.337905
-0.339159
-0.339763
-0.339616
-0.338763
-0.337361
-0.335715
-0.334217
-0.33322
-0.333085
-0.333925
-0.33569
-0.338139
-0.340936
-0.34371
-0.34619
-0.348222
-0.349768
-0.350943
-0.351906
-0.352816
-0.353778
-0.354856
-0.356
-0.357169
-0.358274
-0.359261
-0.360084
-0.360737
-0.361242
-0.361603
-0.361838
-0.361957
-0.361975
-0.361899
-0.36177
-0.361646
-0.361603
-0.361729
-0.362094
-0.362757
-0.363742
-0.365025
-0.366567
-0.368309
-0.370169
-0.372074
-0.373918
-0.375603
-0.377088
-0.378278
-0.379104
-0.379524
-0.379525
-0.379089
-0.378238
-0.377031
-0.375557
-0.373917
-0.372214
-0.370583
-0.369115
-0.367913
-0.367001
-0.366376
-0.365989
-0.365778
-0.365656
-0.365565
-0.365395
-0.365114
-0.36469
-0.364061
-0.363187
-0.361992
-0.360419
-0.358417
-0.355959
-0.353063
-0.349845
-0.346497
-0.343333
-0.3407
-0.338968
-0.33839
-0.339037
-0.340768
-0.343168
-0.345673
-0.347588
-0.348228
-0.347072
-0.343762
-0.338307
-0.331096
-0.323038
-0.315462
-0.309915
-0.307664
-0.30921
-0.314102
-0.32107
-0.328546
-0.335195
-0.340208
-0.343447
-0.345351
-0.346637
-0.34798
-0.349791
-0.352098
-0.354556
-0.356669
-0.357979
-0.358173
-0.357142
-0.35494
-0.351768
-0.347935
-0.343828
-0.339887
-0.336553
-0.334225
-0.333174
-0.333515
-0.335164
-0.33788
-0.341309
-0.345029
-0.348625
-0.351764
-0.354174
-0.355709
-0.356311
-0.356037
-0.355019
-0.353439
-0.351514
-0.349425
-0.347295
-0.345177
-0.34305
-0.340824
-0.338405
-0.33566
-0.332488
-0.32878
-0.324493
-0.319635
-0.314364
-0.308924
-0.303669
-0.29908
-0.295749
-0.294278
-0.295088
-0.298291
-0.303599
-0.310495
-0.318387
-0.326677
-0.334815
-0.342327
-0.348898
-0.354353
-0.358663
-0.361878
-0.364094
-0.365424
-0.365911
-0.365572
-0.364319
-0.362065
-0.358657
-0.354029
-0.348288
-0.341864
-0.335604
-0.3307
-0.328311
-0.329051
-0.332672
-0.338163
-0.344225
-0.349756
-0.354002
-0.356663
-0.357688
-0.357189
-0.355332
-0.352315
-0.348385
-0.343782
-0.338852
-0.333944
-0.329457
-0.32574
-0.323024
-0.321417
-0.320865
-0.3212
-0.3222
-0.323643
-0.325315
-0.327103
-0.328943
-0.330872
-0.332981
-0.335386
-0.338211
-0.341494
-0.345179
-0.349085
-0.352938
-0.356491
-0.359484
-0.361722
-0.363102
-0.363591
-0.363205
-0.362036
-0.360182
-0.357828
-0.355181
-0.352465
-0.349923
-0.347784
-0.346238
-0.345427
-0.345417
-0.346272
-0.347959
-0.350372
-0.353303
-0.356412
-0.359266
-0.361436
-0.362663
-0.362893
-0.36239
-0.361644
-0.361223
-0.361544
-0.362598
-0.364002
-0.365078
-0.365098
-0.363462
-0.359815
-0.354128
-0.34665
-0.337963
-0.328904
-0.320487
-0.313758
-0.309607
-0.308581
-0.310772
-0.315847
-0.323105
-0.331696
-0.340803
-0.349785
-0.358181
-0.365712
-0.372251
-0.377761
-0.3823
-0.385941
-0.388817
-0.391071
-0.392836
-0.394243
-0.395402
-0.396407
-0.397299
-0.398105
-0.398878
-0.399614
-0.400375
-0.401189
-0.402127
-0.403267
-0.404662
-0.40635
-0.408338
-0.410587
-0.413001
-0.415475
-0.417873
-0.420074
-0.421955
-0.423443
-0.424442
-0.424902
-0.424787
-0.424081
-0.422817
-0.421087
-0.419095
-0.417101
-0.415323
-0.413952
-0.413006
-0.412298
-0.411569
-0.410543
-0.409066
-0.407186
-0.405095
-0.403135
-0.401676
-0.401009
-0.401328
-0.402681
-0.404947
-0.407859
-0.411085
-0.414251
-0.417003
-0.419079
-0.420299
-0.42062
-0.420145
-0.4191
-0.4178
-0.416617
-0.415906
-0.415935
-0.416881
-0.418749
-0.421425
-0.424697
-0.42827
-0.431858
-0.435122
-0.43777
-0.43956
-0.440351
-0.440072
-0.438794
-0.436692
-0.434019
-0.431107
-0.428206
-0.425516
-0.423096
-0.42086
-0.418706
-0.416561
-0.414418
-0.412389
-0.410648
-0.409302
-0.408356
-0.407665
-0.406969
-0.40603
-0.404731
-0.403129
-0.401426
-0.399931
-0.398911
-0.398557
-0.398889
-0.399806
-0.401132
-0.402639
-0.404108
-0.405375
-0.406315
-0.406883
-0.407061
-0.406895
-0.406437
-0.405785
-0.404976
-0.404046
-0.402947
-0.40157
-0.399802
-0.397589
-0.394981
-0.392177
-0.389494
-0.387284
-0.385735
-0.384801
-0.384189
-0.383492
-0.38245
-0.381084
-0.379753
-0.379035
-0.379468
-0.381307
-0.384387
-0.388255
-0.392272
-0.395877
-0.398702
-0.40057
-0.401483
-0.401573
-0.401022
-0.400071
-0.398966
-0.397927
-0.39711
-0.396627
-0.39649
-0.396581
-0.396733
-0.396721
-0.396272
-0.395111
-0.392974
-0.389633
-0.384931
-0.37876
-0.371132
-0.36219
-0.352346
-0.342466
-0.334089
-0.329331
-0.33011
-0.336858
-0.348009
-0.360782
-0.372591
-0.381869
-0.388096
-0.391466
-0.392456
-0.391672
-0.389695
-0.387084
-0.384379
-0.382102
-0.380685
-0.380444
-0.381513
-0.383812
-0.387084
-0.390958
-0.395011
-0.398868
-0.402223
-0.404888
-0.406761
-0.407836
-0.408135
-0.407701
-0.406563
-0.404706
-0.401903
-0.39868
-0.394898
-0.390866
-0.387066
-0.384096
-0.382489
-0.382485
-0.383847
-0.385779
-0.387087
-0.386442
-0.382783
-0.375789
-0.366302
-0.356399
-0.348745
-0.345281
-0.346251
-0.35049
-0.356482
-0.36322
-0.370353
-0.37777
-0.385254
-0.392343
-0.398416
-0.402828
-0.405042
-0.404702
-0.401822
-0.396896
-0.391015
-0.385858
-0.383102
-0.383687
-0.387309
-0.392593
-0.397861
-0.401863
-0.404089
-0.404768
-0.404564
-0.40433
-0.404826
-0.406494
-0.409376
-0.413214
-0.417596
-0.422091
-0.426359
-0.430172
-0.43342
-0.436031
-0.438009
-0.439367
-0.440124
-0.440311
-0.43993
-0.43899
-0.437476
-0.435378
-0.432669
-0.429324
-0.425324
-0.420639
-0.415274
-0.409199
-0.402435
-0.395041
-0.387154
-0.379013
-0.370989
-0.363568
-0.357291
-0.352697
-0.350158
-0.349798
-0.351436
-0.354616
-0.358704
-0.363086
-0.367296
-0.371174
-0.374854
-0.378661
-0.382913
-0.387687
-0.392803
-0.397825
-0.40225
-0.405668
-0.40785
-0.408722
-0.40844
-0.407179
-0.405181
-0.402692
-0.399906
-0.397039
-0.394238
-0.391702
-0.38963
-0.388219
-0.387625
-0.387948
-0.389187
-0.391229
-0.393861
-0.396868
-0.400025
-0.403173
-0.406149
-0.408888
-0.411334
-0.413473
-0.415282
-0.416758
-0.417913
-0.418697
-0.419118
-0.419109
-0.418624
-0.417585
-0.415904
-0.413484
-0.410211
-0.406034
-0.40091
-0.394934
-0.388311
-0.381461
-0.374968
-0.36954
-0.365883
-0.364476
-0.365494
-0.368704
-0.373547
-0.379304
-0.385244
-0.390767
-0.395453
-0.399089
-0.401626
-0.403129
-0.403769
-0.403773
-0.403407
-0.402978
-0.402742
-0.402895
-0.40352
-0.404588
-0.405941
-0.407419
-0.408805
-0.409931
-0.410652
-0.41083
-0.410311
-0.408854
-0.406182
-0.402149
-0.396872
-0.391007
-0.38581
-0.38287
-0.383374
-0.387455
-0.394132
-0.40197
-0.409811
-0.417092
-0.423755
-0.429973
-0.43583
-0.441297
-0.446225
-0.450414
-0.453712
-0.456042
-0.457374
-0.457773
-0.457329
-0.456183
-0.454496
-0.452488
-0.450387
-0.448402
-0.446696
-0.445371
-0.444448
-0.443851
-0.443479
-0.443228
-0.443078
-0.443101
-0.443421
-0.444227
-0.445639
-0.447707
-0.450303
-0.453162
-0.45594
-0.45828
-0.459888
-0.460592
-0.460356
-0.459316
-0.457763
-0.456133
-0.454871
-0.454376
-0.454828
-0.456187
-0.458213
-0.460572
-0.462915
-0.46502
-0.466716
-0.467977
-0.468861
-0.469469
-0.469905
-0.470304
-0.470777
-0.471398
-0.472243
-0.473335
-0.474666
-0.476217
-0.477934
-0.479745
-0.481567
-0.483301
-0.484852
-0.486115
-0.486968
-0.487286
-0.486942
-0.48575
-0.483526
-0.480066
-0.475224
-0.468991
-0.461671
-0.45402
-0.447241
-0.442762
-0.441725
-0.444418
-0.450171
-0.457708
-0.465664
-0.47298
-0.479038
-0.483523
-0.486387
-0.487661
-0.487413
-0.485725
-0.482726
-0.478559
-0.473465
-0.467753
-0.461857
-0.456263
-0.451534
-0.448192
-0.446655
-0.447102
-0.449399
-0.453094
-0.457533
-0.461939
-0.465668
-0.468254
-0.46942
-0.469109
-0.467415
-0.464599
-0.461075
-0.457373
-0.454124
-0.451911
-0.451179
-0.452092
-0.454495
-0.45799
-0.462026
-0.466057
-0.469597
-0.472273
-0.473834
-0.47414
-0.473171
-0.470995
-0.467781
-0.463801
-0.459452
-0.455185
-0.451453
-0.4487
-0.447208
-0.447024
-0.447951
-0.449573
-0.451354
-0.452709
-0.453115
-0.45217
-0.449632
-0.445438
-0.439813
-0.43326
-0.426601
-0.420861
-0.416968
-0.415472
-0.416387
-0.419312
-0.423693
-0.428975
-0.434762
-0.440704
-0.44649
-0.451832
-0.456459
-0.460187
-0.462851
-0.464346
-0.464579
-0.463465
-0.460887
-0.456746
-0.450986
-0.443674
-0.43515
-0.426142
-0.417798
-0.411498
-0.408437
-0.409133
-0.413199
-0.4196
-0.427043
-0.43443
-0.440992
-0.446335
-0.450325
-0.452976
-0.454414
-0.454762
-0.454164
-0.452755
-0.450661
-0.447996
-0.444885
-0.441465
-0.43791
-0.434417
-0.431222
-0.428564
-0.426634
-0.425572
-0.425427
-0.426136
-0.427557
-0.429499
-0.431752
-0.434145
-0.436546
-0.438882
-0.441125
-0.443248
-0.445277
-0.447181
-0.448935
-0.450476
-0.451765
-0.452702
-0.453193
-0.453122
-0.452387
-0.450859
-0.448482
-0.445268
-0.441354
-0.437044
-0.432845
-0.429385
-0.427275
-0.426944
-0.428519
-0.43178
-0.436243
-0.44124
-0.44613
-0.450371
-0.453602
-0.455692
-0.456698
-0.456908
-0.456683
-0.456406
-0.456424
-0.456965
-0.458095
-0.459785
-0.461883
-0.464179
-0.466474
-0.468541
-0.470189
-0.471273
-0.471739
-0.471549
-0.47074
-0.469405
-0.467721
-0.465919
-0.464278
-0.463085
-0.462605
-0.46306
-0.464586
-0.467164
-0.470682
-0.474882
-0.479426
-0.483922
-0.487974
-0.491143
-0.493057
-0.493391
-0.491891
-0.488515
-0.483469
-0.477316
-0.470956
-0.465468
-0.461755
-0.460222
-0.460706
-0.462777
-0.466092
-0.470496
-0.47592
-0.482142
-0.488711
-0.495068
-0.500724
-0.505426
-0.509083
-0.511729
-0.51342
-0.514216
-0.514193
-0.513466
-0.512164
-0.510455
-0.508472
-0.5063
-0.504013
-0.50166
-0.49927
-0.496872
-0.494531
-0.492255
-0.490088
-0.48809
-0.486354
-0.485016
-0.484279
-0.484336
-0.485287
-0.487118
-0.489653
-0.492555
-0.49543
-0.497854
-0.499526
-0.500289
-0.500182
-0.499389
-0.498232
-0.497123
-0.49643
-0.496408
-0.497172
-0.498676
-0.500697
-0.502942
-0.505095
-0.506901
-0.50819
-0.508918
-0.509127
-0.508966
-0.508624
-0.508291
-0.508114
-0.508164
-0.508397
-0.508688
-0.508851
-0.508699
-0.508146
-0.507194
-0.505992
-0.504734
-0.50363
-0.502802
-0.502278
-0.502005
-0.501864
-0.501735
-0.501551
-0.50133
-0.501073
-0.500793
-0.500444
-0.499912
-0.499009
-0.497521
-0.495288
-0.492243
-0.488505
-0.484449
-0.480648
-0.477788
-0.476461
-0.476983
-0.479255
-0.482794
-0.486898
-0.490826
-0.493941
-0.495851
-0.496407
-0.495685
-0.49396
-0.491586
-0.488921
-0.486256
-0.483705
-0.481264
-0.478837
-0.476353
-0.473806
-0.471311
-0.469078
-0.467331
-0.466241
-0.465895
-0.466244
-0.467131
-0.468298
-0.469456
-0.470337
-0.470682
-0.470284
-0.468999
-0.466734
-0.463459
-0.459198
-0.454062
-0.448235
-0.44195
-0.43551
-0.429261
-0.423548
-0.418675
-0.414918
-0.412503
-0.411536
-0.412028
-0.413841
-0.416687
-0.420085
-0.423371
-0.425676
-0.425895
-0.42268
-0.414467
-0.39994
-0.379113
-0.355144
-0.335109
-0.326697
-0.331803
-0.344896
-0.358577
-0.368665
-0.37471
-0.378172
-0.380736
-0.383644
-0.387411
-0.392043
-0.397178
-0.402324
-0.407062
-0.411074
-0.414147
-0.416212
-0.417246
-0.417285
-0.4164
-0.414682
-0.412263
-0.409289
-0.405953
-0.402437
-0.398908
-0.39545
-0.392019
-0.388452
-0.384464
-0.379754
-0.374168
-0.367872
-0.361525
-0.356197
-0.353075
-0.352947
-0.355712
-0.36051
-0.366117
-0.371433
-0.375777
-0.378906
-0.380851
-0.381799
-0.381993
-0.381655
-0.380984
-0.380123
-0.379161
-0.378181
-0.377209
-0.376257
-0.375352
-0.374503
-0.373696
-0.372947
-0.372263
-0.371662
-0.371159
-0.370776
-0.370522
-0.370387
-0.370384
-0.370473
-0.370628
-0.370791
-0.370897
-0.37091
-0.370742
-0.370331
-0.369638
-0.368613
-0.367194
-0.365375
-0.363163
-0.36058
-0.357674
-0.354539
-0.351305
-0.348175
-0.345411
-0.343265
-0.342002
-0.341826
-0.342812
-0.344931
-0.347982
-0.351688
-0.355753
-0.359877
-0.363801
-0.367388
-0.370537
-0.373219
-0.375472
-0.377326
-0.378839
-0.380066
-0.381024
-0.381736
-0.382197
-0.382387
-0.382275
-0.381817
-0.380956
-0.379641
-0.377828
-0.375492
-0.372611
-0.369203
-0.365301
-0.360964
-0.356262
-0.351288
-0.346137
-0.340909
-0.335735
-0.330692
-0.325927
-0.321638
-0.318199
-0.316185
-0.316298
-0.319068
-0.324536
-0.332186
-0.3411
-0.350268
-0.358907
-0.366533
-0.372999
-0.378302
-0.382585
-0.38602
-0.388805
-0.391082
-0.393011
-0.394706
-0.396257
-0.397753
-0.399241
-0.400766
-0.402378
-0.404086
-0.405907
-0.407874
-0.409959
-0.412179
-0.414501
-0.416916
-0.419391
-0.421894
-0.424378
-0.426769
-0.428987
-0.430971
-0.432602
-0.433744
-0.434279
-0.434062
-0.432921
-0.430743
-0.42745
-0.423023
-0.417558
-0.411342
-0.404805
-0.398597
-0.393438
-0.390012
-0.388813
-0.38991
-0.392929
-0.39716
-0.401727
-0.405873
-0.40912
-0.411334
-0.412729
-0.413747
-0.414952
-0.416849
-0.419676
-0.423382
-0.427645
-0.431974
-0.435903
-0.439109
-0.441492
-0.44312
-0.444186
-0.444842
-0.445201
-0.445286
-0.445092
-0.444613
-0.443884
-0.443027
-0.442239
-0.441782
-0.441941
-0.442896
-0.444719
-0.447327
-0.450524
-0.454029
-0.457564
-0.460894
-0.463855
-0.466312
-0.468216
-0.469539
-0.470297
-0.470506
-0.470221
-0.469531
-0.468495
-0.467215
-0.465743
-0.464188
-0.462607
-0.461035
-0.459522
-0.458059
-0.456634
-0.455214
-0.453774
-0.452271
-0.450662
-0.448926
-0.447046
-0.444976
-0.442712
-0.440248
-0.437601
-0.434797
-0.431876
-0.428923
-0.426025
-0.423325
-0.420937
-0.418986
-0.417561
-0.416707
-0.416381
-0.416497
-0.41689
-0.417393
-0.417834
-0.418077
-0.418032
-0.41764
-0.416877
-0.415768
-0.414408
-0.412902
-0.411384
-0.40998
-0.408816
-0.407998
-0.407572
-0.407536
-0.40784
-0.408407
-0.409119
-0.409879
-0.410567
-0.411086
-0.41137
-0.411334
-0.41094
-0.410167
-0.408992
-0.40744
-0.405568
-0.403412
-0.401115
-0.398769
-0.39651
-0.394467
-0.392725
-0.391311
-0.390262
-0.389555
-0.389162
-0.389082
-0.389313
-0.389898
-0.39089
-0.392294
-0.394131
-0.396329
-0.398731
-0.401188
-0.403529
-0.405583
-0.407232
-0.408376
-0.408968
-0.409002
-0.40849
-0.407486
-0.406067
-0.40434
-0.402431
-0.400474
-0.398568
-0.396807
-0.395233
-0.393832
-0.392563
-0.391368
-0.390196
-0.389013
-0.387842
-0.386717
-0.385692
-0.384827
-0.384147
-0.383641
-0.383291
-0.383029
-0.382795
-0.382565
-0.382324
-0.382085
-0.381923
-0.381901
-0.382082
-0.38252
-0.383228
-0.38419
-0.38538
-0.386751
-0.388255
-0.389841
-0.391463
-0.393061
-0.394589
-0.395995
-0.397254
-0.398333
-0.399202
-0.399858
-0.400301
-0.400518
-0.400535
-0.400363
-0.40002
-0.399548
-0.398988
-0.398389
-0.397822
-0.397331
-0.396946
-0.396693
-0.39652
-0.396343
-0.396031
-0.395389
-0.394198
-0.392237
-0.389288
-0.385158
-0.379736
-0.373128
-0.365721
-0.358387
-0.352427
-0.349341
-0.350208
-0.355123
-0.363167
-0.372805
-0.382578
-0.391478
-0.398987
-0.404991
-0.409593
-0.412967
-0.415334
-0.416876
-0.417759
-0.41812
-0.418074
-0.417722
-0.417136
-0.416356
-0.415402
-0.414283
-0.412977
-0.411494
-0.409853
-0.408063
-0.406184
-0.404247
-0.402332
-0.400506
-0.398808
-0.39729
-0.395981
-0.394912
-0.39409
-0.393513
-0.393193
-0.393138
-0.39336
-0.393833
-0.394533
