1.76816
1.76816
1.76816
1.76816
1.76816
1.76816
1.76816
1.76816
1.76816
1.76816
1.76816
1.76816
1.76816
1.76814
1.76813
1.76811
1.76809
1.76808
1.76805
1.76803
1.76801
1.76799
1.76796
1.76794
1.76791
1.76788
1.76786
1.76784
1.76781
1.76779
1.76777
1.76776
1.76773
1.7677
1.76768
1.76767
1.76766
1.76762
1.7676
1.76759
1.7676
1.76759
1.76758
1.76757
1.76756
1.76755
1.76755
1.76753
1.76752
1.76752
1.76751
1.7675
1.7675
1.7675
1.76749
1.76749
1.76749
1.76748
1.76749
1.76748
1.76748
1.76748
1.76748
1.76747
1.76746
1.76746
1.76745
1.76745
1.76745
1.76745
1.76744
1.76744
1.76744
1.76743
1.76742
1.76741
1.76741
1.76741
1.76741
1.76741
1.76741
1.76741
1.76741
1.7674
1.76739
1.76738
1.76738
1.76737
1.76737
1.76737
1.76736
1.76737
1.76737
1.76736
1.76736
1.76736
1.76735
1.76735
1.76735
1.76735
1.76736
1.76736
1.76736
1.76736
1.76736
1.76736
1.76736
1.76735
1.76735
1.76736
1.76735
1.76735
1.76734
1.76734
1.76734
1.76734
1.76734
1.76733
1.76734
1.76733
1.76733
1.76732
1.76731
1.76731
1.76731
1.7673
1.76729
1.76729
1.7673
1.7673
1.76731
1.76731
1.76732
1.76732
1.76732
1.76731
1.76731
1.76731
1.76731
1.7673
1.76731
1.7673
1.7673
1.76729
1.76729
1.7673
1.7673
1.76729
1.76729
1.7673
1.7673
1.7673
1.7673
1.76731
1.76731
1.7673
1.76729
1.76729
1.76729
1.76729
1.7673
1.7673
1.76731
1.7673
1.76729
1.76729
1.76729
1.76729
1.76728
1.76727
1.76727
1.76726
1.76727
1.76727
1.76727
1.76727
1.76727
1.76727
1.76727
1.76726
1.76726
1.76726
1.76727
1.76726
1.76725
1.76725
1.76726
1.76725
1.76725
1.76725
1.76725
1.76726
1.76725
1.76724
1.76724
1.76724
1.76724
1.76724
1.76724
1.76724
1.76725
1.76724
1.76724
1.76723
1.76724
1.76723
1.76724
1.76724
1.76723
1.76723
1.76724
1.76724
1.76724
1.76724
1.76723
1.76724
1.76723
1.76723
1.76722
1.76723
1.76723
1.76723
1.76723
1.76723
1.76725
1.76724
1.76724
1.76724
1.76724
1.76725
1.76725
1.76725
1.76724
1.76725
1.76726
1.76726
1.76726
1.76725
1.76725
1.76724
1.76723
1.76724
1.76724
1.76724
1.76724
1.76724
1.76724
1.76724
1.76725
1.76725
1.76724
1.76723
1.76722
1.76723
1.76724
1.76723
1.76724
1.76724
1.76724
1.76723
1.76723
1.76723
1.76723
1.76723
1.76723
1.76723
1.76723
1.76723
1.76724
1.76724
1.76724
1.76724
1.76724
1.76724
1.76723
1.76724
1.76723
1.76723
1.76722
1.76723
1.76723
1.76724
1.76723
1.76724
1.76724
1.76723
1.76725
1.76726
1.76726
1.76725
1.76726
1.76724
1.76724
1.76723
1.76722
1.76722
1.76723
1.76722
1.76722
1.76722
1.76722
1.76723
1.76723
1.76724
1.76723
1.76723
1.76722
1.76722
1.76722
1.76721
1.76721
1.76719
1.76719
1.76718
1.76718
1.76719
1.76718
1.76719
1.76719
1.76717
1.76717
1.76717
1.76717
1.76717
1.76718
1.76718
1.76719
1.76719
1.76718
1.76718
1.76718
1.76717
1.76717
1.76716
1.76717
1.76716
1.76716
1.76715
1.76714
1.76713
1.76712
1.76711
1.76711
1.76712
1.76712
1.76712
1.76712
1.76712
1.76712
1.76711
1.76711
1.76712
1.76713
1.76714
1.76715
1.76714
1.76713
1.76713
1.76715
1.76715
1.76714
1.76714
1.76714
1.76713
1.76713
1.76714
1.76713
1.76713
1.76712
1.76712
1.76713
1.76713
1.76713
1.76714
1.76714
1.76714
1.76714
1.76713
1.76713
1.76713
1.76713
1.76713
1.76713
1.76713
1.76712
1.76713
1.76712
1.76712
1.76711
1.76712
1.76712
1.76712
1.76712
1.76712
1.76711
1.76712
1.76712
1.76713
1.76713
1.76713
1.76713
1.76714
1.76714
1.76714
1.76714
1.76715
1.76715
1.76715
1.76714
1.76715
1.76714
1.76715
1.76715
1.76714
1.76714
1.76714
1.76716
1.76716
1.76715
1.76714
1.76715
1.76716
1.76715
1.76715
1.76716
1.76716
1.76716
1.76715
1.76714
1.76714
1.76712
1.76712
1.76713
1.76713
1.76712
1.76713
1.76714
1.76714
1.76714
1.76714
1.76714
1.76714
1.76715
1.76714
1.76714
1.76714
1.76714
1.76714
1.76715
1.76715
1.76715
1.76715
1.76716
1.76715
1.76715
1.76715
1.76715
1.76715
1.76715
1.76715
1.76715
1.76714
1.76715
1.76714
1.76715
1.76715
1.76715
1.76715
1.76714
1.76715
1.76714
1.76715
1.76715
1.76715
1.76715
1.76715
1.76716
1.76716
1.76715
1.76715
1.76714
1.76713
1.76713
1.76713
1.76713
1.76713
1.76712
1.76712
1.76713
1.76712
1.76712
1.7671
1.76711
1.76712
1.76712
1.76713
1.76713
1.76713
1.76713
1.76713
1.76713
1.76714
1.76714
1.76714
1.76714
1.76715
1.76715
1.76715
1.76715
1.76715
1.76714
1.76715
1.76715
1.76715
1.76716
1.76717
1.76716
1.76716
1.76716
1.76716
1.76715
1.76715
1.76715
1.76715
1.76715
1.76715
1.76715
1.76716
1.76715
1.76715
1.76716
1.76716
1.76716
1.76715
1.76716
1.76718
1.76717
1.76717
1.76717
1.76718
1.76718
1.76717
1.76717
1.76718
1.76719
1.76719
1.7672
1.76719
1.76719
1.76719
1.76719
1.76719
1.76719
1.7672
1.76719
1.76719
1.76719
1.76719
1.76719
1.76719
1.76721
1.76721
1.76721
1.76722
1.76722
1.76722
1.76721
1.76722
1.76722
1.76723
1.76723
1.76723
1.76723
1.76722
1.76722
1.76723
1.76724
1.76725
1.76726
1.76726
1.76726
1.76726
1.76726
1.76727
1.76727
1.76727
1.76727
1.76727
1.76727
1.76727
1.76727
1.76727
1.76727
1.76726
1.76727
1.76726
1.76727
1.76726
1.76726
1.76726
1.76726
1.76726
1.76726
1.76726
1.76726
1.76726
1.76727
1.76727
1.76727
1.76726
1.76726
1.76725
1.76726
1.76726
1.76725
1.76725
1.76725
1.76725
1.76726
1.76726
1.76726
1.76727
1.76727
1.76726
1.76726
1.76726
1.76726
1.76727
1.76727
1.76726
1.76727
1.76727
1.76728
1.76728
1.76728
1.76728
1.76727
1.76727
1.76726
1.76727
1.76727
1.76728
1.76728
1.76728
1.76729
1.76729
1.76729
1.76729
1.76729
1.76729
1.76728
1.76728
1.76727
1.76727
1.76727
1.76726
1.76726
1.76726
1.76727
1.76727
1.76728
1.76728
1.76728
1.76727
1.76727
1.76726
1.76727
1.76728
1.76728
1.76728
1.76727
1.76725
1.76726
1.76725
1.76725
1.76725
1.76725
1.76725
1.76725
1.76724
1.76724
1.76723
1.76723
1.76724
1.76723
1.76723
1.76722
1.76722
1.76722
1.76723
1.76723
1.76722
1.76723
1.76723
1.76723
1.76723
1.76722
1.76722
1.76721
1.7672
1.76719
1.7672
1.7672
1.76721
1.7672
1.76721
1.76722
1.76722
1.76722
1.76723
1.76723
1.76723
1.76723
1.76724
1.76724
1.76724
1.76724
1.76725
1.76724
1.76725
1.76725
1.76725
1.76725
1.76726
1.76726
1.76727
1.76727
1.76726
1.76727
1.76728
1.76728
1.76728
1.76728
1.76728
1.76727
1.76727
1.76727
1.76727
1.76726
1.76725
1.76726
1.76725
1.76725
1.76725
1.76724
1.76723
1.76723
1.76723
1.76724
1.76724
1.76724
1.76724
1.76725
1.76725
1.76725
1.76726
1.76726
1.76726
1.76727
1.76727
1.76727
1.76727
1.76726
1.76726
1.76725
1.76724
1.76724
1.76724
1.76724
1.76724
1.76724
1.76724
1.76724
1.76725
1.76724
1.76724
1.76724
1.76724
1.76724
1.76724
1.76723
1.76723
1.76723
1.76723
1.76723
1.76722
1.76722
1.76721
1.76722
1.76722
1.76721
1.76722
1.76721
1.76721
1.76721
1.76721
1.7672
1.7672
1.7672
1.7672
1.76721
1.76721
1.76721
1.76721
1.76721
1.76722
1.76721
1.7672
1.76721
1.7672
1.7672
1.76721
1.76721
1.76722
1.76721
1.76721
1.76721
1.76721
1.7672
1.76721
1.76721
1.76722
1.76722
1.76722
1.76722
1.76721
1.76722
1.76721
1.76722
1.76723
1.76723
1.76723
1.76723
1.76723
1.76723
1.76723
1.76723
1.76722
1.76721
1.76722
1.76722
1.76722
1.76722
1.76723
1.76723
1.76723
1.76723
1.76724
1.76724
1.76724
1.76724
1.76724
1.76724
1.76724
1.76724
1.76724
1.76724
1.76724
1.76722
1.76723
1.76723
1.76722
1.76722
1.76721
1.76721
1.76721
1.7672
1.76719
1.76719
1.76718
1.76717
1.76717
1.76717
1.76716
1.76716
1.76716
1.76716
1.76715
1.76716
1.76717
1.76716
1.76717
1.76717
1.76717
1.76718
1.76718
1.76718
1.76719
1.76719
1.7672
1.76719
1.7672
1.76719
1.76719
1.76719
1.76719
1.76719
1.76719
1.76718
1.76718
1.76719
1.7672
1.76719
1.7672
1.76721
1.76721
1.76722
1.76722
1.76721
1.76721
1.76721
1.76722
1.76722
1.76722
1.76722
1.76722
1.76722
1.76722
1.76721
1.76721
1.76722
1.76722
1.76723
1.76722
1.76722
1.76723
1.76724
1.76725
1.76724
1.76724
1.76726
1.76726
1.76728
1.76728
1.76728
1.76729
1.76728
1.76727
1.76728
1.76728
1.7673
1.76729
1.76729
1.76729
1.76729
1.76728
1.76728
1.76728
1.76727
1.76727
1.76726
1.76727
1.76727
1.76727
1.76726
1.76725
1.76726
1.76726
1.76726
1.76726
1.76725
1.76726
1.76726
1.76726
1.76727
1.76728
1.76728
1.76728
1.76728
1.76727
1.76728
1.76728
1.76728
1.76729
1.76729
1.76729
1.76729
1.76729
1.7673
1.76729
1.76729
1.76729
1.76728
1.76728
1.76728
1.76729
1.76729
1.7673
1.76729
1.76729
1.76727
1.76727
1.76726
1.76727
1.76727
1.76727
1.76728
1.76727
1.76727
1.76728
1.44177
1.44177
1.44177
1.44177
1.44178
1.44177
1.44178
1.44178
1.44178
1.44178
1.44179
1.44178
1.44178
1.44179
1.44179
1.44179
1.4418
1.4418
1.4418
1.4418
1.44179
1.44179
1.44178
1.44179
1.44179
1.44179
1.44178
1.44179
1.44179
1.44179
1.4418
1.4418
1.4418
1.4418
1.4418
1.4418
1.44181
1.44181
1.44181
1.44181
1.44181
1.44181
1.44181
1.44182
1.44182
1.44182
1.44182
1.44182
1.44182
1.44182
1.44182
1.44182
1.44182
1.44182
1.44181
1.44181
1.44182
1.44181
1.44181
1.4418
1.44181
1.44181
1.44181
1.44182
1.44182
1.44182
1.44181
1.44182
1.44182
1.44181
1.44181
1.4418
1.44179
1.4418
1.4418
1.4418
1.44181
1.44181
1.44181
1.44181
1.4418
1.4418
1.44181
1.4418
1.44181
1.44181
1.44181
1.44182
1.4418
1.4418
1.4418
1.4418
1.44179
1.44179
1.4418
1.4418
1.4418
1.44181
1.44181
1.44181
1.44181
1.44181
1.4418
1.4418
1.44179
1.4418
1.4418
1.44179
1.44181
1.44181
1.44181
1.44181
1.44181
1.44181
1.44181
1.44181
1.44181
1.44181
1.44181
1.44181
1.44181
1.44181
1.44182
1.44182
1.44182
1.44182
1.44182
1.44182
1.44182
1.44182
1.44181
1.44181
1.44181
1.44182
1.44182
1.44181
1.44181
1.44181
1.4418
1.44181
1.4418
1.4418
1.4418
1.4418
1.44179
1.44179
1.44179
1.44179
1.44179
1.44178
1.44179
1.44178
1.44179
1.4418
1.4418
1.44179
1.44179
1.4418
1.4418
1.4418
1.4418
1.4418
1.44179
1.4418
1.44179
1.4418
1.44179
1.4418
1.4418
1.44181
1.4418
1.4418
1.4418
1.44179
1.44179
1.44179
1.44178
1.44179
1.44179
1.44179
1.44178
1.44179
1.44178
1.44177
1.44176
1.44177
1.44176
1.44175
1.44175
1.44176
1.44176
1.44175
1.44174
1.44174
1.44174
1.44173
1.44173
1.44173
1.44174
1.44174
1.44175
1.44176
1.44175
1.44176
1.44176
1.44176
1.44177
1.44177
1.44177
1.44178
1.44179
1.44178
1.44178
1.44178
1.44179
1.44178
1.44178
1.44178
1.44177
1.44177
1.44177
1.44178
1.44179
1.44178
1.44178
1.44177
1.44177
1.44176
1.44176
1.44176
1.44176
1.44176
1.44175
1.44175
1.44176
1.44176
1.44175
1.44175
1.44176
1.44176
1.44176
1.44175
1.44176
1.44176
1.44175
1.44175
1.44174
1.44175
1.44175
1.44175
1.44175
1.44175
1.44174
1.44175
1.44174
1.44173
1.44174
1.44174
1.44174
1.44173
1.44173
1.44173
1.44174
1.44175
1.44176
1.44175
1.44174
1.44174
1.44176
1.44175
1.44174
1.44174
1.44174
1.44174
1.44173
1.44173
1.44173
1.44172
1.44172
1.44173
1.44172
1.44172
1.44172
1.4417
1.4417
1.44171
1.44172
1.44172
1.44171
1.44172
1.4417
1.44171
1.4417
1.4417
1.44171
1.44171
1.44171
1.44171
1.44171
1.44171
1.4417
1.4417
1.4417
1.4417
1.4417
1.44171
1.44171
1.44171
1.44171
1.44172
1.44171
1.44171
1.44172
1.44172
1.44172
1.44172
1.44171
1.44171
1.44171
1.44171
1.4417
1.4417
1.44171
1.44171
1.44171
1.44171
1.44171
1.44171
1.44169
1.44169
1.44171
1.44171
1.44171
1.44171
1.44171
1.44171
1.44171
1.44171
1.44171
1.44171
1.4417
1.4417
1.44171
1.4417
1.4417
1.4417
1.4417
1.4417
1.4417
1.44169
1.4417
1.4417
1.4417
1.44171
1.4417
1.44169
1.4417
1.4417
1.4417
1.4417
1.4417
1.4417
1.44169
1.4417
1.4417
1.4417
1.4417
1.4417
1.4417
1.4417
1.44172
1.44172
1.44172
1.44172
1.44172
1.44172
1.44172
1.44172
1.44172
1.44173
1.44172
1.44172
1.44171
1.44171
1.44172
1.44172
1.44172
1.44172
1.44172
1.44172
1.44173
1.44173
1.44173
1.44173
1.44174
1.44173
1.44173
1.44172
1.44172
1.44171
1.44171
1.4417
1.44171
1.4417
1.44171
1.44171
1.44171
1.4417
1.4417
1.4417
1.4417
1.44169
1.4417
1.4417
1.4417
1.44169
1.4417
1.4417
1.4417
1.4417
1.4417
1.4417
1.4417
1.44169
1.44169
1.4417
1.4417
1.44169
1.4417
1.4417
1.4417
1.4417
1.4417
1.44169
1.44169
1.44168
1.44168
1.44167
1.44167
1.44168
1.44168
1.44168
1.44167
1.44167
1.44167
1.44167
1.44167
1.44167
1.44167
1.44166
1.44166
1.44166
1.44165
1.44164
1.44164
1.44164
1.44165
1.44164
1.44164
1.44164
1.44166
1.44166
1.44166
1.44167
1.44167
1.44168
1.44168
1.44167
1.44167
1.44166
1.44167
1.44167
1.44168
1.44168
1.44168
1.44169
1.44168
1.44169
1.44168
1.44168
1.44168
1.44168
1.44168
1.44168
1.44168
1.44167
1.44167
1.44167
1.44166
1.44167
1.44169
1.44169
1.44168
1.44169
1.44169
1.44169
1.44168
1.44169
1.44169
1.44168
1.44167
1.44167
1.44167
1.44166
1.44166
1.44165
1.44165
1.44165
1.44164
1.44163
1.44164
1.44163
1.44163
1.44163
1.44162
1.44162
1.44162
1.44161
1.44161
1.44162
1.44161
1.44162
1.44161
1.44162
1.44162
1.44163
1.44163
1.44163
1.44163
1.44162
1.44162
1.44162
1.44162
1.44162
1.44162
1.44162
1.44162
1.44164
1.44163
1.44164
1.44164
1.44165
1.44164
1.44165
1.44163
1.44163
1.44162
1.44163
1.44163
1.44163
1.44164
1.44165
1.44165
1.44165
1.44165
1.44165
1.44165
1.44165
1.44166
1.44166
1.44167
1.44166
1.44166
1.44165
1.44165
1.44165
1.44165
1.44165
1.44165
1.44166
1.44165
1.44165
1.44164
1.44164
1.44164
1.44163
1.44162
1.44161
1.4416
1.4416
1.4416
1.4416
1.4416
1.44159
1.44159
1.44158
1.44159
1.44159
1.44157
1.44158
1.44158
1.44158
1.44158
1.44158
1.44158
1.44157
1.44157
1.44158
1.44158
1.44158
1.44159
1.44159
1.44159
1.44159
1.44158
1.44158
1.44159
1.44159
1.44157
1.44156
1.44156
1.44156
1.44156
1.44156
1.44156
1.44156
1.44156
1.44155
1.44154
1.44154
1.44154
1.44154
1.44155
1.44155
1.44154
1.44153
1.44153
1.44152
1.44151
1.4415
1.4415
1.4415
1.44149
1.4415
1.44149
1.44149
1.4415
1.4415
1.4415
1.44151
1.44151
1.44151
1.44151
1.44151
1.44151
1.44151
1.4415
1.4415
1.4415
1.4415
1.44149
1.44149
1.44149
1.44148
1.44149
1.44149
1.44149
1.44149
1.44148
1.44148
1.44148
1.44149
1.44147
1.44147
1.44147
1.44147
1.44147
1.44147
1.44147
1.44147
1.44148
1.44148
1.44147
1.44149
1.44148
1.44148
1.44149
1.44149
1.44149
1.44151
1.4415
1.4415
1.44151
1.44151
1.44151
1.44152
1.44151
1.4415
1.4415
1.4415
1.4415
1.4415
1.44149
1.44149
1.4415
1.4415
1.44148
1.44148
1.44148
1.44148
1.44148
1.44149
1.4415
1.44149
1.4415
1.4415
1.4415
1.4415
1.4415
1.4415
1.4415
1.4415
1.4415
1.4415
1.4415
1.44151
1.44152
1.44152
1.44151
1.44151
1.44151
1.44151
1.44151
1.4415
1.4415
1.4415
1.4415
1.44151
1.44151
1.44152
1.44151
1.4415
1.44151
1.44152
1.44151
1.44151
1.44151
1.44152
1.44152
1.44152
1.44152
1.44152
1.44152
1.44151
1.44152
1.44154
1.44153
1.44152
1.44152
1.44153
1.44152
1.44153
1.44153
1.44153
1.44152
1.44153
1.44153
1.44153
1.44154
1.44154
1.44154
1.44154
1.44154
1.44155
1.44155
1.44155
1.44154
1.44154
1.44155
1.44155
1.44156
1.44156
1.44156
1.44156
1.44157
1.44157
1.44157
1.44157
1.44157
1.44156
1.44157
1.44157
1.44156
1.44156
1.44156
1.44156
1.44156
1.44156
1.44155
1.44155
1.44155
1.44155
1.44155
1.44155
1.44155
1.44155
1.44155
1.44155
1.44155
1.44155
1.44155
1.44155
1.44155
1.44155
1.44155
1.44155
1.44155
1.44155
1.44155
1.44155
1.44155
1.44155
1.44156
1.44157
1.44157
1.44158
1.44157
1.44157
1.44156
1.44156
1.44157
1.44158
1.44159
1.44159
1.44159
1.44159
1.44158
1.44158
1.44157
1.44157
1.44156
1.44157
1.44157
1.44157
1.44157
1.44156
1.44156
1.44156
1.44156
1.44156
1.44156
1.44156
1.44156
1.44156
1.44156
1.44155
1.44156
1.44157
1.44156
1.44156
1.44155
1.44157
1.44157
1.44158
1.44158
1.44159
1.44159
1.44159
1.44159
1.44159
1.44159
1.44159
1.44159
1.44159
1.44159
1.44159
1.44159
1.44158
1.44159
1.44158
1.44158
1.44158
1.44157
1.44157
1.44157
1.44157
1.44157
1.44157
1.44157
1.44157
1.44156
1.44156
1.44155
1.44154
1.44154
1.44154
1.44154
1.44153
1.44154
1.44153
1.44154
1.44153
1.44154
1.44153
1.44154
1.44154
1.44154
1.44153
1.44154
1.44154
1.44154
1.44154
1.44154
1.44153
1.44155
1.44154
1.44154
1.44154
1.44155
1.44154
1.44155
1.44156
1.44157
1.44157
1.44157
1.44158
1.44157
1.44159
1.44159
1.4416
1.4416
1.4416
1.4416
1.44161
1.44161
1.44161
1.4416
1.4416
1.4416
1.44159
1.44158
1.44158
1.44158
1.44158
1.44158
1.44157
1.44157
1.44158
1.44158
1.44158
1.44158
1.44158
1.44158
1.44158
1.44159
1.44159
1.4416
1.4416
1.44159
1.4416
1.4416
1.44159
1.4416
1.4416
1.44161
1.4416
1.4416
1.4416
1.44161
1.44161
1.44161
1.44162
1.44163
1.44163
1.44163
1.44163
1.44163
1.44163
1.44163
1.44163
1.44163
1.44163
1.44163
1.44162
1.44162
1.44161
1.44161
1.4416
1.44161
1.44161
1.44161
1.4416
1.4416
1.4416
1.4416
1.4416
1.4416
1.4416
1.44159
1.4416
1.44159
1.44158
1.44159
1.44158
1.44158
1.44159
1.4416
1.4416
1.44159
1.44159
1.40457
1.40456
1.40456
1.40456
1.40456
1.40456
1.40456
1.40456
1.40456
1.40457
1.40457
1.40457
1.40455
1.40455
1.40455
1.40455
1.40455
1.40455
1.40456
1.40455
1.40455
1.40455
1.40455
1.40455
1.40455
1.40455
1.40455
1.40455
1.40456
1.40455
1.40456
1.40455
1.40455
1.40455
1.40455
1.40455
1.40455
1.40456
1.40454
1.40454
1.40453
1.40453
1.40452
1.40453
1.40453
1.40453
1.40452
1.40454
1.40454
1.40454
1.40454
1.40454
1.40454
1.40454
1.40453
1.40454
1.40453
1.40454
1.40454
1.40454
1.40455
1.40454
1.40455
1.40455
1.40456
1.40456
1.40456
1.40456
1.40456
1.40456
1.40457
1.40457
1.40456
1.40456
1.40455
1.40457
1.40456
1.40457
1.40457
1.40458
1.40457
1.40456
1.40456
1.40456
1.40455
1.40455
1.40455
1.40456
1.40455
1.40455
1.40456
1.40456
1.40455
1.40456
1.40456
1.40456
1.40455
1.40455
1.40454
1.40454
1.40455
1.40455
1.40454
1.40455
1.40454
1.40454
1.40454
1.40455
1.40455
1.40455
1.40456
1.40456
1.40455
1.40456
1.40456
1.40456
1.40456
1.40455
1.40455
1.40455
1.40455
1.40456
1.40457
1.40457
1.40457
1.40457
1.40456
1.40456
1.40455
1.40456
1.40455
1.40455
1.40455
1.40453
1.40453
1.40454
1.40455
1.40455
1.40455
1.40454
1.40454
1.40454
1.40454
1.40454
1.40454
1.40453
1.40454
1.40454
1.40455
1.40456
1.40454
1.40453
1.40453
1.40453
1.40453
1.40452
1.40453
1.40454
1.40453
1.40454
1.40454
1.40454
1.40454
1.40454
1.40454
1.40453
1.40453
1.40454
1.40454
1.40454
1.40454
1.40454
1.40453
1.40454
1.40454
1.40454
1.40454
1.40454
1.40454
1.40454
1.40454
1.40454
1.40454
1.40454
1.40453
1.40453
1.40454
1.40454
1.40455
1.40454
1.40455
1.40456
1.40456
1.40456
1.40456
1.40456
1.40456
1.40455
1.40455
1.40455
1.40454
1.40454
1.40455
1.40454
1.40454
1.40454
1.40455
1.40454
1.40454
1.40454
1.40454
1.40453
1.40453
1.40452
1.40451
1.40451
1.40451
1.40452
1.40452
1.40452
1.40452
1.40451
1.40452
1.40452
1.40451
1.40452
1.40452
1.40452
1.40452
1.40451
1.40451
1.4045
1.4045
1.4045
1.4045
1.4045
1.40449
1.40451
1.40451
1.40452
1.40453
1.40453
1.40453
1.40453
1.40453
1.40452
1.40453
1.40453
1.40454
1.40454
1.40455
1.40455
1.40455
1.40454
1.40454
1.40455
1.40455
1.40454
1.40454
1.40454
1.40454
1.40454
1.40453
1.40454
1.40453
1.40453
1.40452
1.40451
1.40452
1.40453
1.40452
1.40452
1.40451
1.40452
1.40452
1.40452
1.40452
1.40453
1.40453
1.40453
1.40452
1.40452
1.40452
1.40453
1.40452
1.40452
1.40451
1.40451
1.40451
1.40451
1.40452
1.40451
1.40452
1.40452
1.40454
1.40455
1.40454
1.40454
1.40454
1.40454
1.40453
1.40454
1.40454
1.40453
1.40454
1.40453
1.40453
1.40453
1.40452
1.40452
1.40452
1.40452
1.40452
1.40452
1.40453
1.40454
1.40454
1.40454
1.40454
1.40454
1.40453
1.40453
1.40452
1.40452
1.40452
1.40452
1.40452
1.40453
1.40454
1.40454
1.40454
1.40454
1.40454
1.40454
1.40454
1.40455
1.40454
1.40455
1.40454
1.40453
1.40454
1.40454
1.40455
1.40454
1.40455
1.40455
1.40455
1.40455
1.40454
1.40454
1.40454
1.40453
1.40453
1.40453
1.40453
1.40453
1.40453
1.40453
1.40453
1.40451
1.40451
1.40451
1.40452
1.40452
1.40453
1.40452
1.40453
1.40453
1.40453
1.40453
1.40453
1.40453
1.40453
1.40453
1.40454
1.40454
1.40453
1.40453
1.40453
1.40453
1.40453
1.40453
1.40454
1.40455
1.40455
1.40455
1.40454
1.40454
1.40455
1.40454
1.40455
1.40455
1.40455
1.40456
1.40456
1.40456
1.40456
1.40456
1.40456
1.40456
1.40456
1.40457
1.40457
1.40457
1.40457
1.40457
1.40456
1.40457
1.40456
1.40456
1.40456
1.40456
1.40456
1.40456
1.40457
1.40457
1.40457
1.40457
1.40457
1.40457
1.40457
1.40457
1.40458
1.40458
1.40458
1.40458
1.40458
1.40458
1.40458
1.40458
1.40458
1.40457
1.40456
1.40456
1.40457
1.40456
1.40456
1.40457
1.40457
1.40458
1.40458
1.40457
1.40457
1.40458
1.40457
1.40456
1.40456
1.40455
1.40455
1.40456
1.40456
1.40456
1.40455
1.40456
1.40456
1.40456
1.40457
1.40456
1.40456
1.40455
1.40454
1.40454
1.40456
1.40456
1.40457
1.40457
1.40457
1.40457
1.40457
1.40457
1.40457
1.40458
1.40458
1.40458
1.40457
1.40457
1.40456
1.40456
1.40456
1.40456
1.40456
1.40455
1.40456
1.40456
1.40455
1.40455
1.40454
1.40454
1.40454
1.40455
1.40455
1.40456
1.40456
1.40456
1.40456
1.40457
1.40457
1.40456
1.40456
1.40457
1.40457
1.40457
1.40458
1.40458
1.40458
1.40459
1.40459
1.40459
1.40459
1.4046
1.4046
1.4046
1.4046
1.40459
1.40459
1.40459
1.40459
1.40459
1.40459
1.40458
1.40458
1.40458
1.40457
1.40458
1.40458
1.40458
1.40459
1.40459
1.40459
1.40459
1.40458
1.40457
1.40457
1.40456
1.40456
1.40455
1.40456
1.40455
1.40455
1.40454
1.40453
1.40454
1.40454
1.40454
1.40454
1.40454
1.40454
1.40454
1.40454
1.40454
1.40453
1.40453
1.40453
1.40453
1.40452
1.40452
1.40452
1.40452
1.40452
1.40452
1.40452
1.40452
1.40452
1.40451
1.4045
1.4045
1.4045
1.4045
1.4045
1.4045
1.4045
1.4045
1.4045
1.4045
1.4045
1.4045
1.4045
1.40451
1.4045
1.4045
1.4045
1.4045
1.4045
1.4045
1.4045
1.4045
1.4045
1.4045
1.4045
1.4045
1.40451
1.40451
1.40451
1.40451
1.40452
1.40451
1.40451
1.40451
1.4045
1.40449
1.4045
1.4045
1.40449
1.4045
1.40451
1.40451
1.40451
1.4045
1.4045
1.40449
1.40449
1.40449
1.40449
1.40449
1.40448
1.40448
1.40449
1.40448
1.40449
1.40448
1.40448
1.40448
1.40448
1.40449
1.40449
1.40451
1.40451
1.40451
1.40451
1.40452
1.40453
1.40453
1.40453
1.40452
1.40452
1.40453
1.40453
1.40453
1.40453
1.40453
1.40454
1.40453
1.40453
1.40454
1.40455
1.40455
1.40455
1.40455
1.40456
1.40457
1.40458
1.40459
1.40459
1.4046
1.4046
1.40459
1.4046
1.40459
1.40458
1.40458
1.40457
1.40458
1.40457
1.40457
1.40457
1.40457
1.40457
1.40457
1.40456
1.40457
1.40457
1.40456
1.40456
1.40456
1.40455
1.40456
1.40457
1.40457
1.40457
1.40456
1.40457
1.40456
1.40456
1.40456
1.40457
1.40456
1.40456
1.40456
1.40456
1.40456
1.40456
1.40456
1.40456
1.40456
1.40456
1.40457
1.40457
1.40457
1.40456
1.40457
1.40456
1.40457
1.40457
1.40457
1.40457
1.40457
1.40457
1.40457
1.40458
1.40458
1.40458
1.40458
1.40458
1.40457
1.40458
1.40458
1.40457
1.40457
1.40456
1.40457
1.40457
1.40457
1.40457
1.40457
1.40458
1.40458
1.40458
1.40458
1.40458
1.40459
1.40458
1.40458
1.40458
1.40458
1.40459
1.40459
1.40459
1.40459
1.40459
1.40458
1.40459
1.40459
1.40459
1.40459
1.40459
1.4046
1.4046
1.4046
1.40459
1.4046
1.4046
1.4046
1.4046
1.4046
1.4046
1.4046
1.40459
1.40459
1.40459
1.40458
1.40459
1.40458
1.40458
1.40456
1.40456
1.40457
1.40457
1.40457
1.40457
1.40457
1.40456
1.40456
1.40457
1.40456
1.40456
1.40455
1.40455
1.40456
1.40456
1.40456
1.40455
1.40455
1.40455
1.40455
1.40455
1.40455
1.40454
1.40454
1.40454
1.40454
1.40454
1.40455
1.40454
1.40454
1.40454
1.40456
1.40455
1.40455
1.40455
1.40455
1.40455
1.40454
1.40455
1.40455
1.40455
1.40455
1.40455
1.40454
1.40454
1.40454
1.40455
1.40454
1.40454
1.40453
1.40453
1.40453
1.40453
1.40453
1.40454
1.40455
1.40455
1.40456
1.40455
1.40456
1.40456
1.40456
1.40455
1.40455
1.40454
1.40454
1.40454
1.40454
1.40454
1.40455
1.40454
1.40454
1.40454
1.40455
1.40454
1.40454
1.40454
1.40453
1.40453
1.40453
1.40453
1.40455
1.40454
1.40455
1.40456
1.40456
1.40456
1.40456
1.40457
1.40457
1.40456
1.40457
1.40456
1.40457
1.40457
1.40457
1.40457
1.40458
1.40457
1.40458
1.40457
1.40456
1.40456
1.40455
1.40454
1.40454
1.40454
1.40455
1.40455
1.40454
1.40455
1.40454
1.40454
1.40455
1.40455
1.40454
1.40454
1.40454
1.40454
1.40454
1.40455
1.40455
1.40455
1.40456
1.40456
1.40456
1.40455
1.40456
1.40456
1.40456
1.40455
1.40456
1.40454
1.40453
1.40453
1.40454
1.40453
1.40454
1.40454
1.40454
1.40454
1.40454
1.40454
1.40454
1.40454
1.40455
1.40454
1.40454
1.40454
1.40454
1.40452
1.40452
1.40452
1.40452
1.40452
1.40452
1.40452
1.4045
1.4045
1.4045
1.4045
1.40451
1.40451
1.40451
1.40451
1.40451
1.4045
1.4045
1.4045
1.40451
1.40451
1.4045
1.4045
1.4045
1.4045
1.4045
1.4045
1.40451
1.40452
1.40453
1.40452
1.40453
1.40453
1.40453
1.40453
1.40453
1.40451
1.40451
1.40451
1.40451
1.4045
1.4045
1.40449
1.40449
1.40449
1.40448
1.40448
1.40448
1.40448
1.40449
1.40449
1.4045
1.40451
1.40451
1.40451
1.40451
1.4045
1.4045
1.40451
1.40451
1.40451
1.40451
1.40451
1.40451
1.40451
1.4045
1.4045
1.40451
1.40451
1.40451
1.40452
1.40452
1.40452
1.40452
1.40452
1.40452
1.40451
1.4045
1.40452
1.40453
1.40452
1.40452
1.40452
1.40452
1.40453
1.40453
1.38621
1.38621
1.38621
1.38619
1.38619
1.38619
1.3862
1.38619
1.38619
1.38617
1.38618
1.38617
1.38617
1.38616
1.38616
1.38616
1.38615
1.38615
1.38615
1.38615
1.38615
1.38614
1.38614
1.38614
1.38613
1.38613
1.38614
1.38615
1.38615
1.38615
1.38615
1.38615
1.38615
1.38616
1.38615
1.38615
1.38616
1.38617
1.38616
1.38616
1.38615
1.38614
1.38614
1.38614
1.38614
1.38615
1.38615
1.38615
1.38616
1.38615
1.38616
1.38616
1.38616
1.38616
1.38617
1.38617
1.38617
1.38617
1.38616
1.38616
1.38615
1.38615
1.38615
1.38615
1.38615
1.38614
1.38614
1.38614
1.38614
1.38614
1.38614
1.38614
1.38614
1.38614
1.38615
1.38615
1.38615
1.38615
1.38615
1.38615
1.38615
1.38615
1.38615
1.38614
1.38614
1.38615
1.38615
1.38615
1.38616
1.38615
1.38615
1.38616
1.38617
1.38617
1.38617
1.38617
1.38617
1.38617
1.38618
1.38619
1.38619
1.3862
1.3862
1.3862
1.3862
1.38619
1.3862
1.3862
1.3862
1.3862
1.3862
1.38621
1.38621
1.3862
1.3862
1.3862
1.38619
1.38619
1.38619
1.38619
1.38618
1.38618
1.38618
1.38618
1.38619
1.38619
1.38619
1.38618
1.38618
1.38618
1.38618
1.38617
1.38618
1.38619
1.38619
1.3862
1.3862
1.3862
1.38621
1.38622
1.38621
1.3862
1.38619
1.38619
1.38619
1.38619
1.38619
1.38619
1.3862
1.38619
1.38619
1.3862
1.3862
1.3862
1.3862
1.38619
1.38619
1.38619
1.38618
1.38619
1.38618
1.38617
1.38617
1.38618
1.38618
1.38618
1.38618
1.38618
1.38619
1.38619
1.38619
1.3862
1.3862
1.38619
1.38619
1.38619
1.38619
1.38618
1.38618
1.38617
1.38617
1.38618
1.38618
1.38618
1.38617
1.38617
1.38617
1.38617
1.38617
1.38617
1.38616
1.38616
1.38616
1.38616
1.38616
1.38615
1.38615
1.38614
1.38614
1.38615
1.38615
1.38614
1.38615
1.38615
1.38615
1.38615
1.38616
1.38616
1.38616
1.38615
1.38616
1.38616
1.38616
1.38617
1.38617
1.38616
1.38616
1.38615
1.38615
1.38615
1.38615
1.38616
1.38615
1.38614
1.38615
1.38615
1.38615
1.38616
1.38616
1.38615
1.38614
1.38615
1.38614
1.38614
1.38615
1.38613
1.38613
1.38614
1.38614
1.38614
1.38614
1.38614
1.38613
1.38613
1.38613
1.38613
1.38613
1.38613
1.38612
1.38612
1.38612
1.38612
1.38613
1.38614
1.38614
1.38614
1.38614
1.38615
1.38614
1.38615
1.38616
1.38616
1.38618
1.38619
1.38619
1.3862
1.38621
1.3862
1.3862
1.38621
1.38621
1.38621
1.3862
1.3862
1.3862
1.3862
1.38619
1.38619
1.38619
1.38618
1.38618
1.38619
1.38619
1.38619
1.38618
1.38618
1.38618
1.38618
1.38618
1.38618
1.38617
1.38616
1.38616
1.38617
1.38617
1.38617
1.38617
1.38617
1.38617
1.38617
1.38617
1.38618
1.38618
1.38617
1.38618
1.38618
1.38618
1.38618
1.38617
1.38617
1.38618
1.38618
1.38618
1.38619
1.38619
1.38619
1.3862
1.3862
1.3862
1.3862
1.3862
1.3862
1.3862
1.3862
1.38619
1.38619
1.38618
1.38619
1.38619
1.38618
1.38618
1.38618
1.38619
1.38619
1.38619
1.3862
1.3862
1.3862
1.3862
1.3862
1.3862
1.3862
1.38621
1.3862
1.3862
1.38619
1.38619
1.3862
1.3862
1.3862
1.3862
1.38619
1.38619
1.3862
1.38619
1.38619
1.38619
1.3862
1.3862
1.3862
1.3862
1.3862
1.3862
1.3862
1.38621
1.38621
1.38621
1.38622
1.38621
1.38622
1.38623
1.38623
1.38622
1.38622
1.38622
1.38623
1.38622
1.38623
1.38623
1.38623
1.38622
1.38622
1.38622
1.38622
1.38622
1.38621
1.38622
1.38622
1.38621
1.38621
1.38622
1.38621
1.38621
1.38621
1.38621
1.38622
1.38621
1.38621
1.38622
1.38621
1.38622
1.38622
1.38621
1.38622
1.38623
1.38622
1.38622
1.38623
1.38623
1.38624
1.38624
1.38624
1.38625
1.38624
1.38624
1.38625
1.38624
1.38625
1.38624
1.38623
1.38623
1.38623
1.38622
1.38622
1.38623
1.38622
1.38622
1.38622
1.38623
1.38622
1.38622
1.38622
1.38623
1.38623
1.38623
1.38624
1.38624
1.38625
1.38625
1.38625
1.38625
1.38626
1.38626
1.38626
1.38627
1.38627
1.38626
1.38627
1.38627
1.38626
1.38625
1.38626
1.38626
1.38626
1.38626
1.38626
1.38627
1.38627
1.38626
1.38626
1.38626
1.38625
1.38625
1.38626
1.38626
1.38626
1.38626
1.38626
1.38626
1.38627
1.38627
1.38627
1.38626
1.38626
1.38626
1.38626
1.38625
1.38624
1.38624
1.38624
1.38625
1.38625
1.38625
1.38625
1.38625
1.38625
1.38625
1.38625
1.38625
1.38625
1.38624
1.38625
1.38624
1.38624
1.38624
1.38624
1.38625
1.38624
1.38624
1.38625
1.38625
1.38625
1.38625
1.38625
1.38624
1.38624
1.38624
1.38624
1.38624
1.38624
1.38625
1.38625
1.38626
1.38625
1.38625
1.38625
1.38626
1.38627
1.38628
1.38628
1.38628
1.38628
1.38628
1.38628
1.38628
1.38628
1.38627
1.38627
1.38626
1.38625
1.38625
1.38625
1.38626
1.38626
1.38626
1.38626
1.38625
1.38625
1.38626
1.38627
1.38626
1.38626
1.38625
1.38626
1.38626
1.38626
1.38627
1.38627
1.38627
1.38628
1.38628
1.38628
1.38629
1.38629
1.38629
1.38628
1.38628
1.38628
1.38627
1.38627
1.38627
1.38628
1.38628
1.38629
1.38629
1.38629
1.3863
1.3863
1.3863
1.38629
1.38629
1.3863
1.3863
1.3863
1.38629
1.3863
1.38629
1.3863
1.3863
1.3863
1.38631
1.3863
1.38631
1.3863
1.38629
1.38629
1.38629
1.38628
1.38629
1.38628
1.38629
1.38628
1.38629
1.38629
1.38628
1.38628
1.38628
1.38628
1.38628
1.38628
1.38628
1.38628
1.38628
1.38628
1.38629
1.38629
1.38628
1.38628
1.38628
1.38628
1.38628
1.38628
1.38627
1.38627
1.38627
1.38627
1.38626
1.38626
1.38626
1.38626
1.38627
1.38627
1.38626
1.38626
1.38627
1.38627
1.38627
1.38626
1.38627
1.38627
1.38628
1.38628
1.38629
1.38629
1.38629
1.3863
1.38631
1.38632
1.38632
1.38631
1.38631
1.38631
1.3863
1.3863
1.3863
1.3863
1.3863
1.38629
1.38629
1.38628
1.38628
1.38628
1.38628
1.38628
1.38629
1.38629
1.38628
1.38627
1.38627
1.38628
1.38628
1.38628
1.38628
1.38628
1.38628
1.38627
1.38627
1.38627
1.38627
1.38628
1.38627
1.38627
1.38627
1.38626
1.38626
1.38627
1.38627
1.38627
1.38627
1.38628
1.38628
1.38628
1.38628
1.38629
1.38628
1.38629
1.38629
1.38629
1.38628
1.38627
1.38626
1.38626
1.38626
1.38627
1.38627
1.38628
1.38629
1.3863
1.3863
1.38631
1.38631
1.38632
1.38633
1.38632
1.38631
1.38631
1.38632
1.38632
1.38632
1.38632
1.38631
1.38631
1.38631
1.38631
1.38632
1.38632
1.38632
1.38631
1.38632
1.38632
1.38632
1.38632
1.38633
1.38633
1.38633
1.38634
1.38634
1.38635
1.38634
1.38634
1.38634
1.38634
1.38633
1.38633
1.38633
1.38633
1.38634
1.38634
1.38634
1.38634
1.38634
1.38634
1.38633
1.38634
1.38634
1.38635
1.38634
1.38634
1.38634
1.38633
1.38633
1.38633
1.38633
1.38633
1.38632
1.38631
1.3863
1.3863
1.38629
1.38629
1.38629
1.38629
1.38629
1.38629
1.38629
1.38631
1.3863
1.38631
1.38631
1.3863
1.38631
1.3863
1.38629
1.3863
1.38629
1.38629
1.3863
1.38629
1.38631
1.3863
1.3863
1.38629
1.38629
1.38629
1.3863
1.38629
1.38629
1.3863
1.3863
1.3863
1.3863
1.3863
1.38631
1.38631
1.38632
1.38632
1.38632
1.38632
1.38632
1.38632
1.38632
1.38632
1.38632
1.38632
1.38632
1.38631
1.38631
1.38631
1.3863
1.3863
1.3863
1.3863
1.38629
1.38629
1.38629
1.38629
1.38629
1.3863
1.38631
1.38631
1.3863
1.38631
1.38631
1.3863
1.3863
1.38631
1.38631
1.3863
1.3863
1.38631
1.38631
1.38631
1.38631
1.3863
1.3863
1.38629
1.38629
1.38629
1.38629
1.3863
1.38629
1.38629
1.3863
1.38629
1.3863
1.3863
1.38631
1.38632
1.38633
1.38633
1.38633
1.38633
1.38633
1.38633
1.38634
1.38634
1.38634
1.38634
1.38634
1.38633
1.38634
1.38634
1.38635
1.38634
1.38634
1.38635
1.38634
1.38634
1.38635
1.38635
1.38635
1.38635
1.38634
1.38634
1.38634
1.38634
1.38635
1.38636
1.38636
1.38636
1.38636
1.38636
1.38636
1.38636
1.38637
1.38636
1.38636
1.38635
1.38635
1.38635
1.38634
1.38634
1.38634
1.38633
1.38634
1.38633
1.38634
1.38634
1.38634
1.38634
1.38637
1.38637
1.38637
1.38636
1.38636
1.38636
1.38635
1.38635
1.38635
1.38635
1.38634
1.38633
1.38633
1.38633
1.38633
1.38633
1.38632
1.38632
1.38632
1.38632
1.38632
1.38632
1.38631
1.3863
1.3863
1.3863
1.38629
1.3863
1.38631
1.38629
1.38629
1.38628
1.38628
1.38628
1.38628
1.38628
1.38628
1.38628
1.38628
1.38627
1.38628
1.38628
1.38628
1.38629
1.38629
1.38629
1.38629
1.3863
1.38629
1.38629
1.3863
1.3863
1.3863
1.3863
1.3863
1.38629
1.3863
1.3863
1.3863
1.3863
1.3863
1.3863
1.38629
1.38629
1.38629
1.38628
1.38629
1.3863
1.38631
1.3863
1.38631
1.38631
1.38632
1.38632
1.38633
1.38633
1.38632
1.38633
1.38632
1.38632
1.38632
1.38631
1.38631
1.38632
1.38633
1.38633
1.38634
1.38635
1.38634
1.38634
1.38635
1.38635
1.38635
1.38635
1.38635
1.38634
1.38634
1.38634
1.38634
1.38635
1.41158
1.41158
1.41158
1.41158
1.41158
1.41159
1.41159
1.41158
1.41158
1.41158
1.41158
1.41158
1.41157
1.41158
1.41158
1.41158
1.41158
1.41158
1.41158
1.41158
1.41159
1.41159
1.41159
1.41157
1.41157
1.41156
1.41156
1.41157
1.41158
1.41157
1.41157
1.41157
1.41157
1.41158
1.41157
1.41157
1.41157
1.41157
1.41157
1.41158
1.41158
1.41157
1.41158
1.41159
1.41158
1.41158
1.41158
1.41159
1.41158
1.4116
1.4116
1.4116
1.41161
1.41161
1.41161
1.4116
1.41161
1.41162
1.41161
1.41161
1.41161
1.41161
1.41162
1.41161
1.41161
1.41161
1.41162
1.41162
1.41162
1.41162
1.41162
1.41162
1.41162
1.41163
1.41163
1.41161
1.41161
1.41161
1.41161
1.41161
1.41161
1.41161
1.4116
1.4116
1.4116
1.41161
1.41161
1.41161
1.41162
1.41161
1.41161
1.41161
1.41161
1.41161
1.41161
1.41161
1.41161
1.4116
1.4116
1.4116
1.41159
1.4116
1.4116
1.41159
1.41159
1.41159
1.41158
1.41158
1.41157
1.41157
1.41156
1.41156
1.41156
1.41156
1.41156
1.41156
1.41155
1.41156
1.41155
1.41154
1.41155
1.41155
1.41155
1.41155
1.41156
1.41156
1.41155
1.41156
1.41156
1.41155
1.41155
1.41155
1.41155
1.41155
1.41155
1.41155
1.41154
1.41154
1.41154
1.41155
1.41155
1.41155
1.41156
1.41156
1.41156
1.41155
1.41155
1.41155
1.41156
1.41156
1.41156
1.41155
1.41156
1.41156
1.41156
1.41157
1.41157
1.41158
1.41158
1.41157
1.41157
1.41158
1.41158
1.41158
1.41158
1.41158
1.41159
1.41158
1.41158
1.41159
1.41159
1.41159
1.41159
1.41159
1.41159
1.41159
1.41159
1.41159
1.4116
1.4116
1.4116
1.4116
1.41159
1.41159
1.41159
1.41159
1.41159
1.41158
1.41158
1.41158
1.41158
1.41159
1.41158
1.41157
1.41156
1.41156
1.41158
1.41157
1.41158
1.41158
1.41157
1.41155
1.41155
1.41155
1.41155
1.41155
1.41154
1.41155
1.41155
1.41156
1.41156
1.41156
1.41157
1.41156
1.41156
1.41155
1.41155
1.41156
1.41156
1.41156
1.41157
1.41157
1.41157
1.41156
1.41156
1.41156
1.41156
1.41156
1.41155
1.41154
1.41154
1.41155
1.41156
1.41155
1.41155
1.41155
1.41155
1.41155
1.41155
1.41156
1.41156
1.41157
1.41157
1.41156
1.41157
1.41157
1.41157
1.41157
1.41157
1.41157
1.41156
1.41156
1.41157
1.41157
1.41156
1.41156
1.41156
1.41156
1.41156
1.41156
1.41157
1.41157
1.41157
1.41157
1.41159
1.4116
1.4116
1.41159
1.4116
1.41158
1.41159
1.41159
1.41159
1.41158
1.41158
1.41158
1.41159
1.41159
1.41158
1.41158
1.41157
1.41157
1.41156
1.41156
1.41156
1.41156
1.41156
1.41155
1.41155
1.41155
1.41155
1.41154
1.41154
1.41155
1.41155
1.41155
1.41154
1.41154
1.41154
1.41154
1.41154
1.41155
1.41154
1.41154
1.41153
1.41152
1.41152
1.41152
1.41152
1.41152
1.41151
1.41151
1.41151
1.41151
1.41152
1.41152
1.41152
1.41152
1.41152
1.41153
1.41152
1.41152
1.41153
1.41152
1.41151
1.41151
1.41151
1.41151
1.41152
1.41151
1.41151
1.41151
1.41151
1.4115
1.41149
1.4115
1.41151
1.41151
1.41152
1.41152
1.41152
1.41152
1.41152
1.41152
1.41151
1.41151
1.41151
1.4115
1.4115
1.4115
1.4115
1.4115
1.4115
1.41151
1.41151
1.4115
1.41151
1.41151
1.4115
1.41151
1.41151
1.41151
1.4115
1.41151
1.41151
1.41151
1.41151
1.4115
1.4115
1.4115
1.4115
1.41151
1.41151
1.41151
1.4115
1.41151
1.41151
1.41151
1.41151
1.41152
1.41152
1.41152
1.41152
1.41152
1.41152
1.41151
1.41151
1.41152
1.41152
1.41152
1.41152
1.41153
1.41152
1.41151
1.41152
1.41152
1.41152
1.41152
1.41152
1.41152
1.41152
1.41152
1.41152
1.41152
1.41153
1.41153
1.41153
1.41154
1.41154
1.41154
1.41153
1.41152
1.41152
1.41151
1.41152
1.41152
1.41152
1.41152
1.41151
1.41152
1.41152
1.41151
1.41151
1.41151
1.4115
1.41152
1.41152
1.41152
1.41153
1.41153
1.41154
1.41153
1.41153
1.41152
1.41152
1.41152
1.41152
1.41152
1.41151
1.41151
1.4115
1.4115
1.4115
1.41151
1.41151
1.4115
1.41151
1.41151
1.41152
1.41152
1.41151
1.41151
1.4115
1.4115
1.4115
1.4115
1.41149
1.4115
1.4115
1.41149
1.41149
1.41149
1.4115
1.4115
1.4115
1.4115
1.41151
1.41151
1.41151
1.41152
1.41152
1.41151
1.41152
1.41153
1.41153
1.41152
1.41153
1.41152
1.41152
1.41152
1.41152
1.41151
1.4115
1.4115
1.4115
1.4115
1.4115
1.41151
1.4115
1.41151
1.41151
1.41152
1.41153
1.41153
1.41154
1.41154
1.41153
1.41154
1.41155
1.41155
1.41155
1.41156
1.41156
1.41155
1.41155
1.41156
1.41156
1.41156
1.41156
1.41156
1.41155
1.41155
1.41154
1.41155
1.41153
1.41154
1.41155
1.41155
1.41156
1.41156
1.41156
1.41157
1.41157
1.41157
1.41156
1.41157
1.41158
1.41157
1.41157
1.41156
1.41157
1.41158
1.41158
1.41158
1.41159
1.41158
1.41159
1.4116
1.4116
1.4116
1.4116
1.4116
1.4116
1.41159
1.4116
1.4116
1.4116
1.41159
1.41158
1.41158
1.41158
1.41157
1.41157
1.41156
1.41156
1.41156
1.41156
1.41156
1.41156
1.41156
1.41156
1.41156
1.41155
1.41154
1.41153
1.41153
1.41153
1.41153
1.41153
1.41153
1.41152
1.41152
1.41152
1.41154
1.41153
1.41154
1.41153
1.41154
1.41153
1.41153
1.41153
1.41153
1.41152
1.41153
1.41153
1.41152
1.41153
1.41153
1.41152
1.41152
1.41152
1.41152
1.41152
1.41152
1.41153
1.41153
1.41153
1.41154
1.41155
1.41155
1.41155
1.41154
1.41154
1.41154
1.41154
1.41155
1.41156
1.41156
1.41156
1.41155
1.41155
1.41155
1.41155
1.41154
1.41155
1.41155
1.41155
1.41155
1.41155
1.41156
1.41156
1.41156
1.41157
1.41157
1.41157
1.41157
1.41157
1.41157
1.41157
1.41157
1.41158
1.41159
1.41159
1.41159
1.4116
1.41159
1.41159
1.4116
1.4116
1.41161
1.41161
1.41161
1.41161
1.4116
1.41159
1.41159
1.4116
1.4116
1.4116
1.4116
1.41161
1.41161
1.4116
1.4116
1.4116
1.4116
1.41159
1.4116
1.41159
1.41158
1.41159
1.4116
1.4116
1.4116
1.4116
1.4116
1.4116
1.4116
1.4116
1.4116
1.4116
1.41161
1.41161
1.41161
1.4116
1.4116
1.4116
1.41159
1.41158
1.41158
1.41157
1.41157
1.41158
1.41157
1.41157
1.41158
1.41158
1.41157
1.41157
1.41157
1.41156
1.41157
1.41157
1.41157
1.41157
1.41157
1.41157
1.41157
1.41156
1.41156
1.41156
1.41158
1.41157
1.41157
1.41156
1.41156
1.41156
1.41156
1.41155
1.41156
1.41157
1.41156
1.41156
1.41156
1.41156
1.41156
1.41157
1.41157
1.41157
1.41157
1.41157
1.41156
1.41156
1.41155
1.41155
1.41157
1.41157
1.41157
1.41157
1.41156
1.41157
1.41157
1.41158
1.41158
1.41158
1.41157
1.41157
1.41156
1.41155
1.41155
1.41155
1.41155
1.41154
1.41155
1.41156
1.41156
1.41157
1.41157
1.41158
1.41158
1.41158
1.41158
1.41158
1.41158
1.41158
1.41158
1.41158
1.41158
1.41158
1.41158
1.41157
1.41157
1.41157
1.41156
1.41158
1.41157
1.41157
1.41156
1.41157
1.41158
1.41159
1.41158
1.41158
1.41158
1.41158
1.41158
1.41158
1.41158
1.41159
1.41159
1.41159
1.41159
1.4116
1.4116
1.41161
1.41161
1.41161
1.4116
1.4116
1.4116
1.4116
1.4116
1.4116
1.4116
1.41158
1.41158
1.41157
1.41158
1.41158
1.41157
1.41156
1.41155
1.41156
1.41155
1.41156
1.41156
1.41155
1.41156
1.41156
1.41156
1.41155
1.41155
1.41155
1.41154
1.41155
1.41157
1.41157
1.41157
1.41156
1.41157
1.41157
1.41158
1.41158
1.41158
1.41158
1.41158
1.41158
1.41159
1.41159
1.41159
1.41159
1.41159
1.41159
1.41158
1.41158
1.41158
1.41157
1.41158
1.41157
1.41156
1.41156
1.41156
1.41156
1.41155
1.41155
1.41156
1.41156
1.41156
1.41157
1.41157
1.41159
1.41158
1.41157
1.41158
1.41158
1.41158
1.41159
1.41158
1.41158
1.41158
1.41157
1.41157
1.41159
1.41158
1.41159
1.4116
1.4116
1.4116
1.41159
1.4116
1.4116
1.41159
1.4116
1.4116
1.41161
1.4116
1.4116
1.41159
1.41159
1.41159
1.41159
1.41159
1.4116
1.41161
1.41161
1.41161
1.41161
1.41161
1.41161
1.4116
1.4116
1.41159
1.41159
1.4116
1.4116
1.4116
1.4116
1.4116
1.41159
1.4116
1.41159
1.41159
1.41159
1.41159
1.41159
1.41159
1.4116
1.4116
1.4116
1.41159
1.41159
1.41158
1.41159
1.4116
1.41159
1.41159
1.41159
1.41159
1.4116
1.41159
1.41161
1.41161
1.41161
1.41161
1.41162
1.41162
1.41161
1.41161
1.41162
1.41162
1.41162
1.41162
1.41163
1.41163
1.41163
1.41163
1.41163
1.41162
1.41163
1.41162
1.41162
1.41161
1.41161
1.41162
1.41162
1.41162
1.41161
1.41161
1.41162
1.41162
1.41163
1.41162
1.41162
1.41162
1.41162
1.41163
1.41163
1.41164
1.41164
1.41164
1.41164
1.41165
1.41165
1.41165
1.41165
1.41165
1.41165
1.41165
1.41166
1.41165
1.41165
1.41164
1.41163
1.41163
1.41163
1.41163
1.41163
1.41163
1.41163
1.41163
1.41163
1.41164
1.41166
1.41165
1.41167
1.41166
1.41166
1.41166
1.41167
1.41166
1.41165
1.41166
1.41166
1.41166
1.41165
1.41165
1.41164
1.41164
1.41163
1.41164
1.40723
1.40723
1.40722
1.40723
1.40723
1.40723
1.40723
1.40724
1.40724
1.40723
1.40724
1.40722
1.40722
1.40723
1.40724
1.40725
1.40725
1.40725
1.40726
1.40726
1.40726
1.40725
1.40724
1.40725
1.40724
1.40724
1.40724
1.40725
1.40725
1.40725
1.40724
1.40724
1.40724
1.40724
1.40725
1.40725
1.40725
1.40724
1.40723
1.40724
1.40723
1.40722
1.40723
1.40723
1.40723
1.40723
1.40723
1.40722
1.40722
1.40722
1.40722
1.40722
1.40721
1.40721
1.4072
1.4072
1.40719
1.40719
1.4072
1.40719
1.40719
1.40719
1.40719
1.40719
1.40719
1.40718
1.40718
1.40717
1.40717
1.40716
1.40717
1.40717
1.40717
1.40717
1.40718
1.40719
1.40719
1.40719
1.40718
1.40718
1.40717
1.40717
1.40717
1.40717
1.40716
1.40716
1.40716
1.40716
1.40717
1.40717
1.40717
1.40717
1.40717
1.40717
1.40717
1.40717
1.40716
1.40716
1.40716
1.40716
1.40716
1.40717
1.40715
1.40715
1.40714
1.40714
1.40715
1.40715
1.40715
1.40714
1.40714
1.40713
1.40713
1.40713
1.40714
1.40713
1.40713
1.40713
1.40714
1.40714
1.40715
1.40714
1.40714
1.40713
1.40713
1.40713
1.40712
1.40713
1.40713
1.40713
1.40714
1.40714
1.40714
1.40714
1.40714
1.40713
1.40713
1.40713
1.40713
1.40712
1.40711
1.40712
1.40713
1.40713
1.40712
1.40712
1.40713
1.40714
1.40713
1.40714
1.40713
1.40713
1.40713
1.40714
1.40713
1.40713
1.40713
1.40713
1.40714
1.40713
1.40713
1.40713
1.40714
1.40714
1.40715
1.40715
1.40715
1.40715
1.40716
1.40715
1.40714
1.40714
1.40714
1.40714
1.40713
1.40713
1.40714
1.40714
1.40714
1.40713
1.40713
1.40714
1.40713
1.40713
1.40712
1.40713
1.40713
1.40714
1.40714
1.40714
1.40714
1.40715
1.40715
1.40715
1.40715
1.40715
1.40714
1.40713
1.40714
1.40713
1.40713
1.40713
1.40713
1.40713
1.40714
1.40714
1.40714
1.40713
1.40714
1.40713
1.40713
1.40712
1.40713
1.40711
1.40711
1.40711
1.40711
1.40712
1.40711
1.40711
1.40711
1.40711
1.40711
1.4071
1.4071
1.4071
1.4071
1.4071
1.4071
1.40711
1.40711
1.40711
1.40712
1.40712
1.40712
1.40712
1.40711
1.40711
1.40711
1.40711
1.4071
1.40712
1.40712
1.40712
1.40711
1.4071
1.40711
1.40711
1.40712
1.40711
1.40712
1.40712
1.40712
1.40712
1.40712
1.40712
1.40713
1.40714
1.40714
1.40714
1.40714
1.40714
1.40714
1.40714
1.40713
1.40713
1.40713
1.40713
1.40712
1.40712
1.40712
1.40712
1.40712
1.40712
1.40713
1.40713
1.40714
1.40714
1.40714
1.40715
1.40715
1.40715
1.40715
1.40715
1.40714
1.40714
1.40715
1.40714
1.40715
1.40714
1.40714
1.40714
1.40714
1.40714
1.40714
1.40714
1.40713
1.40715
1.40714
1.40714
1.40714
1.40715
1.40715
1.40714
1.40714
1.40714
1.40714
1.40715
1.40715
1.40715
1.40715
1.40715
1.40714
1.40714
1.40715
1.40715
1.40714
1.40714
1.40713
1.40714
1.40713
1.40713
1.40714
1.40714
1.40713
1.40713
1.40713
1.40714
1.40714
1.40714
1.40715
1.40715
1.40715
1.40715
1.40713
1.40713
1.40713
1.40713
1.40713
1.40713
1.40713
1.40713
1.40713
1.40713
1.40713
1.40713
1.40713
1.40713
1.40712
1.40712
1.40712
1.40712
1.40712
1.40713
1.40713
1.40713
1.40713
1.40713
1.40713
1.40712
1.40712
1.40713
1.40713
1.40714
1.40714
1.40714
1.40714
1.40714
1.40714
1.40714
1.40714
1.40714
1.40714
1.40713
1.40713
1.40713
1.40713
1.40713
1.40712
1.40713
1.40713
1.40712
1.40712
1.40713
1.40713
1.40713
1.40714
1.40714
1.40715
1.40715
1.40716
1.40716
1.40716
1.40716
1.40716
1.40716
1.40716
1.40716
1.40716
1.40716
1.40716
1.40716
1.40716
1.40717
1.40717
1.40717
1.40717
1.40717
1.40717
1.40716
1.40716
1.40716
1.40715
1.40715
1.40715
1.40714
1.40713
1.40714
1.40713
1.40712
1.40711
1.40711
1.4071
1.4071
1.4071
1.4071
1.4071
1.4071
1.40711
1.4071
1.40711
1.40711
1.4071
1.40711
1.40711
1.40711
1.40711
1.40712
1.40713
1.40713
1.40713
1.40714
1.40714
1.40714
1.40713
1.40713
1.40712
1.40712
1.40712
1.40712
1.40712
1.40712
1.40712
1.40712
1.40711
1.40711
1.40711
1.40711
1.40711
1.40711
1.40712
1.40712
1.40713
1.40713
1.40713
1.40713
1.40713
1.40712
1.40712
1.40712
1.40712
1.40712
1.40711
1.40713
1.40714
1.40713
1.40713
1.40712
1.40712
1.40711
1.40711
1.40711
1.4071
1.40711
1.40711
1.40711
1.4071
1.4071
1.40711
1.4071
1.4071
1.4071
1.4071
1.4071
1.40711
1.40711
1.40711
1.40712
1.40713
1.40714
1.40714
1.40714
1.40714
1.40713
1.40713
1.40713
1.40712
1.40712
1.40712
1.40712
1.40712
1.40712
1.40712
1.40712
1.40712
1.40712
1.40713
1.40713
1.40713
1.40713
1.40713
1.40715
1.40715
1.40715
1.40716
1.40717
1.40717
1.40718
1.40718
1.40718
1.40717
1.40717
1.40717
1.40717
1.40717
1.40717
1.40717
1.40717
1.40715
1.40715
1.40714
1.40714
1.40714
1.40715
1.40715
1.40714
1.40714
1.40714
1.40714
1.40715
1.40714
1.40713
1.40713
1.40713
1.40713
1.40713
1.40713
1.40712
1.40713
1.40713
1.40713
1.40713
1.40713
1.40713
1.40714
1.40714
1.40714
1.40715
1.40715
1.40716
1.40716
1.40715
1.40715
1.40715
1.40714
1.40714
1.40714
1.40714
1.40714
1.40715
1.40715
1.40716
1.40715
1.40715
1.40716
1.40716
1.40716
1.40716
1.40716
1.40716
1.40717
1.40716
1.40717
1.40717
1.40717
1.40717
1.40717
1.40716
1.40716
1.40717
1.40717
1.40718
1.40718
1.40717
1.40717
1.40718
1.40717
1.40718
1.40718
1.40717
1.40717
1.40716
1.40717
1.40717
1.40717
1.40717
1.40717
1.40718
1.40717
1.40717
1.40717
1.40717
1.40717
1.40716
1.40717
1.40718
1.40717
1.40717
1.40718
1.40717
1.40717
1.40718
1.40718
1.40717
1.40717
1.40717
1.40716
1.40716
1.40717
1.40716
1.40716
1.40715
1.40716
1.40716
1.40716
1.40716
1.40716
1.40716
1.40716
1.40715
1.40715
1.40714
1.40715
1.40714
1.40714
1.40714
1.40714
1.40712
1.40712
1.40712
1.40712
1.40711
1.40712
1.40712
1.40712
1.40712
1.40713
1.40712
1.40712
1.40711
1.4071
1.40709
1.4071
1.40709
1.40709
1.40709
1.40709
1.40709
1.40709
1.40709
1.40709
1.4071
1.4071
1.4071
1.40709
1.40709
1.4071
1.4071
1.40711
1.40711
1.40711
1.40712
1.40712
1.40712
1.40711
1.40711
1.4071
1.4071
1.4071
1.40711
1.40711
1.40711
1.40711
1.40712
1.40711
1.40712
1.40712
1.40712
1.40711
1.4071
1.40711
1.4071
1.4071
1.4071
1.4071
1.4071
1.40709
1.40709
1.40709
1.40709
1.40709
1.40709
1.40709
1.40709
1.40708
1.40708
1.40707
1.40708
1.40709
1.40709
1.40708
1.40708
1.40707
1.40707
1.40708
1.40709
1.40708
1.40708
1.40708
1.40708
1.40708
1.40708
1.40709
1.40709
1.4071
1.4071
1.4071
1.4071
1.4071
1.4071
1.4071
1.4071
1.4071
1.4071
1.40711
1.40711
1.40712
1.40711
1.40711
1.4071
1.4071
1.40709
1.40709
1.40708
1.40708
1.40708
1.40708
1.40707
1.40708
1.40708
1.40708
1.40708
1.40708
1.40708
1.40707
1.40708
1.40707
1.40706
1.40706
1.40705
1.40706
1.40706
1.40706
1.40706
1.40706
1.40706
1.40707
1.40707
1.40706
1.40706
1.40707
1.40707
1.40707
1.40707
1.40707
1.40706
1.40707
1.40708
1.40709
1.40708
1.40708
1.40707
1.40706
1.40707
1.40707
1.40707
1.40707
1.40707
1.40706
1.40706
1.40706
1.40706
1.40705
1.40705
1.40706
1.40705
1.40704
1.40704
1.40704
1.40704
1.40704
1.40703
1.40703
1.40702
1.40702
1.40702
1.40701
1.40701
1.407
1.407
1.40701
1.40701
1.407
1.407
1.407
1.40699
1.40699
1.407
1.407
1.407
1.407
1.407
1.407
1.40701
1.407
1.40701
1.40702
1.40702
1.40703
1.40703
1.40702
1.40702
1.40701
1.40702
1.40703
1.40703
1.40704
1.40704
1.40704
1.40704
1.40704
1.40704
1.40704
1.40704
1.40704
1.40704
1.40705
1.40705
1.40706
1.40706
1.40706
1.40707
1.40707
1.40706
1.40707
1.40706
1.40706
1.40705
1.40705
1.40703
1.40704
1.40704
1.40704
1.40704
1.40703
1.40703
1.40704
1.40704
1.40704
1.40704
1.40703
1.40703
1.40703
1.40703
1.40704
1.40704
1.40703
1.40703
1.40703
1.40704
1.40705
1.40705
1.40705
1.40704
1.40704
1.40704
1.40704
1.40703
1.40704
1.40704
1.40704
1.40704
1.40704
1.40704
1.40704
1.40703
1.40704
1.40705
1.40705
1.40704
1.40704
1.40705
1.40705
1.40705
1.40705
1.40705
1.40705
1.40705
1.40706
1.40706
1.40706
1.40706
1.40706
1.40706
1.40706
1.40705
1.40705
1.40704
1.40705
1.40704
1.40704
1.40705
1.40706
1.40706
1.40706
1.40706
1.40705
1.40706
1.40706
1.40706
1.40706
1.40706
1.40706
1.40706
1.40706
1.40706
1.40707
1.40708
1.40707
1.40707
1.40708
1.40708
1.40708
1.40708
1.40708
1.40709
1.40709
1.40709
1.40708
1.40709
1.4071
1.4071
1.4071
1.40709
1.40709
1.4071
1.40711
1.40711
1.40712
1.40711
1.40711
1.4071
1.4071
1.40711
1.40711
1.40712
1.40712
1.4071
1.40711
1.4071
1.4071
1.4071
1.4071
1.40709
1.4071
1.4071
1.4071
1.40711
1.40709
1.4071
1.45688
1.45689
1.4569
1.4569
1.4569
1.45691
1.45691
1.4569
1.45691
1.45692
1.45691
1.45691
1.45692
1.45692
1.45692
1.45692
1.45692
1.45692
1.45692
1.45692
1.45692
1.45691
1.45692
1.45693
1.45692
1.45691
1.4569
1.4569
1.4569
1.45689
1.45689
1.45689
1.45689
1.45689
1.45688
1.45688
1.45687
1.45688
1.45687
1.45688
1.45688
1.45687
1.45687
1.45687
1.45687
1.45687
1.45687
1.45688
1.45688
1.45688
1.45687
1.45687
1.45687
1.45687
1.45687
1.45687
1.45688
1.45689
1.45689
1.45689
1.45689
1.45689
1.4569
1.4569
1.45689
1.45689
1.45688
1.45689
1.45689
1.45689
1.45688
1.45687
1.45687
1.45688
1.45687
1.45687
1.45687
1.45687
1.45687
1.45688
1.45688
1.45688
1.45688
1.45688
1.45689
1.45689
1.4569
1.4569
1.45691
1.45692
1.45691
1.45691
1.45691
1.4569
1.45692
1.45693
1.45692
1.45692
1.45691
1.45691
1.45691
1.45691
1.45691
1.45691
1.4569
1.4569
1.45691
1.45692
1.45692
1.45692
1.45692
1.45692
1.45693
1.45692
1.45692
1.45692
1.45692
1.45692
1.45692
1.45692
1.45693
1.45693
1.45693
1.45694
1.45694
1.45694
1.45695
1.45694
1.45693
1.45695
1.45693
1.45693
1.45694
1.45694
1.45694
1.45695
1.45695
1.45695
1.45694
1.45693
1.45694
1.45694
1.45695
1.45694
1.45693
1.45693
1.45694
1.45695
1.45694
1.45695
1.45696
1.45696
1.45697
1.45696
1.45697
1.45697
1.45696
1.45696
1.45696
1.45697
1.45697
1.45697
1.45698
1.45697
1.45697
1.45697
1.45697
1.45697
1.45697
1.45697
1.45697
1.45696
1.45695
1.45695
1.45696
1.45695
1.45694
1.45694
1.45694
1.45694
1.45693
1.45693
1.45693
1.45693
1.45693
1.45693
1.45693
1.45693
1.45694
1.45694
1.45694
1.45694
1.45694
1.45693
1.45694
1.45694
1.45694
1.45693
1.45693
1.45693
1.45694
1.45694
1.45694
1.45694
1.45695
1.45695
1.45695
1.45696
1.45696
1.45696
1.45696
1.45695
1.45696
1.45696
1.45697
1.45698
1.45698
1.45699
1.45699
1.457
1.457
1.45699
1.45699
1.45699
1.45699
1.45699
1.457
1.45698
1.45698
1.45699
1.457
1.457
1.457
1.45699
1.45701
1.45701
1.45701
1.45701
1.45702
1.45701
1.45701
1.457
1.45701
1.457
1.45701
1.45701
1.45701
1.45701
1.45701
1.45701
1.45702
1.45702
1.45703
1.45703
1.45703
1.45703
1.45703
1.45702
1.45702
1.45702
1.45703
1.45703
1.45703
1.45703
1.45703
1.45704
1.45704
1.45705
1.45705
1.45705
1.45705
1.45705
1.45706
1.45706
1.45706
1.45706
1.45707
1.45708
1.45707
1.45708
1.45708
1.45708
1.45708
1.45708
1.45709
1.45709
1.4571
1.4571
1.4571
1.45712
1.45712
1.45711
1.45712
1.45712
1.45713
1.45712
1.45713
1.45713
1.45714
1.45713
1.45713
1.45713
1.45714
1.45713
1.45713
1.45713
1.45712
1.45712
1.45712
1.45712
1.45712
1.45711
1.45711
1.45712
1.45713
1.45712
1.45713
1.45714
1.45713
1.45712
1.45712
1.45711
1.45712
1.45712
1.45711
1.45712
1.45712
1.45712
1.45712
1.45712
1.45713
1.45713
1.45712
1.45712
1.45713
1.45713
1.45713
1.45713
1.45714
1.45714
1.45714
1.45713
1.45712
1.45711
1.45711
1.45711
1.45711
1.45711
1.45711
1.4571
1.45711
1.4571
1.45711
1.45711
1.4571
1.4571
1.4571
1.45711
1.45709
1.4571
1.45709
1.4571
1.45709
1.4571
1.45709
1.45709
1.45708
1.45708
1.45708
1.45708
1.45708
1.45708
1.45708
1.45708
1.45707
1.45708
1.45708
1.45708
1.45708
1.45707
1.45707
1.45708
1.45708
1.45707
1.45706
1.45707
1.45707
1.45706
1.45707
1.45707
1.45707
1.45707
1.45707
1.45707
1.45708
1.45708
1.45707
1.45708
1.45708
1.45708
1.45709
1.45709
1.45709
1.45709
1.45709
1.45709
1.45708
1.45708
1.45708
1.45707
1.45708
1.45707
1.45707
1.45707
1.45707
1.45707
1.45707
1.45706
1.45707
1.45708
1.45708
1.45709
1.45709
1.45708
1.45709
1.45709
1.45709
1.4571
1.45709
1.45709
1.45709
1.45708
1.45709
1.45709
1.45709
1.45709
1.45708
1.45709
1.45709
1.45709
1.45709
1.45708
1.45708
1.45708
1.45708
1.45707
1.45707
1.45707
1.45707
1.45708
1.45708
1.45707
1.45708
1.45708
1.45708
1.45708
1.45708
1.45708
1.45708
1.45708
1.45708
1.45708
1.45708
1.45708
1.45708
1.45708
1.45708
1.45709
1.45709
1.45709
1.45709
1.4571
1.45709
1.45709
1.45709
1.45709
1.45709
1.45709
1.45708
1.45707
1.45707
1.45706
1.45706
1.45706
1.45706
1.45705
1.45706
1.45705
1.45705
1.45705
1.45705
1.45705
1.45705
1.45705
1.45705
1.45705
1.45705
1.45705
1.45705
1.45704
1.45704
1.45705
1.45704
1.45703
1.45703
1.45702
1.45702
1.45702
1.45702
1.45702
1.45702
1.45702
1.45702
1.45702
1.45702
1.45702
1.45703
1.45703
1.45703
1.45703
1.45703
1.45703
1.45702
1.45702
1.45703
1.45702
1.45703
1.45702
1.45702
1.45702
1.45701
1.45702
1.45701
1.45701
1.45701
1.457
1.45701
1.45702
1.45701
1.45701
1.45701
1.45702
1.45701
1.45702
1.45704
1.45703
1.45703
1.45703
1.45703
1.45703
1.45703
1.45702
1.45703
1.45702
1.45703
1.45703
1.45703
1.45703
1.45703
1.45703
1.45702
1.45703
1.45704
1.45703
1.45703
1.45703
1.45701
1.45702
1.45702
1.45703
1.45702
1.45703
1.45703
1.45703
1.45703
1.45703
1.45703
1.45703
1.45703
1.45703
1.45704
1.45704
1.45704
1.45704
1.45704
1.45704
1.45704
1.45704
1.45705
1.45705
1.45704
1.45704
1.45705
1.45705
1.45704
1.45705
1.45705
1.45705
1.45705
1.45705
1.45706
1.45706
1.45705
1.45705
1.45704
1.45705
1.45705
1.45704
1.45704
1.45704
1.45704
1.45704
1.45702
1.45703
1.45703
1.45703
1.45703
1.45702
1.45703
1.45704
1.45704
1.45703
1.45703
1.45702
1.45703
1.45702
1.45703
1.45703
1.45703
1.45703
1.45703
1.45704
1.45703
1.45702
1.45703
1.45702
1.45703
1.45702
1.45703
1.45702
1.45702
1.45702
1.45701
1.45702
1.45702
1.45703
1.45703
1.45702
1.45701
1.45702
1.45703
1.45702
1.45703
1.45704
1.45704
1.45704
1.45704
1.45704
1.45704
1.45704
1.45704
1.45705
1.45705
1.45705
1.45705
1.45705
1.45705
1.45704
1.45704
1.45704
1.45705
1.45705
1.45705
1.45705
1.45704
1.45705
1.45704
1.45705
1.45705
1.45705
1.45705
1.45705
1.45705
1.45705
1.45705
1.45704
1.45704
1.45703
1.45704
1.45704
1.45704
1.45703
1.45704
1.45703
1.45702
1.45701
1.45701
1.45701
1.45701
1.45701
1.457
1.45699
1.45698
1.45698
1.45697
1.45696
1.45696
1.45697
1.45697
1.45696
1.45696
1.45697
1.45696
1.45697
1.45697
1.45698
1.45698
1.45698
1.45698
1.45698
1.45698
1.45699
1.45699
1.45698
1.45698
1.45697
1.45698
1.45699
1.45697
1.45698
1.45697
1.45697
1.45697
1.45697
1.45698
1.45697
1.45698
1.45698
1.45699
1.45699
1.45699
1.457
1.457
1.457
1.457
1.457
1.457
1.45701
1.45701
1.45701
1.45701
1.457
1.457
1.457
1.45701
1.45701
1.45701
1.45702
1.45702
1.45701
1.45701
1.45701
1.457
1.457
1.45699
1.457
1.45701
1.45701
1.45701
1.45701
1.45701
1.45701
1.457
1.45701
1.457
1.457
1.457
1.45699
1.45699
1.45698
1.45699
1.45699
1.45699
1.45699
1.45699
1.45699
1.45698
1.45699
1.45699
1.457
1.457
1.457
1.45701
1.457
1.45701
1.45701
1.45701
1.45701
1.45701
1.457
1.457
1.45701
1.45701
1.457
1.45699
1.457
1.45699
1.45699
1.45699
1.45699
1.45699
1.45699
1.457
1.457
1.457
1.457
1.457
1.457
1.457
1.45699
1.457
1.45699
1.45699
1.45698
1.45698
1.45698
1.45698
1.45698
1.45698
1.45698
1.45698
1.45698
1.45698
1.45699
1.45699
1.45699
1.45699
1.45699
1.45699
1.45698
1.45697
1.45697
1.45697
1.45697
1.45695
1.45696
1.45696
1.45695
1.45695
1.45694
1.45694
1.45695
1.45695
1.45696
1.45695
1.45693
1.45693
1.45693
1.45693
1.45692
1.45692
1.45692
1.45691
1.4569
1.45689
1.45688
1.45688
1.45688
1.45688
1.45688
1.45688
1.45687
1.45688
1.45687
1.45686
1.45686
1.45685
1.45686
1.45685
1.45685
1.45685
1.45685
1.45684
1.45684
1.45684
1.45684
1.45685
1.45685
1.45686
1.45686
1.45685
1.45685
1.45685
1.45685
1.45685
1.45686
1.45685
1.45685
1.45685
1.45685
1.45685
1.45685
1.45685
1.45684
1.45684
1.45684
1.45684
1.45683
1.45683
1.45682
1.45682
1.45681
1.45681
1.45682
1.45682
1.45682
1.45682
1.45682
1.45682
1.45682
1.45682
1.45682
1.45681
1.45681
1.45681
1.45681
1.4568
1.4568
1.4568
1.4568
1.45681
1.45681
1.4568
1.4568
1.4568
1.4568
1.45681
1.45681
1.4568
1.45679
1.4568
1.4568
1.45679
1.45679
1.45679
1.45679
1.4568
1.45679
1.4568
1.4568
1.45679
1.45679
1.4568
1.45681
1.4568
1.45681
1.45681
1.45681
1.4568
1.4568
1.4568
1.45681
1.45681
1.45681
1.45681
1.45682
1.45682
1.45682
1.45682
1.45683
1.45683
1.45682
1.45682
1.45682
1.45682
1.45682
1.45683
1.45683
1.45684
1.45683
1.45683
1.45683
1.45683
1.45683
1.45683
1.45683
1.45682
1.45682
1.45683
1.45683
1.45683
1.45682
1.45682
1.45682
1.45682
1.45682
1.45683
1.45682
1.45682
1.45681
1.39563
1.39562
1.39563
1.39564
1.39564
1.39564
1.39564
1.39564
1.39563
1.39563
1.39564
1.39565
1.39565
1.39564
1.39563
1.39564
1.39563
1.39563
1.39564
1.39564
1.39563
1.39563
1.39562
1.39561
1.39561
1.39561
1.39561
1.39561
1.39561
1.39561
1.39561
1.3956
1.39561
1.39561
1.3956
1.39561
1.39561
1.3956
1.3956
1.3956
1.39561
1.39561
1.39561
1.39562
1.39562
1.39562
1.39562
1.39562
1.39562
1.39561
1.39562
1.39562
1.39562
1.39562
1.39562
1.39562
1.39562
1.39562
1.39562
1.39562
1.39562
1.39561
1.39561
1.3956
1.3956
1.39561
1.3956
1.3956
1.39559
1.39559
1.39559
1.3956
1.3956
1.39559
1.39559
1.39559
1.39559
1.39559
1.39559
1.3956
1.3956
1.3956
1.3956
1.3956
1.39561
1.39561
1.3956
1.3956
1.3956
1.3956
1.39559
1.39559
1.39559
1.39561
1.3956
1.3956
1.3956
1.3956
1.39561
1.3956
1.39561
1.39561
1.39561
1.3956
1.3956
1.39561
1.39561
1.39561
1.39562
1.39562
1.39563
1.39562
1.39562
1.39562
1.39562
1.39562
1.39562
1.39563
1.39562
1.39563
1.39563
1.39563
1.39563
1.39564
1.39564
1.39564
1.39565
1.39564
1.39564
1.39564
1.39564
1.39563
1.39563
1.39563
1.39562
1.39562
1.39562
1.39562
1.39562
1.39562
1.39562
1.39561
1.39561
1.39561
1.39561
1.39561
1.3956
1.3956
1.39561
1.3956
1.3956
1.3956
1.39561
1.39561
1.39562
1.39562
1.39562
1.39562
1.39562
1.39562
1.39561
1.39561
1.39562
1.39563
1.39564
1.39564
1.39564
1.39564
1.39564
1.39564
1.39565
1.39566
1.39566
1.39566
1.39566
1.39565
1.39565
1.39565
1.39565
1.39565
1.39566
1.39566
1.39566
1.39566
1.39565
1.39564
1.39565
1.39565
1.39565
1.39565
1.39565
1.39566
1.39565
1.39564
1.39563
1.39563
1.39564
1.39563
1.39564
1.39563
1.39564
1.39564
1.39564
1.39564
1.39564
1.39565
1.39565
1.39565
1.39564
1.39564
1.39565
1.39564
1.39565
1.39564
1.39563
1.39563
1.39563
1.39563
1.39565
1.39564
1.39564
1.39564
1.39564
1.39562
1.39562
1.39562
1.39562
1.39562
1.39562
1.39562
1.39563
1.39563
1.39564
1.39564
1.39564
1.39564
1.39564
1.39564
1.39564
1.39564
1.39564
1.39564
1.39564
1.39564
1.39564
1.39564
1.39565
1.39565
1.39566
1.39566
1.39565
1.39565
1.39566
1.39566
1.39565
1.39565
1.39563
1.39564
1.39564
1.39564
1.39564
1.39564
1.39563
1.39563
1.39563
1.39563
1.39562
1.39562
1.39562
1.39563
1.39563
1.39563
1.39563
1.39564
1.39564
1.39564
1.39564
1.39564
1.39564
1.39564
1.39564
1.39564
1.39564
1.39564
1.39563
1.39563
1.39563
1.39563
1.39563
1.39563
1.39564
1.39564
1.39564
1.39564
1.39564
1.39564
1.39564
1.39564
1.39564
1.39565
1.39565
1.39564
1.39564
1.39565
1.39564
1.39564
1.39565
1.39565
1.39565
1.39564
1.39564
1.39564
1.39564
1.39564
1.39564
1.39563
1.39563
1.39564
1.39564
1.39563
1.39563
1.39563
1.39563
1.39564
1.39564
1.39564
1.39564
1.39564
1.39565
1.39565
1.39565
1.39564
1.39564
1.39564
1.39564
1.39564
1.39564
1.39565
1.39565
1.39565
1.39566
1.39566
1.39566
1.39566
1.39567
1.39566
1.39566
1.39565
1.39564
1.39564
1.39564
1.39566
1.39566
1.39567
1.39567
1.39568
1.39568
1.39568
1.39567
1.39568
1.39568
1.39569
1.39569
1.39569
1.39568
1.39568
1.39568
1.39569
1.39569
1.3957
1.3957
1.3957
1.39571
1.39571
1.39571
1.39572
1.39571
1.39571
1.3957
1.39571
1.39571
1.39571
1.39571
1.39571
1.3957
1.39571
1.39572
1.39572
1.39572
1.39572
1.39573
1.39573
1.39573
1.39573
1.39573
1.39573
1.39572
1.39573
1.39573
1.39572
1.39572
1.3957
1.39572
1.39572
1.39572
1.39573
1.39574
1.39573
1.39574
1.39574
1.39574
1.39574
1.39574
1.39574
1.39574
1.39575
1.39574
1.39573
1.39572
1.39573
1.39573
1.39574
1.39574
1.39574
1.39574
1.39574
1.39574
1.39574
1.39574
1.39574
1.39574
1.39574
1.39574
1.39574
1.39575
1.39574
1.39575
1.39575
1.39574
1.39574
1.39574
1.39575
1.39575
1.39575
1.39575
1.39577
1.39576
1.39576
1.39576
1.39577
1.39578
1.39577
1.39577
1.39577
1.39577
1.39576
1.39576
1.39575
1.39575
1.39575
1.39576
1.39575
1.39574
1.39574
1.39574
1.39573
1.39572
1.39573
1.39572
1.39573
1.39573
1.39572
1.39571
1.39571
1.39571
1.3957
1.39571
1.39571
1.39572
1.39573
1.39573
1.39573
1.39573
1.39573
1.39573
1.39572
1.39573
1.39573
1.39573
1.39573
1.39574
1.39575
1.39575
1.39575
1.39575
1.39575
1.39575
1.39574
1.39574
1.39574
1.39574
1.39574
1.39574
1.39575
1.39575
1.39576
1.39575
1.39576
1.39576
1.39578
1.39578
1.39577
1.39576
1.39576
1.39578
1.39578
1.39578
1.39579
1.3958
1.39579
1.39579
1.39579
1.39579
1.39579
1.39579
1.3958
1.3958
1.39579
1.3958
1.39579
1.39579
1.39579
1.39579
1.39579
1.39579
1.3958
1.39581
1.39581
1.39582
1.39582
1.39582
1.39582
1.39582
1.39582
1.39583
1.39582
1.39582
1.39582
1.39582
1.39581
1.39582
1.39582
1.39582
1.39581
1.39581
1.39581
1.39582
1.39582
1.39582
1.39582
1.39582
1.39581
1.39581
1.39581
1.39581
1.39581
1.39582
1.39583
1.39582
1.39583
1.39583
1.39583
1.39582
1.39582
1.39583
1.39582
1.39582
1.39581
1.39581
1.3958
1.3958
1.39581
1.39581
1.39581
1.3958
1.39579
1.39579
1.39579
1.39578
1.39579
1.39579
1.39578
1.39578
1.39578
1.39578
1.39578
1.39577
1.39578
1.39577
1.39578
1.39578
1.39578
1.39578
1.39579
1.39579
1.3958
1.3958
1.3958
1.3958
1.3958
1.3958
1.3958
1.39581
1.39582
1.39583
1.39583
1.39583
1.39583
1.39583
1.39582
1.39582
1.39581
1.39582
1.39581
1.39581
1.39582
1.39581
1.39581
1.39582
1.39582
1.39582
1.39583
1.39582
1.39582
1.39582
1.39582
1.39583
1.39583
1.39583
1.39583
1.39583
1.39583
1.39584
1.39584
1.39583
1.39583
1.39583
1.39583
1.39583
1.39583
1.39583
1.39583
1.39584
1.39584
1.39584
1.39584
1.39584
1.39585
1.39584
1.39585
1.39586
1.39586
1.39585
1.39586
1.39587
1.39588
1.39588
1.39588
1.39587
1.39587
1.39588
1.39586
1.39586
1.39586
1.39585
1.39586
1.39585
1.39585
1.39586
1.39585
1.39584
1.39585
1.39584
1.39584
1.39585
1.39584
1.39585
1.39585
1.39584
1.39583
1.39583
1.39582
1.39582
1.39582
1.39582
1.39582
1.39582
1.39583
1.39582
1.39583
1.39583
1.39583
1.39582
1.39582
1.39582
1.39581
1.39582
1.39581
1.39582
1.39581
1.39581
1.39581
1.39582
1.39582
1.39581
1.39581
1.39581
1.39581
1.39581
1.39581
1.39582
1.39581
1.39582
1.39582
1.39583
1.39583
1.39584
1.39584
1.39584
1.39584
1.39583
1.39583
1.39583
1.39583
1.39583
1.39584
1.39583
1.39584
1.39583
1.39584
1.39584
1.39584
1.39584
1.39584
1.39584
1.39585
1.39584
1.39584
1.39584
1.39583
1.39582
1.39582
1.39582
1.39582
1.39582
1.39582
1.39582
1.39583
1.39584
1.39583
1.39584
1.39584
1.39584
1.39584
1.39583
1.39584
1.39584
1.39584
1.39584
1.39583
1.39583
1.39583
1.39582
1.39582
1.39582
1.39582
1.39582
1.39582
1.39583
1.39583
1.39584
1.39583
1.39583
1.39583
1.39583
1.39583
1.39583
1.39583
1.39583
1.39583
1.39583
1.39582
1.39582
1.39583
1.39584
1.39584
1.39584
1.39584
1.39584
1.39583
1.39583
1.39583
1.39583
1.39582
1.39582
1.39583
1.39583
1.39583
1.39582
1.39583
1.39583
1.39583
1.39584
1.39583
1.39583
1.39583
1.39583
1.39583
1.39584
1.39584
1.39585
1.39584
1.39584
1.39584
1.39585
1.39585
1.39585
1.39586
1.39585
1.39585
1.39584
1.39583
1.39583
1.39583
1.39583
1.39583
1.39582
1.39582
1.39582
1.39583
1.39584
1.39584
1.39583
1.39582
1.39583
1.39583
1.39583
1.39583
1.39583
1.39583
1.39583
1.39582
1.39582
1.39582
1.39581
1.39581
1.3958
1.3958
1.3958
1.39579
1.39578
1.39578
1.39577
1.39577
1.39577
1.39576
1.39577
1.39577
1.39578
1.39579
1.39578
1.39577
1.39578
1.39577
1.39577
1.39578
1.39578
1.39578
1.39578
1.39578
1.39579
1.3958
1.39579
1.3958
1.39581
1.3958
1.3958
1.3958
1.39579
1.3958
1.3958
1.3958
1.39581
1.39581
1.39582
1.39582
1.39581
1.39581
1.39581
1.39581
1.39582
1.39582
1.39582
1.39582
1.39582
1.39582
1.39582
1.39583
1.39583
1.39583
1.39583
1.39583
1.39583
1.39584
1.39583
1.39583
1.39584
1.39584
1.39584
1.39585
1.39585
1.39584
1.39584
1.39584
1.39584
1.39584
1.39584
1.39583
1.39582
1.39582
1.39582
1.39582
1.39582
1.39583
1.39583
1.39582
1.39583
1.39583
1.39582
1.39582
1.39582
1.39583
1.39583
1.39583
1.39583
1.39584
1.39584
1.39584
1.39584
1.39584
1.39584
1.39585
1.39586
1.39586
1.39586
1.39587
1.39587
1.39587
1.39587
1.39587
1.39587
1.39586
1.39586
1.39585
1.39586
1.39586
1.39585
1.39585
1.39585
1.39585
1.39586
1.39585
1.39585
1.39584
1.39585
1.39586
1.39587
1.39588
1.39588
1.39587
1.39586
1.39586
1.39586
1.39585
1.39585
1.39584
1.39585
1.39585
1.39585
1.39585
1.39585
1.39585
1.39584
1.39583
1.39583
1.39583
1.39583
1.39582
1.39582
1.39582
