1.64875
1.64437
1.63663
1.62513
1.60933
1.58853
1.56188
1.52836
1.48694
1.43669
1.377
1.30792
1.23039
1.14661
1.06008
0.975285
0.897142
0.830067
0.777267
0.740292
0.718983
0.711671
0.715667
0.727752
0.744714
0.763753
0.782739
0.800267
0.815654
0.828797
0.839969
0.849554
0.857863
0.865048
0.871052
0.875691
0.878833
0.880536
0.881094
0.881
0.88085
0.881187
0.882392
0.884697
0.888142
0.892538
0.897495
0.902429
0.906745
0.909948
0.911749
0.912181
0.911555
0.910362
0.909162
0.908418
0.908449
0.909436
0.911415
0.914273
0.91774
0.921372
0.924553
0.926667
0.927194
0.925841
0.922681
0.91819
0.913203
0.90867
0.905274
0.903063
0.901415
0.899361
0.896075
0.891283
0.885301
0.878931
0.873243
0.869341
0.868184
0.870412
0.876205
0.885229
0.896761
0.909863
0.923572
0.937031
0.94954
0.960548
0.969644
0.976476
0.980761
0.982346
0.981186
0.977386
0.971159
0.962784
0.952512
0.940581
0.927186
0.912607
0.897268
0.881776
0.866903
0.853461
0.842133
0.833333
0.827128
0.823332
0.821628
0.821806
0.823823
0.827871
0.83425
0.843229
0.854867
0.868883
0.884696
0.901491
0.918331
0.934241
0.948262
0.959492
0.967152
0.970738
0.970099
0.965395
0.957115
0.945981
0.932844
0.918606
0.904085
0.889971
0.876813
0.865069
0.855154
0.84753
0.842686
0.841208
0.843631
0.850268
0.860978
0.875041
0.891263
0.908198
0.924453
0.938855
0.950537
0.95895
0.963822
0.965114
0.963022
0.95792
0.950325
0.940846
0.930068
0.918492
0.906478
0.894297
0.882228
0.870728
0.8605
0.852471
0.847566
0.846404
0.849023
0.854809
0.862645
0.871215
0.879248
0.885729
0.889911
0.891309
0.889684
0.884992
0.87743
0.867455
0.855792
0.843491
0.831901
0.82253
0.816835
0.815925
0.820259
0.829483
0.84251
0.857753
0.873465
0.888
0.900048
0.908709
0.913524
0.914433
0.91177
0.906151
0.898406
0.889509
0.880453
0.872175
0.865434
0.860783
0.858513
0.858649
0.861005
0.865203
0.870744
0.877035
0.883414
0.889188
0.893715
0.896432
0.896937
0.895032
0.890768
0.884475
0.876778
0.868546
0.860804
0.854511
0.8503
0.848356
0.84844
0.850024
0.852495
0.855299
0.858009
0.860392
0.862376
0.863983
0.865258
0.866245
0.86696
0.867327
0.867218
0.866478
0.864949
0.862522
0.85922
0.855255
0.851161
0.847731
0.845894
0.846445
0.849813
0.856012
0.864658
0.875126
0.886669
0.898471
0.909747
0.919736
0.927759
0.933271
0.935946
0.935654
0.932487
0.926751
0.918915
0.909531
0.899222
0.888619
0.87833
0.868897
0.860724
0.854083
0.849055
0.845519
0.843233
0.841855
0.841068
0.840651
0.840507
0.840656
0.841216
0.842375
0.844239
0.84682
0.849917
0.853186
0.856167
0.858343
0.859289
0.858781
0.85684
0.853788
0.850192
0.846785
0.844227
0.842921
0.842867
0.843656
0.844671
0.845272
0.845107
0.844205
0.842919
0.841808
0.841403
0.84198
0.84344
0.845363
0.847082
0.847995
0.847782
0.846548
0.844772
0.843029
0.84162
0.840363
0.838729
0.836248
0.832774
0.828586
0.824225
0.820238
0.817002
0.814686
0.813311
0.812924
0.813661
0.815729
0.819252
0.824166
0.830063
0.8363
0.84216
0.847042
0.850519
0.852386
0.85255
0.850993
0.847679
0.84263
0.836032
0.828279
0.820013
0.812027
0.805115
0.799858
0.796515
0.795053
0.795299
0.797101
0.800404
0.805186
0.811347
0.818582
0.826444
0.83445
0.842213
0.849457
0.855978
0.861563
0.865879
0.868499
0.868975
0.86692
0.862083
0.854442
0.844234
0.831948
0.818409
0.804726
0.792213
0.782216
0.77585
0.773767
0.776018
0.782097
0.791192
0.802443
0.814986
0.827933
0.840347
0.851328
0.86012
0.866242
0.869554
0.870188
0.868479
0.864908
0.860014
0.854374
0.848598
0.843271
0.838901
0.835874
0.834369
0.83444
0.836097
0.83936
0.844237
0.850608
0.858084
0.86601
0.873586
0.880066
0.884884
0.887747
0.888655
0.887855
0.885784
0.882959
0.879816
0.876608
0.873365
0.869941
0.866163
0.86196
0.85741
0.852702
0.848057
0.843715
0.839946
0.837033
0.835241
0.834702
0.835377
0.837002
0.839216
0.841672
0.844122
0.846441
0.848583
0.850513
0.852176
0.853527
0.854537
0.855241
0.85579
0.856431
0.857451
0.859121
0.861641
0.865074
0.869226
0.873769
0.878239
0.882104
0.884889
0.886143
0.885498
0.882742
0.877845
0.871038
0.862817
0.853927
0.845289
0.837899
0.832612
0.830033
0.830387
0.833544
0.839129
0.846588
0.855357
0.864904
0.874774
0.884563
0.893891
0.902398
0.909753
0.915679
0.919971
0.922515
0.923335
0.922552
0.920375
0.917037
0.912751
0.907656
0.901837
0.89537
0.888358
0.881014
0.873667
0.866722
0.860635
0.855787
0.852404
0.8505
0.849847
0.850072
0.850776
0.851594
0.852319
0.852887
0.853391
0.853989
0.854917
0.85642
0.858706
0.86192
0.86609
0.871069
0.876558
0.882151
0.887396
0.891887
0.895288
0.897388
0.898099
0.897386
0.895279
0.891831
0.887068
0.881001
0.873633
0.864985
0.855108
0.844131
0.832292
0.820006
0.807914
0.796787
0.787445
0.780542
0.77635
0.774684
0.774962
0.776501
0.778789
0.781633
0.785099
0.789363
0.794618
0.801031
0.808749
0.817934
0.828649
0.840744
0.853852
0.867404
0.880749
0.893291
0.904564
0.914253
0.922111
0.927835
0.931045
0.93137
0.928658
0.923114
0.915358
0.906299
0.896967
0.888276
0.880919
0.875294
0.871503
0.869411
0.868676
0.868928
0.869808
0.871036
0.872396
0.873721
0.874822
0.875399
0.875048
0.873289
0.869657
0.863875
0.856015
0.846649
0.836828
0.827932
0.821358
0.818109
0.818522
0.822248
0.828457
0.836133
0.844341
0.852363
0.859679
0.865927
0.870835
0.874183
0.87584
0.875758
0.874047
0.871011
0.867139
0.863036
0.859276
0.856254
0.85409
0.852587
0.851375
0.850079
0.848498
0.84672
0.845129
0.84435
0.84508
0.84785
0.852871
0.859924
0.868288
0.876892
0.884489
0.889941
0.892383
0.891461
0.887393
0.88088
0.872944
0.864695
0.857057
0.850681
0.845957
0.843116
0.842356
0.843806
0.847445
0.853008
0.859964
0.867564
0.875003
0.881606
0.886981
0.891061
0.894044
0.896273
0.898111
0.899845
0.90171
0.903849
0.906341
0.909233
0.912504
0.916031
0.919571
0.922768
0.925176
0.926299
0.925661
0.922912
0.917857
0.910511
0.901125
0.890134
0.878095
0.865662
0.853548
0.842519
0.833333
0.826613
0.822763
0.821869
0.823638
0.827474
0.832585
0.838122
0.843276
0.847342
0.849761
0.850141
0.848265
0.844079
0.837753
0.82971
0.820653
0.811481
0.80314
0.796394
0.791614
0.788659
0.786997
0.785934
0.784894
0.78354
0.781869
0.780157
0.778893
0.778611
0.779786
0.782729
0.787566
0.794218
0.80241
0.811656
0.821184
0.830032
0.837197
0.841872
0.843596
0.842321
0.838386
0.832401
0.825117
0.817327
0.809799
0.803207
0.798129
0.795006
0.794163
0.795768
0.79978
0.805923
0.813743
0.822621
0.831865
0.840784
0.848742
0.855173
0.859687
0.862098
0.862477
0.861116
0.858488
0.855131
0.851506
0.847877
0.844261
0.840447
0.836179
0.831256
0.825692
0.819764
0.814049
0.809287
0.806315
0.805814
0.808241
0.813705
0.821934
0.832287
0.84385
0.855513
0.86612
0.87463
0.880181
0.882202
0.88039
0.874722
0.865363
0.85263
0.837011
0.81917
0.799948
0.780427
0.761904
0.745721
0.733137
0.725222
0.722755
0.726152
0.735289
0.749359
0.76688
0.785999
0.804829
0.821783
0.83571
0.845952
0.852328
0.855059
0.854678
0.851916
0.847553
0.842342
0.836966
0.832042
0.828114
0.825677
0.825202
0.827044
0.831398
0.83822
0.847207
0.857832
0.86936
0.880951
0.891729
0.900865
0.907677
0.911665
0.912608
0.91058
0.906028
0.899704
0.892621
0.885891
0.880445
0.876816
0.875029
0.874687
0.875212
0.87607
0.876953
0.877782
0.878625
0.879531
0.880437
0.881107
0.881149
0.880148
0.877806
0.874125
0.86942
0.864268
0.8594
0.855583
0.85353
0.853815
0.856742
0.862273
0.870012
0.879309
0.889354
0.899321
0.908431
0.915962
0.921237
0.923695
0.922928
0.91874
0.911225
0.900774
0.888105
0.874153
0.859991
0.846679
0.835114
0.825914
0.819304
0.815125
0.812878
0.811863
0.811284
0.810477
0.809046
0.806963
0.804553
0.802274
0.800469
0.799211
0.798325
0.797547
0.796667
0.795514
0.793962
0.791929
0.78944
0.786657
0.783887
0.781515
0.779919
0.779378
0.780056
0.782013
0.785244
0.789673
0.795153
0.801449
0.808173
0.814762
0.820512
0.824645
0.82651
0.825765
0.82254
0.817529
0.811923
0.807144
0.804437
0.80453
0.807573
0.813222
0.820825
0.82961
0.838778
0.847526
0.855082
0.860713
0.863765
0.863754
0.860397
0.853662
0.843756
0.831108
0.816334
0.800223
0.783666
0.767577
0.752799
0.740003
0.729596
0.721704
0.716217
0.712849
0.711209
0.71091
0.711628
0.713187
0.715594
0.719048
0.723768
0.729892
0.737346
0.745796
0.75476
0.763719
0.772186
0.779818
0.786426
0.792004
0.796721
0.800829
0.804553
0.80802
0.811235
0.814075
0.816385
0.818056
0.819121
0.819757
0.82024
0.820838
0.821667
0.822621
0.823334
0.823306
0.822082
0.819392
0.815243
0.809965
0.804111
0.79836
0.793387
0.78975
0.787801
0.787673
0.789319
0.792514
0.796936
0.802221
0.807982
0.813887
0.819658
0.825072
0.829988
0.834319
0.83803
0.841141
0.84368
0.845603
0.846799
0.84704
0.846014
0.843393
0.838972
0.832721
0.824849
0.815807
0.806227
0.796818
0.788232
0.78096
0.775224
0.770955
0.767826
0.765311
0.762803
0.759759
0.755881
0.751314
0.746705
0.74309
0.741533
0.742553
0.745779
0.750064
0.753969
0.756264
0.756243
0.753855
0.749736
0.745186
0.742014
0.742007
0.746295
0.754912
0.766875
0.780709
0.794994
0.808695
0.821159
0.832022
0.84103
0.847966
0.852602
0.854713
0.854135
0.850849
0.845011
0.837013
1.63384
1.60867
1.57677
1.54016
1.50097
1.46133
1.42311
1.38793
1.35701
1.33118
1.31085
1.29609
1.28678
1.28248
1.28235
1.285
1.28836
1.29012
1.2884
1.28231
1.27231
1.26005
1.24784
1.23808
1.23264
1.23226
1.23655
1.24409
1.25294
1.26102
1.26666
1.26883
1.26718
1.26183
1.25318
1.24174
1.2283
1.21443
1.20297
1.19776
1.20222
1.21746
1.24192
1.27251
1.30577
1.33843
1.36772
1.39167
1.40929
1.42052
1.42603
1.42705
1.42515
1.42197
1.4189
1.41681
1.41597
1.41634
1.41808
1.42156
1.42697
1.43385
1.4412
1.44811
1.45397
1.45857
1.46174
1.46315
1.46216
1.45803
1.45021
1.43891
1.42536
1.41163
1.39967
1.39043
1.38346
1.37741
1.37091
1.36344
1.35584
1.35022
1.34905
1.35394
1.36507
1.38158
1.402
1.42446
1.44662
1.46611
1.48099
1.49021
1.49367
1.49203
1.48642
1.47799
1.46753
1.45525
1.4411
1.425
1.40732
1.38906
1.37169
1.35649
1.344
1.33403
1.32655
1.32188
1.32024
1.32113
1.32341
1.32606
1.32881
1.33224
1.33731
1.34479
1.35492
1.36732
1.38114
1.39524
1.40837
1.41931
1.42698
1.43064
1.42993
1.42503
1.41653
1.40533
1.39226
1.37803
1.36316
1.34821
1.33385
1.32085
1.31008
1.30236
1.29834
1.29831
1.30215
1.30942
1.31937
1.33085
1.34218
1.35116
1.35566
1.35422
1.34659
1.33401
1.31887
1.30418
1.29269
1.2864
1.28618
1.29184
1.30232
1.31595
1.33094
1.34587
1.36003
1.37318
1.38475
1.39331
1.39679
1.39353
1.38312
1.36674
1.34687
1.32657
1.30878
1.2956
1.288
1.28575
1.28774
1.29238
1.29802
1.3033
1.30738
1.30992
1.311
1.31094
1.31012
1.30899
1.30792
1.30718
1.30698
1.30754
1.30914
1.312
1.31644
1.32297
1.33237
1.34536
1.36194
1.38094
1.40011
1.41694
1.42941
1.43656
1.43837
1.43549
1.42899
1.42009
1.41005
1.40016
1.39165
1.38557
1.38258
1.38267
1.38503
1.38828
1.39095
1.39201
1.39122
1.3891
1.38665
1.38502
1.38513
1.3873
1.39105
1.39513
1.39783
1.39754
1.39332
1.38522
1.37434
1.36242
1.35132
1.34245
1.33656
1.33401
1.33513
1.34053
1.35096
1.36676
1.38739
1.41122
1.43581
1.45838
1.47642
1.4881
1.49248
1.48956
1.48006
1.46532
1.44693
1.42638
1.40489
1.38325
1.36191
1.34109
1.32111
1.30247
1.28596
1.27276
1.26445
1.2627
1.26901
1.28434
1.30862
1.34018
1.37576
1.41089
1.44101
1.46255
1.47368
1.47455
1.46704
1.45433
1.43999
1.42732
1.41851
1.41444
1.41469
1.418
1.42285
1.42783
1.4319
1.43455
1.43558
1.43505
1.43319
1.43028
1.42655
1.42178
1.41533
1.4064
1.39471
1.38094
1.36677
1.3543
1.34534
1.34079
1.34031
1.34256
1.34582
1.34871
1.35051
1.35126
1.35141
1.35156
1.35221
1.35372
1.35623
1.35965
1.36346
1.36673
1.36824
1.36713
1.36367
1.35961
1.3576
1.35966
1.36566
1.37348
1.38045
1.38482
1.38619
1.38513
1.38268
1.37982
1.37721
1.37504
1.37318
1.37129
1.36901
1.36609
1.3624
1.35792
1.35277
1.34725
1.34171
1.33638
1.3313
1.32628
1.3209
1.31472
1.30737
1.29882
1.28939
1.27971
1.2706
1.26284
1.25697
1.25328
1.25182
1.25272
1.2563
1.2629
1.27263
1.28503
1.29901
1.31319
1.32613
1.3366
1.34356
1.34618
1.344
1.33704
1.32614
1.31294
1.29984
1.28957
1.2847
1.28702
1.29709
1.31411
1.33619
1.36091
1.38567
1.40804
1.42586
1.43745
1.44177
1.43868
1.42875
1.41304
1.39275
1.36918
1.34384
1.31889
1.29715
1.28168
1.27493
1.2778
1.28905
1.3058
1.32449
1.34203
1.35641
1.36671
1.37279
1.37491
1.37354
1.36929
1.36297
1.35547
1.34774
1.34059
1.33457
1.32976
1.32552
1.32046
1.31277
1.30062
1.28281
1.25914
1.23065
1.19946
1.16861
1.14213
1.12504
1.1222
1.13544
1.16149
1.19364
1.2255
1.25303
1.27443
1.28906
1.29677
1.2977
1.29239
1.28202
1.26832
1.25328
1.23869
1.22576
1.21501
1.20651
1.2001
1.19587
1.19422
1.1958
1.20109
1.20992
1.22144
1.23444
1.24778
1.26064
1.27263
1.28385
1.29471
1.30574
1.31733
1.32947
1.34179
1.35376
1.36481
1.37439
1.38202
1.38725
1.38976
1.38943
1.38652
1.38165
1.3757
1.36959
1.36409
1.35969
1.35648
1.35417
1.35205
1.34915
1.34436
1.33648
1.32449
1.30776
1.28641
1.26156
1.23537
1.21078
1.19093
1.17825
1.17381
1.177
1.18597
1.19844
1.21247
1.22683
1.24106
1.25506
1.26863
1.28116
1.29175
1.29944
1.30366
1.30432
1.3019
1.29736
1.292
1.28732
1.28484
1.28568
1.29019
1.29784
1.30737
1.31727
1.32626
1.33366
1.33958
1.34483
1.35051
1.35755
1.36629
1.37622
1.38602
1.39384
1.39785
1.39688
1.39091
1.38117
1.36959
1.35803
1.3474
1.33755
1.32755
1.31646
1.30383
1.28995
1.27568
1.26226
1.25093
1.24264
1.23799
1.2373
1.24072
1.24829
1.2597
1.27417
1.29051
1.30737
1.32353
1.33808
1.35046
1.36043
1.36811
1.37375
1.37745
1.37897
1.37776
1.37311
1.36455
1.35221
1.33731
1.32227
1.31055
1.30564
1.3096
1.32205
1.34035
1.36091
1.38058
1.39733
1.4101
1.41843
1.42227
1.42192
1.41798
1.41118
1.40236
1.39223
1.38146
1.37062
1.36017
1.35038
1.34126
1.33259
1.32394
1.31491
1.30528
1.29522
1.28537
1.27673
1.27042
1.26737
1.26812
1.27266
1.28048
1.29073
1.30242
1.31466
1.32669
1.33776
1.34705
1.35371
1.35712
1.35729
1.35491
1.3513
1.34785
1.34535
1.34343
1.34055
1.33453
1.32343
1.30619
1.28303
1.25564
1.22699
1.20074
1.18042
1.16868
1.16675
1.1743
1.18969
1.21063
1.23477
1.26031
1.28594
1.31066
1.3335
1.3534
1.36947
1.38097
1.38736
1.38826
1.38347
1.37316
1.35838
1.34157
1.32678
1.31846
1.31916
1.32768
1.33966
1.35037
1.35712
1.35963
1.3589
1.35581
1.35051
1.34243
1.33078
1.31511
1.29565
1.27334
1.24968
1.22635
1.20497
1.18677
1.1724
1.16193
1.15477
1.14993
1.14624
1.14272
1.13893
1.13508
1.13206
1.13115
1.13373
1.14092
1.15341
1.17124
1.19344
1.21795
1.24212
1.26339
1.27989
1.2905
1.29462
1.29213
1.28347
1.26979
1.25276
1.23397
1.21466
1.19605
1.18019
1.17016
1.16927
1.17937
1.1999
1.22817
1.26068
1.29439
1.32735
1.35861
1.38774
1.4141
1.43649
1.45316
1.4623
1.46262
1.45395
1.43766
1.41645
1.39392
1.37351
1.3578
1.34807
1.34449
1.34654
1.3536
1.36523
1.38096
1.39983
1.42005
1.43903
1.45379
1.46148
1.45989
1.44773
1.42482
1.39248
1.35384
1.31381
1.27829
1.25227
1.23811
1.23513
1.24069
1.25182
1.26611
1.28189
1.29787
1.3129
1.32591
1.33602
1.34269
1.34564
1.34478
1.34018
1.33211
1.32148
1.3099
1.29953
1.29231
1.28905
1.28909
1.29071
1.29207
1.29187
1.28952
1.28498
1.27853
1.27064
1.26184
1.25268
1.24366
1.23525
1.22789
1.2222
1.21902
1.21939
1.22413
1.23345
1.24673
1.26276
1.28017
1.29784
1.31504
1.3315
1.34719
1.36215
1.37624
1.3891
1.40009
1.40832
1.41282
1.41266
1.40712
1.39589
1.3793
1.3584
1.33507
1.31185
1.29176
1.27766
1.27174
1.27474
1.28571
1.30219
1.32096
1.33898
1.3541
1.36555
1.37383
1.38009
1.38514
1.3889
1.39042
1.3885
1.38237
1.37203
1.35822
1.34202
1.32446
1.3065
1.28927
1.27444
1.26424
1.26078
1.26491
1.27539
1.28912
1.30219
1.3112
1.31418
1.31099
1.30317
1.29341
1.28457
1.27872
1.27659
1.27757
1.28029
1.28321
1.28519
1.28585
1.28564
1.28562
1.2868
1.28979
1.29446
1.30014
1.30588
1.31088
1.3147
1.3173
1.31901
1.32041
1.32221
1.32501
1.32894
1.33354
1.33778
1.34039
1.34031
1.33721
1.33181
1.32585
1.32159
1.32106
1.32509
1.33286
1.34216
1.35032
1.35514
1.35542
1.35099
1.34256
1.33125
1.31842
1.30545
1.29377
1.2849
1.28047
1.28199
1.29011
1.30401
1.32136
1.33905
1.35427
1.36514
1.37089
1.37168
1.36824
1.36179
1.35376
1.34563
1.33867
1.33353
1.33026
1.32842
1.32746
1.32694
1.3266
1.32636
1.32626
1.32641
1.32692
1.3279
1.32936
1.33127
1.33349
1.33588
1.33815
1.33993
1.34066
1.33973
1.33657
1.33099
1.32331
1.31449
1.30618
1.30029
1.29848
1.30157
1.30926
1.32026
1.33265
1.34431
1.35339
1.35853
1.35891
1.35435
1.3452
1.33216
1.316
1.29734
1.27674
1.25503
1.23347
1.21402
1.19904
1.19101
1.19182
1.20205
1.22048
1.2444
1.27048
1.29588
1.31886
1.33868
1.3551
1.36774
1.37579
1.37801
1.37335
1.36146
1.34324
1.32088
1.29718
1.2748
1.25576
1.24159
1.23322
1.23066
1.23298
1.23886
1.24735
1.25812
1.27124
1.28655
1.30326
1.32018
1.33587
1.34895
1.35791
1.36116
1.35738
1.34632
1.33006
1.31353
1.30278
1.30093
1.30594
1.31278
1.31717
1.3173
1.31345
1.307
1.29955
1.29226
1.28564
1.27952
1.2732
1.26569
1.25607
1.24401
1.23028
1.21698
1.20716
1.20391
1.20915
1.22249
1.24123
1.26152
1.28003
1.29488
1.30553
1.3123
1.31616
1.31857
1.32142
1.32662
1.33529
1.34724
1.36126
1.3758
1.38959
1.40177
1.41165
1.41881
1.42308
1.42454
1.42339
1.4198
1.41381
1.40554
1.39541
1.38439
1.37436
1.36797
1.36811
1.37661
1.39292
1.41383
1.43488
1.66602
1.67486
1.67573
1.66986
1.65877
1.64382
1.62618
1.60686
1.58686
1.56717
1.54874
1.53221
1.51785
1.50575
1.496
1.48908
1.48571
1.48655
1.49159
1.49986
1.50948
1.51842
1.52519
1.52905
1.52971
1.52702
1.52114
1.51285
1.50338
1.49392
1.48516
1.47722
1.46976
1.46217
1.45377
1.44405
1.4328
1.42002
1.40604
1.3916
1.37793
1.36643
1.35801
1.35257
1.34908
1.34648
1.34464
1.34469
1.34856
1.35802
1.37368
1.39474
1.41954
1.44634
1.47393
1.50159
1.52872
1.55433
1.57671
1.59358
1.60267
1.60255
1.5934
1.57707
1.55669
1.5356
1.51649
1.50091
1.48948
1.4824
1.47959
1.4807
1.48458
1.48915
1.49201
1.49126
1.48647
1.47876
1.47026
1.46306
1.45841
1.45627
1.45573
1.45599
1.45712
1.45988
1.4648
1.47133
1.47808
1.48379
1.48807
1.49113
1.49316
1.49397
1.49327
1.49103
1.4877
1.48406
1.48078
1.47772
1.47394
1.46872
1.46255
1.45722
1.45485
1.45668
1.46254
1.47108
1.48039
1.48874
1.49522
1.49991
1.50387
1.50859
1.51526
1.52424
1.53493
1.54604
1.55591
1.56298
1.56605
1.56441
1.55796
1.54698
1.53197
1.51365
1.49312
1.47205
1.45257
1.43687
1.42666
1.42286
1.4254
1.43338
1.44522
1.45893
1.47232
1.48347
1.49077
1.49316
1.49008
1.48167
1.46882
1.45319
1.437
1.42238
1.41067
1.40187
1.39502
1.38923
1.38467
1.38303
1.38666
1.39677
1.41215
1.42992
1.4474
1.46336
1.4778
1.49099
1.50279
1.51239
1.51877
1.52114
1.51921
1.51317
1.50338
1.48999
1.47299
1.45263
1.42965
1.40553
1.3822
1.36144
1.34471
1.333
1.32678
1.3258
1.32906
1.33496
1.34192
1.349
1.35629
1.3648
1.37598
1.391
1.41011
1.43232
1.45537
1.47617
1.49162
1.4997
1.5002
1.4949
1.48694
1.47947
1.47454
1.47254
1.47263
1.47352
1.47408
1.4735
1.47107
1.46619
1.45862
1.44889
1.43828
1.42847
1.42081
1.41578
1.41285
1.41113
1.41039
1.41138
1.41542
1.42353
1.43579
1.45135
1.46889
1.48684
1.50349
1.51717
1.5266
1.53116
1.53115
1.52749
1.52119
1.513
1.50334
1.49258
1.48137
1.47053
1.46068
1.4518
1.44318
1.43399
1.42382
1.41315
1.40316
1.39515
1.38993
1.38779
1.38882
1.39314
1.40078
1.41137
1.42401
1.43741
1.4503
1.46188
1.47224
1.4826
1.49465
1.50934
1.52611
1.54298
1.55735
1.56681
1.5696
1.56477
1.55244
1.53372
1.51063
1.48579
1.46204
1.44196
1.4274
1.41919
1.41712
1.4203
1.42758
1.43793
1.45047
1.46433
1.47861
1.49238
1.5048
1.51523
1.52315
1.5281
1.52986
1.52854
1.52479
1.51962
1.51412
1.50886
1.50379
1.49814
1.49112
1.48274
1.47431
1.46795
1.46545
1.4672
1.47219
1.47867
1.48482
1.48919
1.49099
1.49036
1.48834
1.48651
1.48634
1.48864
1.4933
1.49938
1.50558
1.5107
1.51398
1.51534
1.51523
1.5143
1.51307
1.51148
1.50895
1.5046
1.49785
1.48881
1.4784
1.46797
1.45858
1.4503
1.44203
1.43184
1.41774
1.39828
1.37298
1.34273
1.31017
1.27962
1.25615
1.24371
1.24361
1.25417
1.27189
1.29299
1.31448
1.33434
1.35128
1.3645
1.37356
1.37851
1.37987
1.3787
1.3764
1.37456
1.37469
1.37792
1.38491
1.39568
1.40949
1.42481
1.43967
1.4521
1.46071
1.46482
1.46434
1.45953
1.45091
1.43937
1.4264
1.41423
1.40555
1.40311
1.40893
1.4237
1.4463
1.47398
1.50301
1.52956
1.55041
1.56339
1.56758
1.56342
1.55271
1.53854
1.52463
1.5143
1.50923
1.50907
1.51184
1.51493
1.51592
1.51313
1.50584
1.49459
1.48128
1.46858
1.45912
1.45436
1.45428
1.45799
1.46472
1.47433
1.48691
1.50203
1.51856
1.53479
1.54894
1.55955
1.56588
1.56759
1.56446
1.55625
1.54299
1.52533
1.50491
1.4843
1.46652
1.45419
1.44859
1.44906
1.45298
1.45662
1.45652
1.45112
1.44142
1.43059
1.42232
1.41916
1.42169
1.42889
1.43895
1.45012
1.46091
1.4702
1.47715
1.48118
1.48197
1.47969
1.47521
1.46997
1.46555
1.46318
1.46349
1.46647
1.47165
1.47827
1.48541
1.49225
1.49826
1.50325
1.50723
1.51007
1.51128
1.50992
1.50515
1.4969
1.4861
1.47457
1.46437
1.45707
1.45336
1.45327
1.45686
1.46474
1.4776
1.49495
1.51452
1.53291
1.54704
1.55493
1.55575
1.5495
1.53667
1.51799
1.49436
1.46711
1.43824
1.4108
1.38839
1.37402
1.3683
1.36927
1.37353
1.37813
1.38165
1.38434
1.38747
1.39264
1.40089
1.41216
1.42528
1.4382
1.44876
1.45544
1.45778
1.45653
1.4534
1.45073
1.45106
1.45645
1.4678
1.48445
1.50424
1.52427
1.54154
1.5534
1.55778
1.55337
1.53982
1.51802
1.49019
1.45956
1.42953
1.40286
1.38131
1.36555
1.35517
1.34888
1.34494
1.3421
1.34026
1.34026
1.34309
1.34905
1.35773
1.36838
1.38049
1.39386
1.40827
1.4233
1.43849
1.45353
1.46824
1.48227
1.49472
1.50391
1.50771
1.50434
1.49298
1.47422
1.44994
1.42278
1.3953
1.36932
1.34593
1.32627
1.31223
1.30596
1.30844
1.31882
1.3355
1.35741
1.38424
1.41568
1.45064
1.48709
1.5226
1.55493
1.58231
1.60335
1.6169
1.62221
1.61928
1.60902
1.59335
1.5748
1.55591
1.53853
1.52329
1.50986
1.49753
1.48599
1.47583
1.4685
1.46556
1.46763
1.47377
1.48183
1.48918
1.49337
1.49235
1.4845
1.46872
1.44453
1.41247
1.37467
1.33575
1.30305
1.28505
1.2874
1.30945
1.34496
1.38578
1.42494
1.45795
1.48294
1.50024
1.51155
1.51911
1.52494
1.53035
1.53565
1.54008
1.54207
1.53969
1.53116
1.51541
1.49235
1.46304
1.42955
1.39466
1.36151
1.33311
1.31189
1.29932
1.29565
1.29978
1.30954
1.32226
1.33539
1.34703
1.3563
1.36349
1.36977
1.37655
1.3848
1.39461
1.40521
1.41534
1.42389
1.43031
1.43474
1.43783
1.44049
1.44356
1.44752
1.45248
1.45839
1.46525
1.47348
1.48395
1.49773
1.5156
1.53751
1.56212
1.58695
1.60884
1.62472
1.63217
1.6299
1.61795
1.59783
1.57239
1.54547
1.52118
1.50304
1.4933
1.49253
1.49972
1.51299
1.53015
1.5492
1.56843
1.58633
1.60147
1.61245
1.61804
1.61736
1.61003
1.59644
1.57778
1.55599
1.53348
1.51246
1.49439
1.47955
1.46699
1.45529
1.44347
1.43167
1.42074
1.41099
1.40149
1.39087
1.37898
1.36757
1.35982
1.35883
1.36647
1.38288
1.40681
1.43618
1.46838
1.50054
1.52961
1.55253
1.56664
1.57051
1.56465
1.5518
1.53581
1.51948
1.50328
1.48651
1.46944
1.45404
1.4426
1.43603
1.4337
1.43457
1.43792
1.44327
1.44995
1.45701
1.46345
1.46843
1.47142
1.4723
1.4713
1.46878
1.46511
1.46074
1.45629
1.45229
1.44885
1.44558
1.44189
1.43741
1.43219
1.42664
1.42132
1.41686
1.41395
1.41321
1.41497
1.41905
1.42469
1.43098
1.43716
1.44298
1.44882
1.45552
1.46391
1.47425
1.48576
1.49681
1.50549
1.51026
1.51051
1.50663
1.49985
1.49207
1.48538
1.48175
1.48258
1.48835
1.49842
1.51099
1.52345
1.53289
1.53682
1.5336
1.52279
1.50507
1.4821
1.45612
1.42969
1.40533
1.38503
1.37001
1.36073
1.35739
1.35997
1.368
1.38014
1.39418
1.40758
1.41825
1.42525
1.42889
1.43034
1.431
1.43191
1.43345
1.43533
1.43682
1.43694
1.43494
1.43063
1.42472
1.4188
1.41477
1.41403
1.41682
1.42229
1.42902
1.43552
1.44053
1.44336
1.44403
1.44306
1.4408
1.43704
1.43117
1.42274
1.41186
1.39921
1.38576
1.37267
1.36119
1.35272
1.34883
1.35113
1.36093
1.37856
1.403
1.4318
1.46167
1.48959
1.5136
1.53319
1.54898
1.56204
1.573
1.58179
1.58788
1.59085
1.59096
1.58896
1.58565
1.58128
1.57552
1.56777
1.55773
1.54561
1.53215
1.51823
1.5047
1.49217
1.48077
1.47023
1.46028
1.45112
1.44369
1.43951
1.44019
1.44672
1.45903
1.47592
1.49538
1.51519
1.53332
1.54826
1.55906
1.56531
1.56692
1.56419
1.55791
1.54955
1.54117
1.53472
1.53085
1.52832
1.52468
1.51759
1.5057
1.48893
1.46827
1.4458
1.42451
1.40798
1.39972
1.40205
1.41523
1.43711
1.46369
1.4904
1.51334
1.53007
1.53974
1.54278
1.54045
1.53425
1.52541
1.51461
1.50195
1.48719
1.47024
1.45151
1.43214
1.41355
1.39676
1.38209
1.36956
1.35982
1.35467
1.35639
1.36608
1.38224
1.40133
1.41947
1.43399
1.4437
1.44841
1.44828
1.44341
1.43408
1.42097
1.40546
1.38918
1.37354
1.35946
1.34739
1.33746
1.32944
1.3228
1.31711
1.31242
1.30944
1.30928
1.31291
1.32052
1.33143
1.34417
1.35697
1.36834
1.37748
1.38431
1.38908
1.39193
1.39264
1.39106
1.38771
1.38427
1.38317
1.38663
1.39571
1.40991
1.42723
1.44478
1.45966
1.46993
1.47525
1.47675
1.47641
1.47622
1.47758
1.48099
1.48624
1.49287
1.50052
1.50928
1.51948
1.5313
1.54427
1.55702
1.5677
1.57485
1.57793
1.57754
1.57497
1.57162
1.56847
1.56572
1.56305
1.55987
1.55569
1.55034
1.54385
1.53618
1.52709
1.51623
1.50357
1.48986
1.47677
1.46648
1.46085
1.46055
1.46497
1.47265
1.48212
1.49213
1.50169
1.50986
1.51589
1.51945
1.52075
1.52038
1.51916
1.51792
1.51723
1.51721
1.51725
1.51621
1.51281
1.50635
1.49714
1.48651
1.47656
1.46921
1.46552
1.46518
1.46666
1.46776
1.46608
1.45962
1.44742
1.43026
1.62884
1.60601
1.58744
1.57677
1.57573
1.58408
1.59983
1.61992
1.64094
1.65985
1.67438
1.68353
1.68756
1.68766
1.68514
1.68052
1.67305
1.66158
1.64616
1.62919
1.61416
1.60298
1.59441
1.58578
1.57571
1.56494
1.55509
1.54728
1.54225
1.54111
1.54535
1.55584
1.5717
1.59027
1.60804
1.62216
1.63109
1.63463
1.63332
1.6282
1.62071
1.61287
1.60692
1.60454
1.60601
1.61012
1.61526
1.62031
1.6249
1.6291
1.63307
1.63705
1.64154
1.64751
1.65629
1.66892
1.68515
1.70273
1.71753
1.72481
1.72103
1.7056
1.68189
1.65655
1.63587
1.62188
1.61202
1.60246
1.59076
1.5765
1.56075
1.54516
1.5309
1.51811
1.50613
1.49414
1.48182
1.4696
1.45857
1.45052
1.4478
1.45296
1.46799
1.49353
1.5283
1.5691
1.61149
1.65072
1.68245
1.70309
1.70987
1.70116
1.67698
1.64016
1.59731
1.55762
1.52908
1.51425
1.51
1.51124
1.51472
1.52002
1.52829
1.54051
1.55642
1.57433
1.59164
1.60556
1.61356
1.61386
1.60579
1.58986
1.56779
1.54243
1.51736
1.49598
1.48021
1.46988
1.4632
1.458
1.45288
1.44786
1.44423
1.4439
1.44863
1.4593
1.47552
1.49579
1.51799
1.5401
1.56065
1.57921
1.59615
1.61214
1.62703
1.63973
1.64873
1.65279
1.65114
1.64352
1.63049
1.61397
1.5968
1.58169
1.57016
1.56281
1.55996
1.56179
1.56793
1.57725
1.58795
1.59811
1.60608
1.61072
1.61129
1.60746
1.59937
1.58782
1.57437
1.56096
1.54933
1.54064
1.53537
1.53359
1.53501
1.53909
1.54488
1.55131
1.55773
1.56458
1.57321
1.58486
1.59934
1.61479
1.62877
1.63965
1.64717
1.65214
1.65589
1.65959
1.66402
1.66938
1.67532
1.68089
1.68477
1.68551
1.68199
1.6738
1.66149
1.64637
1.63019
1.6148
1.60192
1.59297
1.58907
1.59066
1.59725
1.60713
1.6177
1.62596
1.62953
1.62744
1.62055
1.61128
1.60279
1.59806
1.59888
1.60531
1.61549
1.62626
1.6341
1.63636
1.63202
1.62193
1.60813
1.59296
1.57834
1.56574
1.55657
1.55214
1.55298
1.55848
1.56708
1.57714
1.58756
1.5978
1.60753
1.61634
1.62365
1.62889
1.63152
1.63125
1.62815
1.62276
1.61617
1.60989
1.60538
1.60364
1.60479
1.60817
1.61271
1.61737
1.62156
1.62515
1.62817
1.63051
1.63177
1.6314
1.62902
1.62473
1.61925
1.61376
1.60947
1.60713
1.60664
1.60709
1.60698
1.6045
1.59779
1.58526
1.56606
1.54043
1.50997
1.47803
1.44986
1.43219
1.43099
1.44858
1.48222
1.52547
1.57088
1.61201
1.64436
1.66553
1.67506
1.67412
1.66521
1.65168
1.63705
1.62424
1.61479
1.60849
1.60358
1.59747
1.58771
1.57277
1.55257
1.52869
1.50426
1.48317
1.46901
1.46406
1.46867
1.48152
1.50014
1.52146
1.54254
1.56117
1.57636
1.58813
1.59694
1.60301
1.60612
1.60573
1.60133
1.59271
1.5802
1.56493
1.54884
1.53417
1.52289
1.51662
1.5163
1.52081
1.52627
1.52864
1.52703
1.52353
1.52055
1.51867
1.51668
1.51318
1.50804
1.50283
1.50002
1.50172
1.50873
1.52022
1.53393
1.54665
1.55523
1.55763
1.55356
1.54439
1.53252
1.52047
1.51023
1.50298
1.4991
1.49857
1.50141
1.50782
1.51796
1.53139
1.54694
1.56277
1.57684
1.58735
1.59329
1.59464
1.59268
1.58969
1.58851
1.59154
1.59983
1.6127
1.62819
1.64399
1.65819
1.66977
1.67861
1.68509
1.68971
1.69259
1.69333
1.69119
1.68528
1.67495
1.66016
1.64181
1.62179
1.60279
1.58773
1.57914
1.57875
1.5872
1.60387
1.62673
1.65256
1.67745
1.69776
1.71104
1.71659
1.71557
1.71042
1.70396
1.6985
1.69532
1.69458
1.69565
1.69764
1.6998
1.70168
1.70315
1.70406
1.70413
1.70279
1.69931
1.69313
1.68425
1.67353
1.66261
1.65345
1.64775
1.64642
1.64955
1.65681
1.66797
1.68281
1.7004
1.71862
1.73418
1.74352
1.74406
1.7352
1.71895
1.69935
1.68094
1.66654
1.65614
1.64743
1.63777
1.62617
1.61375
1.60273
1.59491
1.59087
1.59019
1.59186
1.59485
1.59835
1.6021
1.60636
1.61138
1.61665
1.62082
1.62238
1.62079
1.61676
1.61174
1.60712
1.6035
1.60075
1.59871
1.59753
1.59758
1.59899
1.60126
1.60334
1.60393
1.60192
1.59685
1.58905
1.57948
1.5694
1.56003
1.55237
1.54727
1.54542
1.54749
1.55364
1.56262
1.57111
1.57432
1.56814
1.55152
1.52778
1.504
1.4879
1.48372
1.49048
1.50414
1.52142
1.54152
1.5646
1.58943
1.61265
1.63024
1.63947
1.64013
1.63428
1.62532
1.61671
1.61096
1.60928
1.61177
1.61792
1.62699
1.63811
1.65029
1.6624
1.6732
1.68162
1.68702
1.68951
1.69007
1.69024
1.69135
1.69386
1.69691
1.6987
1.69744
1.69216
1.68303
1.67105
1.65766
1.64433
1.63262
1.6244
1.622
1.62759
1.64201
1.66374
1.68881
1.71191
1.7277
1.73188
1.72194
1.69811
1.66409
1.62649
1.59226
1.56571
1.54764
1.53691
1.53212
1.53208
1.53605
1.54379
1.5552
1.56968
1.58582
1.6018
1.61609
1.62801
1.63786
1.64651
1.65487
1.66346
1.67228
1.68088
1.6885
1.69426
1.69718
1.69614
1.69028
1.6794
1.66403
1.6453
1.62461
1.6038
1.58553
1.57289
1.56756
1.56837
1.5723
1.57666
1.58018
1.58283
1.58536
1.58877
1.59328
1.59734
1.59818
1.5938
1.58443
1.57193
1.55866
1.54696
1.53935
1.53806
1.54389
1.55572
1.57116
1.58783
1.60399
1.61886
1.63237
1.64471
1.6556
1.6637
1.66674
1.66257
1.65059
1.63247
1.61164
1.59193
1.57616
1.56591
1.56214
1.5656
1.57658
1.59398
1.61488
1.63501
1.65003
1.65667
1.65355
1.64163
1.62427
1.60647
1.5928
1.58552
1.58431
1.58784
1.59537
1.60684
1.62197
1.63956
1.6575
1.67366
1.68636
1.69452
1.69727
1.6938
1.68381
1.66832
1.65019
1.63359
1.62266
1.61948
1.62302
1.62962
1.63494
1.63585
1.63127
1.62216
1.61093
1.60062
1.59353
1.59031
1.59036
1.5927
1.59656
1.60131
1.6061
1.60991
1.61176
1.61115
1.60817
1.60339
1.5973
1.58988
1.58046
1.568
1.55149
1.53034
1.50451
1.4747
1.44255
1.41087
1.38336
1.36368
1.35426
1.3558
1.36748
1.38767
1.41441
1.44575
1.47981
1.51473
1.54882
1.58055
1.60873
1.63274
1.6525
1.6684
1.68126
1.69213
1.70235
1.71347
1.72696
1.74372
1.76343
1.78445
1.80443
1.8213
1.83371
1.84119
1.84394
1.84289
1.83944
1.83515
1.83133
1.82839
1.82567
1.8216
1.81432
1.80224
1.78467
1.76187
1.73499
1.70592
1.67719
1.65155
1.63115
1.6166
1.60651
1.59809
1.58852
1.57606
1.5606
1.54352
1.52726
1.5145
1.50713
1.50549
1.50838
1.51378
1.51984
1.5254
1.52995
1.53327
1.53528
1.53616
1.53633
1.53618
1.53578
1.53481
1.53281
1.52935
1.52416
1.51721
1.50912
1.50133
1.49585
1.49455
1.49862
1.50844
1.52363
1.543
1.56452
1.58572
1.60395
1.6169
1.62312
1.62246
1.61615
1.60638
1.59558
1.58566
1.57765
1.5717
1.56731
1.56346
1.55883
1.55219
1.54301
1.53203
1.52151
1.51507
1.51704
1.53078
1.55622
1.58901
1.62254
1.65128
1.67255
1.68623
1.69371
1.69691
1.69784
1.69834
1.69986
1.70316
1.7081
1.71367
1.71835
1.72044
1.71871
1.71271
1.7028
1.69
1.67555
1.66056
1.64595
1.63264
1.62176
1.61493
1.614
1.62047
1.63466
1.65527
1.6794
1.70346
1.72444
1.74085
1.75291
1.76191
1.76894
1.77388
1.77527
1.77131
1.76121
1.74606
1.72849
1.71095
1.69425
1.67755
1.6595
1.63968
1.61923
1.60064
1.58691
1.58033
1.58164
1.58991
1.60321
1.6194
1.63658
1.65317
1.66775
1.67906
1.68626
1.68912
1.68845
1.68603
1.68423
1.68511
1.68935
1.69582
1.70208
1.70521
1.70275
1.6932
1.67643
1.65376
1.62795
1.60257
1.5812
1.56632
1.55888
1.55826
1.56275
1.57017
1.57832
1.58528
1.58962
1.59063
1.58839
1.58383
1.57841
1.57383
1.57146
1.57191
1.5749
1.57948
1.58452
1.58903
1.59233
1.59381
1.59286
1.58883
1.58128
1.57038
1.55711
1.54322
1.53073
1.52113
1.51455
1.50978
1.50533
1.50058
1.49589
1.49225
1.49086
1.49277
1.49831
1.50682
1.51678
1.52622
1.53326
1.53643
1.53503
1.52915
1.51986
1.5093
1.50068
1.49786
1.50455
1.52292
1.55239
1.58929
1.62771
1.66127
1.68476
1.69493
1.69084
1.67381
1.64711
1.61504
1.58193
1.55151
1.52659
1.50903
1.49953
1.49775
1.50265
1.51269
1.52604
1.54039
1.55308
1.56162
1.56466
1.56245
1.5564
1.54843
1.54061
1.53493
1.53317
1.53639
1.54456
1.55656
1.5707
1.58521
1.59853
1.60936
1.61646
1.61906
1.61725
1.61241
1.60696
1.60342
1.60329
1.60631
1.61048
1.61304
1.61179
1.60585
1.59572
1.58257
1.56775
1.55293
1.54024
1.53216
1.5309
1.53762
1.5517
1.57082
1.59179
1.61171
1.62843
1.64
1.64426
1.63936
1.62474
1.60172
1.57349
1.54457
1.51983
1.50273
1.49398
1.49179
1.49336
1.49623
1.49894
1.5012
1.50378
1.50815
1.51541
1.52517
1.53558
1.54476
1.5524
1.55991
1.56903
1.58049
1.59386
1.60828
1.62331
1.63919
1.65641
1.67496
1.69385
1.71117
1.72456
1.73208
1.73283
1.72722
1.71667
1.70282
1.6868
1.66899
1.64957
1.62889
1.60763
1.58666
1.5667
1.54815
1.53094
1.51468
1.49921
1.48513
1.47418
1.46885
1.47131
1.48231
1.50075
1.52408
1.5492
1.67271
1.69242
1.70743
1.71829
1.72602
1.73141
1.73462
1.73511
1.73203
1.72489
1.71395
1.70036
1.68626
1.67447
1.66809
1.66934
1.67848
1.6935
1.71072
1.72595
1.73559
1.73753
1.73142
1.7182
1.69891
1.67373
1.64263
1.60736
1.57349
1.54999
1.54562
1.56397
1.60161
1.65064
1.70243
1.74996
1.78843
1.81501
1.82836
1.82836
1.81597
1.79323
1.76345
1.73097
1.70032
1.67463
1.65485
1.64056
1.63189
1.63042
1.63818
1.65546
1.67934
1.70478
1.72688
1.7426
1.75114
1.75357
1.75208
1.74887
1.74542
1.7423
1.7396
1.73727
1.73512
1.73265
1.72869
1.72143
1.70892
1.68974
1.66388
1.6334
1.6024
1.57616
1.55949
1.55522
1.56372
1.58326
1.61073
1.64232
1.67416
1.70274
1.72474
1.73713
1.73794
1.72749
1.70913
1.68816
1.66931
1.65484
1.64509
1.64026
1.64103
1.6476
1.65872
1.67143
1.6822
1.68834
1.68902
1.68505
1.67798
1.66947
1.66106
1.65401
1.64876
1.64467
1.64061
1.63578
1.63028
1.6254
1.62356
1.62788
1.64126
1.66503
1.69799
1.73632
1.77446
1.80665
1.82831
1.83664
1.83068
1.81127
1.78114
1.74508
1.70963
1.68158
1.66523
1.66055
1.66387
1.67045
1.67663
1.68036
1.68067
1.67722
1.66997
1.65931
1.64627
1.63295
1.62268
1.61892
1.62331
1.63462
1.65006
1.66711
1.68406
1.69927
1.71067
1.7162
1.71443
1.70499
1.68837
1.66552
1.63801
1.60933
1.58633
1.57746
1.58736
1.61311
1.64697
1.68157
1.71269
1.73928
1.76222
1.78276
1.80141
1.81756
1.82971
1.83624
1.83602
1.82875
1.81491
1.79562
1.77226
1.7461
1.71803
1.68854
1.65814
1.62749
1.59759
1.56974
1.54553
1.52681
1.51575
1.51444
1.52386
1.54271
1.56676
1.59004
1.60689
1.614
1.61131
1.60185
1.59029
1.58074
1.57491
1.57163
1.568
1.56095
1.5487
1.53169
1.513
1.49771
1.49104
1.49605
1.51237
1.53671
1.56467
1.59216
1.61625
1.63554
1.6499
1.66016
1.66734
1.67226
1.67533
1.67691
1.67748
1.67764
1.67808
1.6797
1.68378
1.69179
1.70451
1.72112
1.7389
1.75397
1.76274
1.76321
1.75574
1.7426
1.7267
1.71004
1.69323
1.67635
1.66037
1.6479
1.64248
1.64676
1.66069
1.68097
1.70227
1.71922
1.72821
1.72823
1.72083
1.70946
1.69842
1.69158
1.69108
1.69666
1.70582
1.71481
1.71992
1.71869
1.71084
1.69865
1.68636
1.6787
1.67928
1.68951
1.70829
1.73255
1.75833
1.78203
1.80123
1.81464
1.82188
1.82337
1.82016
1.81367
1.80508
1.79489
1.78276
1.76787
1.74957
1.72836
1.7063
1.6866
1.67236
1.66536
1.66547
1.67155
1.68263
1.69825
1.71789
1.74014
1.76228
1.78076
1.79222
1.79463
1.78815
1.77487
1.75772
1.73895
1.71975
1.70071
1.68272
1.66745
1.657
1.65285
1.65496
1.66161
1.67037
1.67904
1.68612
1.69065
1.69177
1.68887
1.68195
1.67203
1.6608
1.65009
1.64178
1.638
1.64106
1.65244
1.67167
1.69635
1.72317
1.74904
1.77153
1.78898
1.80037
1.80512
1.80288
1.79341
1.77677
1.75358
1.72533
1.69443
1.66389
1.63669
1.6154
1.60184
1.59681
1.59964
1.60792
1.61773
1.62466
1.62539
1.61872
1.60597
1.59021
1.57521
1.56424
1.55928
1.56082
1.56816
1.57988
1.59434
1.60994
1.62536
1.63949
1.65168
1.66151
1.66849
1.67181
1.67021
1.66241
1.64785
1.6279
1.60649
1.5891
1.5801
1.58029
1.58694
1.59629
1.60563
1.61372
1.62019
1.62487
1.62754
1.62792
1.62599
1.62218
1.61755
1.61376
1.61276
1.61627
1.62542
1.64061
1.6614
1.68643
1.7134
1.73934
1.7609
1.77476
1.77818
1.76971
1.74959
1.71995
1.68435
1.6469
1.61134
1.58021
1.55486
1.53624
1.5259
1.52609
1.53884
1.56425
1.59943
1.63899
1.67657
1.7066
1.72559
1.73265
1.72935
1.71932
1.70735
1.69823
1.69524
1.69914
1.70805
1.71823
1.72548
1.72639
1.71937
1.70531
1.6876
1.67123
1.66078
1.6583
1.66242
1.66966
1.67664
1.68165
1.68457
1.68591
1.68619
1.68555
1.68389
1.68094
1.67655
1.67091
1.66437
1.65704
1.64877
1.63966
1.63059
1.62315
1.61916
1.62014
1.6268
1.63878
1.65451
1.67122
1.68542
1.69402
1.69584
1.69278
1.68936
1.69054
1.69934
1.71569
1.73698
1.75961
1.78027
1.79684
1.80849
1.8152
1.81691
1.8132
1.80353
1.78787
1.76778
1.74664
1.72902
1.71857
1.71566
1.71679
1.7164
1.70969
1.6947
1.67276
1.64767
1.62378
1.60396
1.5883
1.57425
1.55817
1.53759
1.51317
1.48947
1.47347
1.47099
1.48375
1.50915
1.54234
1.5782
1.6124
1.64142
1.66248
1.67365
1.67401
1.66426
1.64745
1.62927
1.61693
1.61575
1.62628
1.64494
1.66747
1.69162
1.71725
1.74467
1.77307
1.79988
1.82159
1.83497
1.838
1.83024
1.81286
1.78822
1.7592
1.72869
1.69929
1.67361
1.65432
1.64363
1.64253
1.65012
1.66356
1.67906
1.69311
1.70365
1.71038
1.71436
1.71687
1.71854
1.71895
1.71713
1.71253
1.70547
1.6972
1.68934
1.68317
1.67913
1.67671
1.67465
1.6714
1.66578
1.6577
1.64849
1.64095
1.63837
1.64288
1.65429
1.67034
1.68804
1.70469
1.71811
1.72653
1.72854
1.7232
1.71028
1.69052
1.66577
1.63896
1.61393
1.5949
1.58564
1.58799
1.60078
1.62025
1.64161
1.66097
1.67613
1.68638
1.69185
1.69297
1.69012
1.68346
1.67288
1.65808
1.63908
1.61664
1.59272
1.57021
1.55214
1.54071
1.53664
1.53922
1.54693
1.55815
1.57145
1.58555
1.59929
1.61161
1.62161
1.62859
1.63195
1.63137
1.62702
1.62009
1.61298
1.60909
1.6116
1.62191
1.63873
1.65869
1.67792
1.69302
1.70169
1.70281
1.6964
1.6838
1.66774
1.6519
1.63971
1.63279
1.63009
1.62862
1.62518
1.61781
1.60621
1.59148
1.57559
1.56083
1.54924
1.54216
1.53972
1.54065
1.54252
1.54279
1.54016
1.53555
1.53206
1.53364
1.54331
1.56188
1.58791
1.61846
1.65015
1.67988
1.70521
1.72462
1.73767
1.74486
1.74696
1.74433
1.73682
1.7247
1.70996
1.69662
1.68936
1.69076
1.69936
1.71048
1.71887
1.72088
1.71526
1.70258
1.68462
1.66401
1.64387
1.62712
1.61579
1.61052
1.61052
1.6139
1.61804
1.62015
1.61769
1.60884
1.59268
1.56923
1.53932
1.50462
1.46774
1.43239
1.40314
1.38462
1.38067
1.39331
1.42223
1.4646
1.51545
1.5685
1.61736
1.65683
1.68415
1.69923
1.70386
1.70053
1.69142
1.67825
1.66256
1.64588
1.62929
1.61343
1.5995
1.59067
1.59169
1.60532
1.6292
1.65722
1.68352
1.70475
1.71961
1.72769
1.7288
1.72278
1.70961
1.68989
1.66538
1.6394
1.61628
1.60021
1.59375
1.59714
1.60879
1.62622
1.64677
1.66795
1.68754
1.70358
1.71459
1.71961
1.71828
1.71081
1.69779
1.68021
1.65946
1.63758
1.61721
1.60098
1.59075
1.58708
1.58921
1.5958
1.60558
1.61781
1.63224
1.6489
1.66772
1.68831
1.70968
1.73009
1.74709
1.75789
1.76015
1.75297
1.73742
1.71645
1.69338
1.67021
1.64715
1.62345
1.5985
1.5724
1.54674
1.52517
1.51219
1.51011
1.51731
1.52969
1.54303
1.55442
1.5623
1.5662
1.56669
1.56506
1.5628
1.56111
1.56069
1.56199
1.56556
1.57198
1.58147
1.59343
1.60638
1.61833
1.62728
1.63153
1.63003
1.62264
1.61015
1.59415
1.57685
1.5606
1.54743
1.53881
1.5356
1.53816
1.54634
1.5595
1.57649
1.59608
1.61728
1.63931
1.66134
1.68232
1.70118
1.71709
1.72953
1.73809
1.74227
1.74165
1.73625
1.72671
1.7145
1.70187
1.69138
1.68543
1.6854
1.6911
1.70078
1.71188
1.72188
1.72882
1.73125
1.72814
1.71869
1.70275
1.68129
1.65683
1.63345
1.61603
1.60861
1.61257
1.6255
1.64198
1.65601
1.66333
1.66232
1.65354
1.63855
1.61884
1.5953
1.56834
1.5384
1.5065
1.47451
1.44506
1.42119
1.40565
1.4
1.40389
1.41524
1.43159
1.45167
1.47572
1.50422
1.53614
1.56842
1.59732
1.62018
1.63633
1.64693
1.65409
1.65995
1.66578
1.67171
1.67685
1.67996
1.68022
1.67782
1.67417
1.67146
1.67223
1.6784
1.69087
1.70916
1.73156
1.75544
1.77768
1.79511
1.80487
1.80496
1.79504
1.77691
1.75432
1.73154
1.71169
1.69611
1.68479
1.67698
1.67129
1.66615
1.66041
1.65403
1.64819
1.64491
1.64615
1.65299
1.66513
1.68072
1.69664
1.70917
1.7149
1.71172
1.69931
1.67925
1.65445
1.62858
1.6054
1.58853
1.5808
1.58261
1.59077
1.59925
1.60202
1.59596
1.58184
1.56322
1.54477
1.53057
1.52307
1.52266
1.52807
1.53771
1.55074
1.56681
1.58498
1.60355
1.62116
1.63764
1.65371
1.66994
1.68598
1.70093
1.71378
1.72364
1.72957
1.73064
1.72624
1.71637
1.70192
1.6844
1.66553
1.64706
1.63078
1.61829
1.61076
1.60861
1.61162
1.61923
1.63057
1.64415
1.65755
1.6673
1.66945
1.66084
1.64074
1.61195
1.58032
1.55244
1.53301
1.52387
1.52487
1.53491
1.55241
1.57543
1.60216
1.63124
1.66171
1.69235
1.72097
1.74448
1.75958
1.76395
1.75711
1.74069
1.71795
1.6929
1.66935
1.65023
1.63717
1.63033
1.62873
1.63076
1.63467
1.63884
1.6419
1.64287
1.64153
1.63872
1.6361
1.63537
1.6372
1.64088
1.64484
1.64792
1.65036
1.65375
1.66025
1.67125
1.68657
1.70456
1.72309
1.74033
1.75511
1.76663
1.7741
1.77658
1.77299
1.76256
1.74543
1.72314
1.62764
1.60699
1.59234
1.58503
1.58403
1.58654
1.58929
1.5899
1.58776
1.58398
1.58083
1.58072
1.58517
1.59419
1.60617
1.61874
1.62987
1.63869
1.6455
1.6511
1.65614
1.66096
1.66576
1.67092
1.67708
1.6851
1.69593
1.70983
1.72574
1.74106
1.75261
1.75789
1.75584
1.74683
1.7321
1.71333
1.69263
1.67278
1.65706
1.64869
1.64986
1.66095
1.68033
1.7051
1.7321
1.7586
1.78253
1.80226
1.81645
1.82418
1.82514
1.81965
1.80858
1.79313
1.7747
1.75482
1.73511
1.71716
1.70232
1.69158
1.68539
1.68345
1.68456
1.68676
1.68789
1.68603
1.68025
1.67089
1.65929
1.647
1.63488
1.6226
1.60931
1.59461
1.57934
1.56532
1.55431
1.54688
1.54202
1.53756
1.53144
1.52321
1.51481
1.50982
1.51119
1.51972
1.53398
1.55152
1.56954
1.58521
1.59623
1.60168
1.60268
1.6022
1.60392
1.6105
1.62224
1.63712
1.65189
1.6637
1.67132
1.67535
1.67765
1.68024
1.68396
1.68809
1.6908
1.69006
1.68398
1.67076
1.64843
1.61525
1.57177
1.52382
1.48247
1.45818
1.45339
1.46305
1.48066
1.50124
1.5205
1.53494
1.5446
1.55547
1.5749
1.60205
1.62719
1.64146
1.64297
1.63542
1.62454
1.61565
1.6127
1.61805
1.63253
1.65501
1.68196
1.70819
1.72848
1.73918
1.73859
1.72679
1.7051
1.67587
1.64244
1.60895
1.5797
1.55813
1.54584
1.54229
1.54501
1.55058
1.5559
1.55927
1.56078
1.56185
1.56419
1.56851
1.57412
1.57976
1.58485
1.59012
1.59762
1.61017
1.62984
1.65579
1.68388
1.70883
1.72667
1.73596
1.73734
1.73258
1.72341
1.71084
1.69502
1.6758
1.65332
1.62843
1.60251
1.57731
1.55463
1.53636
1.52453
1.52118
1.52783
1.54467
1.57007
1.60051
1.6312
1.65709
1.67415
1.68017
1.67521
1.66141
1.64233
1.62181
1.60279
1.58652
1.57268
1.56025
1.54873
1.53886
1.53241
1.53115
1.53546
1.54396
1.5545
1.56586
1.57868
1.59465
1.61459
1.63718
1.65991
1.68086
1.69935
1.7147
1.72547
1.73029
1.72905
1.723
1.71388
1.70295
1.69057
1.67643
1.66015
1.64199
1.62317
1.60556
1.5909
1.57984
1.57145
1.56356
1.55363
1.53948
1.51999
1.49555
1.46837
1.44258
1.42366
1.41682
1.42474
1.44592
1.47521
1.50585
1.53219
1.55109
1.56227
1.56764
1.57057
1.57455
1.58186
1.59265
1.60523
1.61719
1.62674
1.6334
1.63807
1.64236
1.64813
1.65691
1.6694
1.68478
1.7004
1.71225
1.7161
1.70885
1.68929
1.65836
1.61892
1.57595
1.53627
1.507
1.49215
1.4901
1.49502
1.50105
1.50488
1.50585
1.50491
1.50362
1.50353
1.50585
1.51125
1.5198
1.53092
1.54345
1.55634
1.5696
1.5847
1.6033
1.62517
1.64757
1.667
1.68108
1.68919
1.69217
1.69179
1.69011
1.68846
1.68677
1.68392
1.6789
1.67174
1.66346
1.65536
1.64839
1.64312
1.64006
1.63947
1.64095
1.64328
1.64523
1.64619
1.6459
1.64346
1.63692
1.62468
1.60759
1.58973
1.57706
1.57443
1.58318
1.60079
1.62245
1.64311
1.65915
1.66901
1.67321
1.67365
1.67271
1.67225
1.67298
1.67427
1.67453
1.67176
1.66402
1.64997
1.62972
1.60558
1.58195
1.56406
1.55586
1.55859
1.57078
1.58942
1.61104
1.63237
1.65086
1.66498
1.67424
1.67888
1.67946
1.67659
1.67079
1.66267
1.65308
1.6431
1.63403
1.62717
1.62356
1.62369
1.62733
1.63343
1.64035
1.6462
1.64917
1.6481
1.64294
1.63492
1.62625
1.61944
1.61635
1.61772
1.62337
1.63267
1.64494
1.65948
1.67518
1.69028
1.70248
1.70948
1.70977
1.70306
1.69024
1.67307
1.65381
1.63484
1.61847
1.6068
1.60146
1.60325
1.61174
1.62496
1.6398
1.65311
1.66272
1.66796
1.66926
1.66763
1.66406
1.65911
1.6528
1.64499
1.63591
1.62664
1.61897
1.61476
1.61501
1.61925
1.62551
1.63092
1.6326
1.62857
1.61859
1.60447
1.58979
1.57877
1.5746
1.5782
1.58826
1.60228
1.61803
1.63417
1.65004
1.66501
1.67819
1.68862
1.69541
1.69811
1.69683
1.69246
1.68666
1.68145
1.6788
1.68013
1.68598
1.69568
1.70722
1.71772
1.72438
1.7254
1.72042
1.71053
1.69783
1.68499
1.67471
1.66916
1.66936
1.67489
1.68389
1.69358
1.70091
1.7031
1.69825
1.68596
1.66802
1.64817
1.63044
1.61676
1.60637
1.59762
1.59026
1.58628
1.58857
1.59777
1.61067
1.62231
1.62949
1.63208
1.63172
1.63016
1.62823
1.62553
1.62059
1.61158
1.59761
1.5802
1.56403
1.55544
1.55902
1.5746
1.59808
1.62464
1.65086
1.67503
1.69652
1.71522
1.73101
1.74359
1.75241
1.75682
1.75627
1.75051
1.73966
1.72423
1.70532
1.68485
1.66564
1.65071
1.64185
1.63876
1.6392
1.63993
1.63813
1.63251
1.62376
1.61415
1.60608
1.60099
1.59888
1.59865
1.5985
1.59622
1.58989
1.57889
1.56457
1.55016
1.53959
1.5355
1.53776
1.5436
1.5495
1.55287
1.55261
1.54878
1.54195
1.53309
1.52358
1.51537
1.51042
1.50991
1.51356
1.52002
1.52794
1.5367
1.54615
1.55612
1.56621
1.57591
1.58468
1.59178
1.59611
1.59623
1.59086
1.57978
1.56441
1.54762
1.53247
1.52102
1.51422
1.51243
1.51565
1.52326
1.53382
1.54531
1.55554
1.56249
1.56456
1.5607
1.55057
1.53477
1.51514
1.49527
1.48024
1.47495
1.4812
1.49637
1.51523
1.53318
1.54822
1.56088
1.57313
1.58719
1.60448
1.62496
1.64707
1.66809
1.68505
1.69575
1.69933
1.69625
1.68784
1.67588
1.66251
1.65026
1.64171
1.63893
1.64305
1.65393
1.67019
1.68947
1.70893
1.72596
1.73874
1.74638
1.74859
1.74534
1.73673
1.72306
1.70495
1.68322
1.65903
1.63394
1.60997
1.58907
1.57231
1.5595
1.54955
1.54189
1.53794
1.54086
1.55273
1.57172
1.59287
1.61162
1.62627
1.63783
1.64888
1.66202
1.67843
1.6972
1.71563
1.73025
1.73807
1.73706
1.7263
1.70606
1.67795
1.64497
1.6111
1.58021
1.55511
1.53695
1.52573
1.52112
1.52289
1.53108
1.54588
1.56762
1.59644
1.63182
1.67206
1.71402
1.75345
1.78583
1.80735
1.81555
1.80962
1.79047
1.76059
1.72364
1.68344
1.64282
1.60304
1.56433
1.52709
1.49236
1.46147
1.43564
1.41613
1.40444
1.4018
1.40841
1.42301
1.44328
1.46638
1.48935
1.50946
1.52469
1.53414
1.53858
1.54056
1.54345
1.54988
1.56053
1.57409
1.58834
1.60127
1.61157
1.61853
1.62195
1.62184
1.61864
1.61347
1.60818
1.6051
1.60626
1.61266
1.62417
1.64023
1.66016
1.68263
1.70477
1.72237
1.73134
1.72898
1.71453
1.68913
1.65549
1.61769
1.58087
1.55043
1.53093
1.52488
1.53202
1.54971
1.57424
1.60214
1.63087
1.65869
1.68408
1.70526
1.72022
1.7272
1.72555
1.71627
1.70202
1.68639
1.67269
1.66304
1.65796
1.65664
1.65752
1.6588
1.65906
1.65769
1.65481
1.65095
1.64645
1.64109
1.63421
1.62503
1.61344
1.60014
1.58667
1.57496
1.56685
1.5636
1.56556
1.57216
1.58232
1.59492
1.60899
1.6235
1.63725
1.64884
1.65702
1.66104
1.66103
1.65796
1.65326
1.64836
1.64414
1.64077
1.63782
1.63493
1.63214
1.62994
1.62898
1.62967
1.63205
1.63567
1.63968
1.64313
1.64527
1.64608
1.64634
1.64738
1.65034
1.65579
1.66364
1.67334
1.6843
1.69621
1.70911
1.72295
1.73703
1.74962
1.75825
1.76058
1.75511
1.74157
1.72092
1.69501
1.66631
1.63764
1.61192
1.59175
1.57869
1.57267
1.57189
1.57341
1.57441
1.57334
1.57041
1.56732
1.56635
1.56938
1.57703
1.58844
1.60145
1.61342
1.62216
1.62681
1.62801
1.62735
1.62622
1.62478
1.62178
1.61558
1.60536
1.59162
1.57572
1.55902
1.54275
1.52875
1.51998
1.51972
1.52983
1.5496
1.57609
1.60519
1.63269
1.65521
1.67105
1.68058
1.68596
1.69019
1.69592
1.70452
1.71574
1.7281
1.73941
1.74744
1.75045
1.74763
1.73936
1.72704
1.71245
1.69717
1.68236
1.66892
1.65768
1.64952
1.64526
1.64526
1.64914
1.65582
1.66408
1.67318
1.68315
1.69436
1.70685
1.71967
1.73077
1.73761
1.73802
1.73105
1.71746
1.69943
1.67995
1.66199
1.64773
1.63814
1.63271
1.62954
1.62613
1.62055
1.61266
1.60456
1.59951
1.5995
1.60316
1.60601
1.60308
1.59227
1.57661
1.56368
1.56112
1.57104
1.58917
1.60907
1.6257
1.63622
1.63978
1.63732
1.63096
1.62283
1.61405
1.60441
1.59307
1.57932
1.56344
1.54685
1.5318
1.52074
1.51555
1.517
1.52484
1.53806
1.55519
1.57463
1.59459
1.61306
1.628
1.63771
1.6413
1.63912
1.63287
1.62521
1.61917
1.6171
1.61986
1.62659
1.63512
1.64263
1.64629
1.64383
1.63395
1.61669
1.59389
1.56918
1.54719
1.53199
1.52543
1.52672
1.53321
1.54175
1.54969
1.55531
1.5579
1.55755
1.55478
1.55029
1.54461
1.53823
1.53197
1.52738
1.5264
1.53036
1.53942
1.5534
1.57254
1.59709
1.62584
1.6556
1.6823
1.70304
1.71709
1.72507
1.72758
1.72496
1.71777
1.70715
1.69445
1.68086
1.66751
1.65584
1.64779
1.64543
1.64983
1.65986
1.67205
1.68186
1.68514
1.6793
1.66392
1.64096
1.61449
1.58968
1.57104
1.56088
1.55873
1.56192
1.56699
1.57076
1.57087
1.56639
1.55789
1.54735
1.53739
1.53032
1.52747
1.5294
1.53637
1.54863
1.56612
1.58795
1.61226
1.6366
1.65865
1.67693
1.69112
1.7019
1.71053
1.71787
1.72376
1.72712
1.72662
1.72134
1.64033
1.62697
1.61153
1.59576
1.58163
1.57081
1.56416
1.56173
1.56283
1.56638
1.57114
1.57626
1.58156
1.58754
1.59478
1.60322
1.6118
1.61853
1.62105
1.61742
1.60659
1.58896
1.56668
1.54333
1.52298
1.50892
1.50284
1.505
1.51473
1.5308
1.55163
1.57529
1.59969
1.62278
1.64283
1.65881
1.67053
1.67857
1.68342
1.68455
1.68022
1.66846
1.64858
1.62171
1.59037
1.55732
1.52459
1.4932
1.46362
1.43646
1.41296
1.3947
1.38286
1.37751
1.37745
1.38086
1.38609
1.39197
1.39784
1.40344
1.40895
1.41486
1.42178
1.43014
1.43984
1.4502
1.45996
1.46781
1.47292
1.47561
1.47729
1.47999
1.48547
1.49459
1.50717
1.52224
1.53843
1.55412
1.56789
1.57874
1.58638
1.59115
1.59369
1.59451
1.59373
1.5912
1.58691
1.58117
1.57463
1.56803
1.56208
1.55738
1.55445
1.55366
1.55514
1.55854
1.56301
1.56756
1.57163
1.57547
1.58005
1.58641
1.59474
1.60379
1.61105
1.61366
1.60967
1.59878
1.58252
1.56376
1.5459
1.53193
1.52362
1.52109
1.52312
1.52791
1.53388
1.54018
1.54681
1.55432
1.56337
1.57444
1.58771
1.60319
1.62071
1.63989
1.65982
1.67887
1.69476
1.705
1.70738
1.70041
1.68352
1.65739
1.62394
1.5861
1.54745
1.51174
1.48216
1.46099
1.44904
1.44549
1.4483
1.45499
1.46338
1.47211
1.48076
1.48964
1.49936
1.51029
1.52228
1.53456
1.54598
1.55542
1.56218
1.56628
1.56842
1.56967
1.5711
1.57362
1.57806
1.5853
1.59598
1.61024
1.62738
1.64587
1.6638
1.67936
1.69124
1.69866
1.70134
1.69937
1.6931
1.68329
1.67116
1.65849
1.6473
1.63932
1.63526
1.63438
1.63467
1.63358
1.62893
1.61947
1.60489
1.58567
1.56273
1.53762
1.51286
1.49235
1.48078
1.48181
1.49624
1.52189
1.55496
1.59138
1.62766
1.66109
1.68972
1.71216
1.7274
1.73483
1.73415
1.72533
1.70867
1.6848
1.65497
1.62137
1.58706
1.55574
1.53095
1.51515
1.50878
1.50997
1.51532
1.52157
1.52706
1.53227
1.53918
1.54995
1.56542
1.58444
1.60437
1.62208
1.63506
1.64201
1.64303
1.63947
1.6336
1.62809
1.62505
1.62538
1.62875
1.63401
1.63958
1.64383
1.6455
1.64391
1.6389
1.6305
1.61913
1.60613
1.59395
1.58554
1.58305
1.58675
1.59492
1.60454
1.61219
1.61469
1.60979
1.5971
1.57884
1.55936
1.54314
1.53247
1.5272
1.52664
1.53127
1.54233
1.56019
1.58292
1.60636
1.62541
1.63575
1.63494
1.62258
1.60006
1.57027
1.53757
1.50751
1.48591
1.47687
1.48141
1.49774
1.52278
1.55329
1.58622
1.6187
1.64813
1.67234
1.69004
1.70122
1.70731
1.7108
1.71435
1.71953
1.7262
1.73265
1.73649
1.73565
1.72896
1.71637
1.6988
1.67792
1.65572
1.63444
1.61659
1.60474
1.60068
1.60419
1.61268
1.62235
1.62985
1.6333
1.63227
1.62709
1.61835
1.60652
1.59168
1.57359
1.55228
1.52913
1.50771
1.49281
1.4877
1.49182
1.50166
1.51362
1.52559
1.53682
1.54713
1.55636
1.56459
1.57236
1.58054
1.58949
1.59822
1.60446
1.60576
1.60085
1.59039
1.57687
1.56364
1.55392
1.54975
1.55121
1.55642
1.56219
1.56522
1.56314
1.55498
1.54103
1.52273
1.50237
1.483
1.468
1.46045
1.46207
1.47259
1.48978
1.5103
1.53057
1.5476
1.55934
1.56501
1.56516
1.56146
1.55619
1.55171
1.54992
1.55199
1.55826
1.56826
1.58074
1.59402
1.60618
1.61531
1.61979
1.6186
1.61169
1.60014
1.586
1.57182
1.55992
1.55158
1.54665
1.54377
1.54111
1.53739
1.53264
1.52821
1.52608
1.52762
1.5328
1.54018
1.5476
1.55307
1.55572
1.55614
1.55624
1.55825
1.56343
1.57118
1.57939
1.58577
1.58899
1.58891
1.58605
1.58073
1.57247
1.5599
1.54169
1.5181
1.49259
1.47243
1.46688
1.4822
1.51689
1.56245
1.6085
1.6468
1.67226
1.68251
1.67723
1.65788
1.62762
1.59129
1.55494
1.52482
1.50566
1.49928
1.50453
1.51848
1.53783
1.55951
1.58071
1.59906
1.61347
1.62474
1.63478
1.6448
1.65407
1.66057
1.66259
1.65979
1.653
1.64363
1.6329
1.62174
1.61103
1.60192
1.59598
1.59505
1.60062
1.61221
1.62629
1.63722
1.63999
1.63238
1.61527
1.59161
1.56529
1.54058
1.52164
1.5113
1.50959
1.51386
1.52031
1.52561
1.52762
1.52556
1.51978
1.51148
1.50229
1.49405
1.48862
1.48754
1.49162
1.50049
1.51259
1.52576
1.53826
1.54938
1.55928
1.56809
1.57509
1.57898
1.57863
1.57398
1.5662
1.55737
1.54992
1.54592
1.5466
1.552
1.56111
1.5725
1.58489
1.59742
1.60981
1.62218
1.63472
1.6472
1.65855
1.66676
1.66936
1.66431
1.65108
1.6312
1.60792
1.5853
1.56695
1.55484
1.54914
1.54883
1.55247
1.55861
1.5657
1.57229
1.57751
1.58138
1.5847
1.58836
1.59239
1.59576
1.59674
1.59372
1.58574
1.57312
1.55769
1.54262
1.53115
1.52499
1.52337
1.52398
1.52453
1.52369
1.52095
1.51631
1.51032
1.50413
1.49946
1.49788
1.50012
1.50594
1.51483
1.52662
1.5413
1.55847
1.5769
1.59485
1.6106
1.6228
1.63059
1.63366
1.63214
1.62664
1.61807
1.60751
1.59603
1.58466
1.57449
1.56667
1.56212
1.56112
1.56288
1.56579
1.56814
1.56912
1.56904
1.56885
1.56931
1.57089
1.5744
1.58123
1.59252
1.60794
1.62542
1.6421
1.65542
1.66353
1.66511
1.6589
1.64417
1.6217
1.59436
1.5665
1.54216
1.52355
1.51121
1.50526
1.50608
1.51356
1.52621
1.54121
1.55557
1.56727
1.57571
1.58135
1.58522
1.58835
1.59144
1.59475
1.59831
1.60208
1.60601
1.60993
1.61335
1.61552
1.61572
1.61375
1.61004
1.60516
1.59936
1.59252
1.5846
1.57604
1.56739
1.55889
1.55039
1.54178
1.53344
1.5262
1.52109
1.51911
1.52093
1.52663
1.5352
1.54447
1.55164
1.55428
1.55133
1.54342
1.53246
1.52066
1.50973
1.50083
1.49503
1.49373
1.49831
1.50915
1.52472
1.54163
1.55576
1.56386
1.56484
1.56019
1.5534
1.54854
1.54847
1.55379
1.56259
1.57144
1.57725
1.57977
1.58284
1.59158
1.60635
1.62115
1.62896
1.62688
1.61656
1.60174
1.58578
1.57072
1.55705
1.54424
1.53143
1.51828
1.50562
1.4956
1.49111
1.4944
1.50576
1.5231
1.54262
1.56043
1.57384
1.58192
1.58488
1.5832
1.57706
1.56665
1.55263
1.53641
1.51974
1.50417
1.49074
1.48012
1.47309
1.47098
1.47562
1.48859
1.51012
1.53841
1.57008
1.60108
1.62785
1.64784
1.65984
1.66401
1.66163
1.65465
1.64519
1.63492
1.62475
1.61496
1.60557
1.59689
1.58976
1.58515
1.58343
1.58399
1.58556
1.58726
1.58932
1.59311
1.60021
1.61125
1.6254
1.64059
1.65419
1.66379
1.66769
1.66514
1.65658
1.64359
1.62843
1.61353
1.60063
1.59027
1.58198
1.57479
1.56779
1.56042
1.55263
1.54486
1.5378
1.53202
1.52771
1.52489
1.52381
1.52529
1.53023
1.53852
1.5487
1.55866
1.56673
1.57217
1.57511
1.57619
1.57618
1.57577
1.57534
1.57508
1.5751
1.57574
1.57748
1.58055
1.58438
1.58767
1.58881
1.58656
1.58036
1.57041
1.55765
1.5437
1.53033
1.51867
1.50861
1.49906
1.48894
1.47819
1.46812
1.46128
1.46081
1.46933
1.48704
1.51055
1.53401
1.55192
1.5611
1.56098
1.55272
1.5383
1.51993
1.49998
1.48099
1.46577
1.45712
1.45712
1.4664
1.48383
1.5067
1.53147
1.55479
1.57416
1.58821
1.59644
1.59896
1.59639
1.59005
1.5822
1.57542
1.57131
1.56976
1.56954
1.5697
1.57033
1.57228
1.57628
1.58221
1.58901
1.59492
1.59809
1.59718
1.59195
1.5831
1.57194
1.55982
1.54754
1.5354
1.5233
1.51112
1.49897
1.48724
1.47629
1.46651
1.45851
1.45335
1.4523
1.4565
1.46612
1.48021
1.4968
1.51331
1.52718
1.53646
1.54039
1.53973
1.53665
1.53425
1.53591
1.54448
1.56137
1.58558
1.61366
1.64104
1.66388
1.68021
1.69002
1.69449
1.69526
1.69382
1.691
1.68674
1.68016
1.66992
1.6548
1.63422
1.60874
1.58005
1.55085
1.52435
1.50343
1.49016
1.48568
1.49047
1.50446
1.52679
1.55552
1.58777
1.62024
1.64981
1.67392
1.6907
1.69908
1.6989
1.69082
1.676
1.65629
1.63414
1.61248
1.59416
1.58126
1.57459
1.57387
1.57799
1.58553
1.5951
1.60566
1.61666
1.62795
1.63939
1.65025
1.65917
1.66444
1.66481
1.66025
1.65239
1.64412
1.63803
1.6347
1.63179
1.62536
1.61196
1.59037
1.56204
1.53031
1.49921
1.47204
1.45075
1.4361
1.42817
1.42701
1.43269
1.4452
1.46428
1.48929
1.51911
1.5519
1.58511
1.6158
1.64122
1.65945
1.66968
1.67218
1.6681
1.65926
1.64798
1.63684
1.62809
1.62309
1.62154
1.62158
1.62066
1.6166
1.60828
1.59521
1.57718
1.55458
1.52908
1.50386
1.48327
1.47236
1.47588
1.49657
1.53315
1.57986
1.62836
1.67069
1.70108
1.71637
1.71566
1.69992
1.67177
1.63554
1.59717
1.56343
1.54034
1.53131
1.53632
1.5527
1.57678
1.60526
1.63585
1.6673
1.69896
1.73002
1.75886
1.78344
1.80183
1.81289
1.81634
1.81256
1.80253
1.78754
1.7692
1.74925
1.72958
1.71195
1.69783
1.68816
1.6832
1.68245
1.68472
1.68817
1.69048
1.68932
1.68331
1.6729
1.66074
1.65075
1.64631
1.64853
1.65552
1.66363
1.66909
1.66934
1.66342
1.65168
1.63546
1.61658
1.59704
1.5784
1.56125
1.54522
1.52945
1.5135
1.6336
1.6167
1.60281
1.59428
1.59213
1.59578
1.60342
1.61273
1.62174
1.62924
1.63512
1.64012
1.64559
1.65352
1.66626
1.68517
1.70855
1.73133
1.74766
1.75453
1.75338
1.74873
1.74532
1.74581
1.75022
1.75655
1.76173
1.76252
1.75652
1.74313
1.72396
1.70243
1.68259
1.66757
1.65845
1.65445
1.65405
1.65606
1.66001
1.66583
1.67325
1.6814
1.68881
1.69372
1.69467
1.69086
1.68227
1.66972
1.65476
1.63967
1.6272
1.62008
1.62018
1.62787
1.64168
1.65869
1.67538
1.68903
1.69849
1.70424
1.70785
1.71078
1.71356
1.71523
1.71376
1.70682
1.69265
1.67093
1.64329
1.61343
1.58624
1.56634
1.5565
1.55691
1.56536
1.57825
1.59188
1.60335
1.61081
1.61326
1.61048
1.60303
1.59216
1.57959
1.56697
1.55543
1.54587
1.53954
1.53817
1.5431
1.55423
1.56985
1.58739
1.60425
1.6182
1.62752
1.63093
1.6277
1.61782
1.60248
1.58463
1.56914
1.56116
1.56347
1.57522
1.59351
1.61543
1.63881
1.66182
1.68252
1.6989
1.70923
1.7124
1.70826
1.69768
1.68197
1.6622
1.63895
1.61275
1.58506
1.55871
1.53757
1.52513
1.52287
1.52931
1.54077
1.55304
1.56294
1.56886
1.57069
1.56919
1.56535
1.55991
1.55365
1.5485
1.54828
1.55736
1.57715
1.60403
1.63147
1.65381
1.66828
1.67492
1.67568
1.67321
1.66945
1.66499
1.65952
1.65268
1.64482
1.63726
1.63219
1.63224
1.63976
1.65596
1.68031
1.7107
1.74421
1.77791
1.80924
1.83606
1.85671
1.87007
1.87555
1.87326
1.86391
1.84871
1.82934
1.80778
1.78631
1.76726
1.75255
1.74301
1.73802
1.73539
1.73188
1.72391
1.70853
1.68448
1.65318
1.61912
1.58913
1.57013
1.56632
1.57765
1.60059
1.63038
1.6626
1.69361
1.72062
1.74165
1.75574
1.76274
1.76307
1.75736
1.74629
1.73079
1.71212
1.69172
1.67108
1.65156
1.63455
1.62152
1.6141
1.61366
1.62052
1.63349
1.64985
1.66599
1.67823
1.68379
1.68123
1.6708
1.65424
1.63437
1.61445
1.59755
1.58605
1.58132
1.58359
1.59195
1.60443
1.61851
1.63183
1.64293
1.65127
1.65642
1.65733
1.65229
1.63958
1.61873
1.5916
1.5627
1.53827
1.52429
1.52416
1.53771
1.56212
1.59362
1.62841
1.66292
1.69366
1.71746
1.73197
1.73632
1.73135
1.71947
1.70357
1.68627
1.66988
1.65648
1.64732
1.64179
1.63731
1.63069
1.61952
1.60308
1.58255
1.5605
1.54002
1.52364
1.51247
1.50609
1.50305
1.50168
1.50095
1.50106
1.50366
1.51088
1.52331
1.53873
1.553
1.56274
1.56681
1.56591
1.56167
1.55589
1.55031
1.54606
1.54335
1.54155
1.5398
1.53766
1.53581
1.53639
1.54216
1.55461
1.57255
1.59288
1.61242
1.62936
1.64335
1.65485
1.66439
1.67216
1.67811
1.6823
1.685
1.68606
1.68405
1.67634
1.66053
1.63629
1.60637
1.57642
1.55335
1.54269
1.54658
1.56334
1.58873
1.61771
1.64571
1.66921
1.68565
1.69349
1.69275
1.6857
1.67627
1.66771
1.66046
1.65301
1.6446
1.63618
1.62934
1.62515
1.62424
1.62701
1.63358
1.64343
1.6555
1.66857
1.68151
1.69345
1.70378
1.71226
1.71905
1.72458
1.72948
1.7344
1.73963
1.74458
1.74764
1.74669
1.73985
1.72618
1.70587
1.68006
1.65046
1.61908
1.58815
1.5602
1.53795
1.52354
1.5176
1.51879
1.52451
1.53214
1.54027
1.54951
1.56204
1.58033
1.60506
1.63417
1.66351
1.68853
1.70556
1.71249
1.7089
1.6963
1.67839
1.66068
1.64897
1.64705
1.65508
1.67
1.68742
1.70379
1.71719
1.72701
1.73303
1.73487
1.73212
1.72483
1.71366
1.69962
1.68373
1.66668
1.64899
1.63135
1.61507
1.60202
1.59401
1.59187
1.5952
1.60285
1.61381
1.62775
1.64503
1.66595
1.6902
1.7165
1.74281
1.76687
1.78678
1.80137
1.81022
1.81326
1.81033
1.80082
1.78385
1.75895
1.72736
1.69338
1.66467
1.64978
1.65357
1.67458
1.7065
1.74187
1.77428
1.79928
1.81467
1.82021
1.8172
1.80772
1.79402
1.77794
1.76091
1.74416
1.72923
1.71818
1.71349
1.71694
1.7283
1.74472
1.76179
1.77523
1.78196
1.78032
1.7697
1.74986
1.72078
1.68298
1.6382
1.58985
1.54303
1.50401
1.47927
1.47332
1.48601
1.51181
1.54227
1.56975
1.58944
1.59935
1.5997
1.59236
1.58044
1.56782
1.55849
1.55562
1.56091
1.57414
1.59316
1.61457
1.63498
1.65197
1.6646
1.67316
1.6785
1.68157
1.68306
1.68326
1.68224
1.68004
1.67694
1.67354
1.67063
1.66893
1.66885
1.67029
1.67265
1.6748
1.67551
1.67397
1.67025
1.66515
1.65988
1.65558
1.65324
1.6538
1.65798
1.66629
1.67892
1.6955
1.71501
1.73591
1.75637
1.77458
1.78905
1.79861
1.80248
1.80034
1.79238
1.77921
1.76168
1.7406
1.71685
1.69164
1.66657
1.64354
1.62444
1.61106
1.60515
1.60809
1.62018
1.64007
1.66462
1.68957
1.71042
1.72369
1.72805
1.7247
1.71642
1.70589
1.69512
1.68627
1.68223
1.68549
1.69595
1.71029
1.72357
1.73172
1.73273
1.72646
1.71407
1.69743
1.67873
1.66006
1.64298
1.62841
1.61696
1.60923
1.60585
1.60697
1.61214
1.62049
1.63118
1.64326
1.65558
1.66672
1.67534
1.68058
1.68204
1.67938
1.67196
1.65889
1.64007
1.61756
1.59583
1.57961
1.57076
1.56771
1.56756
1.56818
1.5689
1.57018
1.5732
1.57924
1.58896
1.60164
1.61476
1.62413
1.62486
1.61273
1.58584
1.54555
1.49679
1.4474
1.40649
1.38243
1.38059
1.40224
1.44478
1.50312
1.57108
1.64255
1.71222
1.77598
1.83088
1.87475
1.90593
1.92309
1.92534
1.91272
1.88694
1.85213
1.8143
1.77872
1.74735
1.71902
1.69229
1.66783
1.64839
1.63722
1.63644
1.64637
1.66575
1.69239
1.72365
1.75644
1.78734
1.81282
1.82988
1.83662
1.83246
1.81813
1.79526
1.76608
1.73307
1.69873
1.66553
1.63593
1.61235
1.59718
1.59244
1.59918
1.6166
1.64181
1.6705
1.6986
1.72366
1.74515
1.76352
1.77871
1.78945
1.79348
1.78878
1.77497
1.75388
1.72938
1.70596
1.68686
1.67275
1.66215
1.6532
1.6455
1.64019
1.63825
1.63884
1.63955
1.63825
1.63445
1.6295
1.62566
1.62485
1.62784
1.63444
1.644
1.6556
1.66799
1.6799
1.69068
1.70064
1.71089
1.72248
1.73533
1.74803
1.75859
1.76542
1.76773
1.76533
1.75855
1.74857
1.73768
1.72893
1.72479
1.72571
1.72982
1.73387
1.73485
1.73139
1.72424
1.7158
1.7088
1.70496
1.70428
1.70565
1.70816
1.71245
1.72085
1.73541
1.75555
1.7774
1.79553
1.80486
1.80206
1.78603
1.75787
1.7206
1.67842
1.63581
1.59649
1.5629
1.53621
1.51651
1.50316
1.49521
1.49189
1.4928
1.49769
1.50628
1.51833
1.53375
1.55254
1.57476
1.60015
1.62761
1.65487
1.67889
1.69672
1.70647
1.70797
1.70253
1.69207
1.67822
1.66246
1.64678
1.6336
1.62489
1.62172
1.62441
1.6333
1.64898
1.67144
1.69882
1.72744
1.753
1.77219
1.78348
1.78707
1.7842
1.77636
1.76475
1.75016
1.73333
1.71535
1.69783
1.68295
1.67335
1.67195
1.68116
1.70198
1.73254
1.76734
1.79845
1.81837
1.8229
1.81268
1.79296
1.77153
1.75536
1.74749
1.74611
1.74627
1.74287
1.73295
1.71644
1.69595
1.67612
1.66242
1.65891
1.66568
1.67858
1.69193
1.70203
1.70877
1.71494
1.72429
1.73938
1.76043
1.78555
1.81173
1.83599
1.85606
1.87077
1.87997
1.8841
1.8838
1.87937
1.87031
1.85549
1.8336
1.80415
1.76824
1.72865
1.68891
1.65252
1.62264
1.60174
1.59071
1.58784
1.5897
1.59396
1.60097
1.61198
1.62627
1.64135
1.65514
1.6675
1.67966
1.69297
1.70769
1.72252
1.73518
1.74344
1.74619
1.7438
1.73771
1.72964
1.72106
1.71284
1.7049
1.69581
1.68324
1.66532
1.6425
1.61816
1.59752
1.58496
1.58176
1.58578
1.59307
1.59982
1.60315
1.6014
1.59434
1.58336
1.57146
1.56273
1.56134
1.57025
1.59005
1.61869
1.65201
1.68501
1.71298
1.73205
1.73907
1.73177
1.70938
1.67384
1.63071
1.58791
1.55223
1.52643
1.51001
1.50195
1.50232
1.51233
1.53322
1.56466
1.60362
1.64482
1.6824
1.7118
1.73107
1.741
1.74445
1.74503
1.74524
1.74461
1.73954
1.72556
1.70086
1.66839
1.63533
1.60957
1.596
1.59621
1.61057
1.63745
1.67121
1.70376
1.7289
1.74456
1.75224
1.75468
1.75397
1.75051
1.74343
1.73168
1.71498
1.6945
1.67288
1.65362
1.6401
1.63436
1.6365
1.64474
1.65593
1.66663
1.67396
1.67632
1.67362
1.66711
1.65859
1.64935
1.63989
1.63042
1.62165
1.61484
1.61117
1.61085
1.61275
1.61495
1.61586
1.61483
1.61178
1.60631
1.59749
1.58454
1.56769
1.54841
1.52931
1.51355
1.50422
1.50346
1.51176
1.52812
1.55083
1.57829
1.60896
1.64098
1.67214
1.70021
1.72335
1.74021
1.74972
1.75099
1.74369
1.72871
1.70845
1.68632
1.66568
1.64927
1.63953
1.63922
1.65058
1.67288
1.70107
1.72805
1.74826
1.75922
1.76093
1.75465
1.7419
1.72399
1.702
1.67708
1.65072
1.6247
1.6007
1.57981
1.56259
1.54919
1.53935
1.53244
1.52772
1.52468
1.52344
1.52477
1.52937
1.5372
1.54718
1.55749
1.56647
1.57357
1.58003
1.5882
1.59991
1.61481
1.63033
1.64295
1.64982
1.64986
1.64392
1.63425
1.62368
1.61467
1.60875
1.60642
1.60754
1.61192
1.6197
1.63094
1.64506
1.66057
1.67557
1.68882
