1.09917
1.09625
1.09109
1.08342
1.07289
1.05902
1.04125
1.01891
0.991294
0.95779
0.918002
0.871946
0.820259
0.76441
0.706719
0.65019
0.598095
0.553378
0.518178
0.493528
0.479322
0.474448
0.477111
0.485168
0.496476
0.509169
0.521826
0.533511
0.543769
0.552532
0.559979
0.566369
0.571908
0.576699
0.580701
0.583794
0.585888
0.587024
0.587396
0.587334
0.587233
0.587458
0.588261
0.589798
0.592095
0.595025
0.59833
0.60162
0.604497
0.606632
0.607833
0.608121
0.607703
0.606908
0.606108
0.605612
0.605632
0.60629
0.60761
0.609516
0.611826
0.614248
0.616369
0.617778
0.618129
0.617227
0.615121
0.612127
0.608802
0.60578
0.603516
0.602042
0.600944
0.599574
0.597383
0.594189
0.590201
0.585954
0.582162
0.579561
0.578789
0.580275
0.584137
0.590153
0.597841
0.606575
0.615715
0.624687
0.633027
0.640366
0.646429
0.650984
0.653841
0.654897
0.654124
0.651591
0.647439
0.641856
0.635008
0.627054
0.618124
0.608405
0.598179
0.587851
0.577935
0.568974
0.561422
0.555555
0.551419
0.548888
0.547752
0.547871
0.549215
0.551914
0.556167
0.562153
0.569912
0.579255
0.589797
0.600994
0.612221
0.622828
0.632174
0.639662
0.644768
0.647158
0.646733
0.643596
0.638077
0.630654
0.621896
0.612404
0.602723
0.593314
0.584542
0.576712
0.570102
0.56502
0.56179
0.560805
0.56242
0.566846
0.573985
0.583361
0.594175
0.605465
0.616302
0.625903
0.633692
0.6393
0.642548
0.643409
0.642015
0.638614
0.63355
0.627231
0.620045
0.612328
0.604318
0.596198
0.588152
0.580485
0.573666
0.568314
0.565044
0.564269
0.566016
0.569873
0.575097
0.58081
0.586165
0.590486
0.593274
0.594206
0.593123
0.589994
0.584953
0.578303
0.570528
0.562328
0.554601
0.548353
0.544557
0.54395
0.546839
0.552989
0.561674
0.571835
0.58231
0.592
0.600032
0.605806
0.609016
0.609622
0.607847
0.604101
0.598937
0.593006
0.586969
0.58145
0.576956
0.573855
0.572342
0.572433
0.574004
0.576802
0.580496
0.58469
0.588943
0.592792
0.59581
0.597621
0.597958
0.596688
0.593846
0.58965
0.584519
0.579031
0.573869
0.569674
0.566867
0.565571
0.565627
0.566683
0.56833
0.570199
0.572006
0.573595
0.574917
0.575988
0.576839
0.577497
0.577973
0.578218
0.578145
0.577652
0.576633
0.575014
0.572813
0.57017
0.567441
0.565154
0.56393
0.564297
0.566542
0.570675
0.576438
0.583417
0.591112
0.598981
0.606498
0.613157
0.618506
0.622181
0.623964
0.623769
0.621658
0.617834
0.61261
0.606354
0.599481
0.592412
0.585553
0.579264
0.573816
0.569389
0.566037
0.56368
0.562155
0.561236
0.560712
0.560434
0.560338
0.560437
0.560811
0.561583
0.562826
0.564547
0.566611
0.568791
0.570778
0.572228
0.572859
0.572521
0.571227
0.569192
0.566794
0.564524
0.562818
0.561947
0.561911
0.562437
0.563114
0.563515
0.563405
0.562803
0.561946
0.561206
0.560935
0.56132
0.562294
0.563576
0.564721
0.56533
0.565188
0.564365
0.563182
0.56202
0.56108
0.560242
0.559153
0.557498
0.555183
0.552391
0.549484
0.546826
0.544668
0.543124
0.542208
0.541949
0.54244
0.543819
0.546168
0.549444
0.553376
0.557533
0.56144
0.564694
0.567012
0.568257
0.568367
0.567329
0.565119
0.561754
0.557355
0.552186
0.546675
0.541351
0.536743
0.533239
0.53101
0.530035
0.5302
0.5314
0.533603
0.536791
0.540898
0.545721
0.550962
0.5563
0.561475
0.566304
0.570652
0.574376
0.577253
0.579
0.579317
0.577947
0.574722
0.569628
0.562822
0.554632
0.545606
0.536484
0.528142
0.521477
0.517233
0.515845
0.517345
0.521398
0.527461
0.534962
0.543324
0.551956
0.560231
0.567552
0.573413
0.577495
0.579703
0.580125
0.578986
0.576605
0.573343
0.569583
0.565732
0.562181
0.559267
0.55725
0.556246
0.556294
0.557398
0.559573
0.562825
0.567072
0.572056
0.57734
0.582391
0.586711
0.589923
0.591831
0.592437
0.591904
0.590523
0.58864
0.586544
0.584406
0.582244
0.579961
0.577442
0.57464
0.571606
0.568468
0.565371
0.562477
0.559964
0.558022
0.556827
0.556468
0.556918
0.558001
0.559477
0.561115
0.562748
0.564294
0.565722
0.567009
0.568117
0.569018
0.569692
0.570161
0.570527
0.570954
0.571634
0.572748
0.574427
0.576716
0.579484
0.582513
0.585493
0.588069
0.589926
0.590762
0.590332
0.588495
0.58523
0.580692
0.575211
0.569285
0.563526
0.558599
0.555075
0.553355
0.553592
0.555696
0.559419
0.564392
0.570238
0.576602
0.583182
0.589709
0.595928
0.601598
0.606502
0.610452
0.613314
0.61501
0.615557
0.615035
0.613583
0.611358
0.608501
0.605104
0.601225
0.596913
0.592239
0.587343
0.582445
0.577814
0.573757
0.570525
0.568269
0.567
0.566565
0.566715
0.567184
0.567729
0.568212
0.568591
0.568927
0.569326
0.569945
0.570947
0.57247
0.574613
0.577393
0.580713
0.584372
0.588101
0.591597
0.594591
0.596859
0.598259
0.598733
0.598258
0.596853
0.594554
0.591379
0.587334
0.582422
0.576656
0.570072
0.562754
0.554861
0.546671
0.538609
0.531191
0.524964
0.520362
0.517567
0.516456
0.516641
0.517668
0.519192
0.521089
0.5234
0.526242
0.529746
0.534021
0.539166
0.54529
0.552433
0.560496
0.569235
0.578269
0.587166
0.595527
0.603043
0.609502
0.614741
0.618557
0.620697
0.620913
0.619105
0.615409
0.610238
0.604199
0.597978
0.592184
0.587279
0.583529
0.581002
0.579608
0.579118
0.579285
0.579872
0.580691
0.581597
0.582481
0.583215
0.583599
0.583365
0.582192
0.579772
0.575917
0.570676
0.564432
0.557885
0.551954
0.547572
0.545406
0.545681
0.548165
0.552305
0.557422
0.562894
0.568242
0.57312
0.577284
0.580557
0.582789
0.583893
0.583839
0.582698
0.580674
0.578093
0.575357
0.572851
0.570836
0.569393
0.568391
0.567583
0.566719
0.565665
0.56448
0.563419
0.5629
0.563387
0.565234
0.568581
0.573282
0.578858
0.584594
0.589659
0.593294
0.594922
0.594308
0.591595
0.587253
0.581963
0.576463
0.571371
0.567121
0.563971
0.562077
0.561571
0.562537
0.564963
0.568672
0.573309
0.578376
0.583335
0.587738
0.591321
0.594041
0.596029
0.597515
0.598741
0.599897
0.60114
0.602566
0.604227
0.606156
0.608336
0.610687
0.613047
0.615178
0.616784
0.617532
0.617107
0.615275
0.611905
0.607007
0.60075
0.593423
0.585397
0.577108
0.569032
0.561679
0.555555
0.551075
0.548508
0.547913
0.549092
0.551649
0.555057
0.558748
0.562184
0.564895
0.566507
0.566761
0.56551
0.562719
0.558502
0.55314
0.547102
0.540987
0.535427
0.530929
0.527743
0.525772
0.524665
0.523956
0.523263
0.52236
0.521246
0.520104
0.519262
0.519074
0.519857
0.521819
0.525044
0.529479
0.53494
0.541104
0.547456
0.553354
0.558131
0.561248
0.562397
0.561547
0.558924
0.554934
0.550078
0.544885
0.539866
0.535471
0.532086
0.530004
0.529442
0.530512
0.533186
0.537282
0.542496
0.548414
0.554577
0.560523
0.565828
0.570115
0.573125
0.574732
0.574985
0.574077
0.572325
0.570087
0.56767
0.565251
0.56284
0.560298
0.557452
0.55417
0.550462
0.54651
0.542699
0.539525
0.537543
0.537209
0.538827
0.54247
0.547956
0.554858
0.562567
0.570342
0.577414
0.583086
0.586787
0.588135
0.586927
0.583148
0.576909
0.56842
0.558007
0.546113
0.533298
0.520285
0.507936
0.497147
0.488758
0.483481
0.481837
0.484102
0.490193
0.499573
0.511253
0.523999
0.536553
0.547855
0.55714
0.563968
0.568219
0.570039
0.569786
0.567944
0.565035
0.561561
0.557977
0.554694
0.552076
0.550451
0.550134
0.551363
0.554265
0.558813
0.564805
0.571888
0.579573
0.587301
0.594486
0.600577
0.605118
0.607776
0.608405
0.607053
0.604019
0.599802
0.59508
0.590594
0.586963
0.584544
0.583353
0.583124
0.583475
0.584046
0.584635
0.585188
0.58575
0.586354
0.586958
0.587405
0.587433
0.586765
0.585204
0.58275
0.579614
0.576178
0.572933
0.570389
0.56902
0.56921
0.571161
0.574849
0.580008
0.586206
0.592903
0.599547
0.605621
0.610642
0.614158
0.615797
0.615286
0.612493
0.607483
0.600516
0.59207
0.582769
0.573327
0.564453
0.556743
0.550609
0.546203
0.543417
0.541919
0.541242
0.540856
0.540318
0.539364
0.537976
0.536369
0.534849
0.533646
0.532808
0.532217
0.531698
0.531111
0.530342
0.529308
0.527953
0.526293
0.524438
0.522591
0.52101
0.519946
0.519586
0.520038
0.521342
0.523496
0.526449
0.530102
0.534299
0.538782
0.543175
0.547008
0.549763
0.551007
0.55051
0.54836
0.54502
0.541282
0.538096
0.536291
0.536353
0.538382
0.542148
0.547217
0.553073
0.559185
0.565018
0.570055
0.573809
0.575844
0.575836
0.573598
0.569108
0.562504
0.554072
0.544223
0.533482
0.522444
0.511718
0.501866
0.493335
0.486397
0.481136
0.477478
0.475233
0.474139
0.47394
0.474419
0.475458
0.477062
0.479365
0.482512
0.486595
0.491564
0.497197
0.503173
0.509146
0.514791
0.519879
0.524284
0.528003
0.531148
0.533886
0.536369
0.53868
0.540824
0.542717
0.544256
0.545371
0.54608
0.546505
0.546827
0.547226
0.547778
0.548414
0.548889
0.548871
0.548055
0.546261
0.543496
0.539976
0.536074
0.53224
0.528925
0.5265
0.525201
0.525115
0.526213
0.528343
0.531291
0.534814
0.538655
0.542592
0.546438
0.550048
0.553325
0.556213
0.558687
0.560761
0.562453
0.563735
0.564533
0.564693
0.564009
0.562262
0.559315
0.555147
0.5499
0.543871
0.537485
0.531212
0.525488
0.52064
0.516816
0.51397
0.511884
0.510207
0.508535
0.506506
0.503921
0.500876
0.497803
0.495393
0.494355
0.495035
0.497186
0.500042
0.502646
0.504176
0.504162
0.50257
0.499824
0.496791
0.494676
0.494671
0.49753
0.503275
0.51125
0.520473
0.529996
0.53913
0.547439
0.554681
0.560687
0.56531
0.568402
0.569808
0.569423
0.567233
0.563341
0.558009
1.08923
1.07245
1.05118
1.02677
1.00065
0.974222
0.948741
0.925286
0.904672
0.887456
0.873899
0.864063
0.857854
0.854984
0.8549
0.856665
0.858905
0.860083
0.858933
0.85487
0.848208
0.840032
0.831892
0.825389
0.821757
0.821508
0.824369
0.829394
0.83529
0.840681
0.844441
0.845887
0.844785
0.841217
0.835454
0.827827
0.818866
0.809621
0.801977
0.798508
0.801482
0.811638
0.82795
0.848342
0.870513
0.892283
0.911813
0.927782
0.93953
0.947015
0.950686
0.951366
0.950099
0.947978
0.945935
0.944538
0.943977
0.944227
0.945384
0.947707
0.951314
0.9559
0.960803
0.965404
0.969312
0.97238
0.974494
0.975432
0.974776
0.972018
0.966807
0.959271
0.950242
0.941089
0.933116
0.926952
0.922303
0.918272
0.913941
0.908962
0.903893
0.900148
0.899369
0.902626
0.91005
0.921052
0.93467
0.949643
0.964416
0.977405
0.987324
0.993473
0.99578
0.994686
0.990943
0.985326
0.97835
0.970169
0.960731
0.949997
0.938212
0.926042
0.914461
0.904329
0.895997
0.889355
0.884369
0.881254
0.88016
0.880752
0.882274
0.88404
0.885876
0.888162
0.891538
0.896527
0.903281
0.911547
0.920759
0.930157
0.938912
0.946204
0.951322
0.953758
0.953289
0.950018
0.944356
0.936888
0.928176
0.918685
0.908772
0.898805
0.889231
0.880569
0.873388
0.868243
0.865559
0.865537
0.868103
0.872949
0.87958
0.887235
0.894785
0.900774
0.903773
0.902812
0.897728
0.889337
0.879248
0.86945
0.861794
0.857601
0.857451
0.861227
0.868211
0.877299
0.887293
0.897246
0.90669
0.915455
0.923167
0.928874
0.931194
0.929019
0.922081
0.911161
0.897911
0.884381
0.872518
0.863731
0.858665
0.857168
0.858495
0.861587
0.865344
0.868867
0.871584
0.873278
0.874
0.873957
0.873414
0.872661
0.871946
0.871453
0.87132
0.871693
0.872757
0.874667
0.877626
0.881978
0.888246
0.896907
0.907959
0.920625
0.933408
0.944625
0.952941
0.957705
0.95891
0.956997
0.95266
0.946726
0.940034
0.933442
0.927766
0.923711
0.92172
0.92178
0.923356
0.925522
0.9273
0.928006
0.927479
0.926064
0.924431
0.923349
0.923421
0.924863
0.927368
0.930088
0.931888
0.931691
0.928877
0.923483
0.916224
0.908282
0.900879
0.894964
0.891037
0.889338
0.890088
0.89369
0.900637
0.911172
0.924925
0.940814
0.957204
0.972255
0.984282
0.992064
0.994987
0.99304
0.98671
0.976879
0.964621
0.950922
0.936593
0.92217
0.90794
0.894062
0.880742
0.86831
0.857303
0.848508
0.842967
0.8418
0.846009
0.856228
0.872412
0.893456
0.917176
0.94059
0.960672
0.975032
0.982454
0.983033
0.978029
0.96955
0.959993
0.951543
0.945675
0.94296
0.943125
0.945335
0.948569
0.951884
0.954603
0.956368
0.957056
0.956703
0.955463
0.953522
0.95103
0.947853
0.943554
0.937601
0.929805
0.920626
0.911182
0.902868
0.896894
0.893861
0.893543
0.89504
0.897216
0.899138
0.900341
0.90084
0.90094
0.901041
0.901473
0.902481
0.904152
0.906431
0.908974
0.911154
0.912162
0.911422
0.90911
0.906403
0.905066
0.906438
0.910443
0.915654
0.920301
0.923215
0.924126
0.923423
0.921787
0.919879
0.918137
0.916693
0.915455
0.914193
0.912672
0.910725
0.908264
0.905281
0.901847
0.89817
0.894473
0.890923
0.887535
0.884189
0.880602
0.876478
0.871582
0.865882
0.859593
0.853142
0.847069
0.841896
0.837983
0.835519
0.834548
0.83515
0.837531
0.841933
0.848423
0.856688
0.86601
0.87546
0.884089
0.891067
0.895705
0.897456
0.895997
0.891361
0.884092
0.875292
0.866559
0.859716
0.856466
0.858015
0.86473
0.876072
0.890794
0.907273
0.923782
0.938693
0.950573
0.958297
0.961182
0.959121
0.952497
0.942024
0.928497
0.912785
0.895891
0.87926
0.864768
0.854452
0.849956
0.851864
0.859367
0.870534
0.882994
0.894688
0.904274
0.911141
0.915193
0.916609
0.915694
0.912863
0.908644
0.903644
0.898491
0.893724
0.889715
0.886509
0.88368
0.880308
0.875179
0.86708
0.855205
0.839426
0.820433
0.799639
0.779071
0.761417
0.750029
0.748134
0.756957
0.774324
0.795762
0.816997
0.835351
0.849617
0.859372
0.864515
0.865131
0.861592
0.85468
0.845549
0.835523
0.825794
0.817173
0.81001
0.80434
0.800069
0.797245
0.796144
0.797203
0.800726
0.806612
0.814292
0.822961
0.831854
0.840425
0.84842
0.8559
0.863138
0.870493
0.878219
0.886313
0.894527
0.902506
0.90987
0.916259
0.921345
0.924835
0.926505
0.926287
0.924346
0.9211
0.917132
0.913058
0.909392
0.906463
0.904322
0.902777
0.901364
0.899436
0.896239
0.890989
0.882991
0.871839
0.857606
0.841037
0.823579
0.807188
0.79395
0.7855
0.782538
0.784664
0.790646
0.798963
0.808313
0.817888
0.827376
0.836709
0.845753
0.854107
0.86117
0.866297
0.869107
0.869547
0.867935
0.864907
0.861332
0.858214
0.856563
0.85712
0.860127
0.865225
0.871579
0.878183
0.884174
0.889105
0.893057
0.896556
0.900339
0.905034
0.910861
0.917478
0.924011
0.929226
0.9319
0.93125
0.927276
0.920782
0.913063
0.905354
0.898268
0.891701
0.885032
0.877637
0.869221
0.859964
0.85045
0.841505
0.833951
0.828426
0.82533
0.824864
0.827149
0.832193
0.839799
0.849449
0.860341
0.87158
0.882356
0.892055
0.900303
0.906954
0.912075
0.915833
0.918298
0.919312
0.918505
0.915404
0.909698
0.901475
0.891543
0.881516
0.873701
0.870425
0.873067
0.88137
0.893564
0.907271
0.920385
0.931555
0.940066
0.945619
0.948179
0.947944
0.945318
0.94079
0.934905
0.928152
0.920974
0.913749
0.906783
0.900251
0.894176
0.88839
0.882625
0.876608
0.870185
0.863479
0.856914
0.851157
0.846948
0.844913
0.845415
0.848441
0.853654
0.860486
0.868282
0.876441
0.884461
0.891842
0.898036
0.902474
0.904749
0.904857
0.903272
0.900866
0.89857
0.8969
0.895623
0.893697
0.889685
0.882289
0.870794
0.85535
0.837094
0.817993
0.80049
0.786948
0.77912
0.777833
0.782866
0.79313
0.807084
0.823182
0.840204
0.857292
0.873776
0.888998
0.90227
0.912983
0.920648
0.924907
0.925508
0.922311
0.915437
0.905584
0.894382
0.884522
0.878973
0.879437
0.885122
0.893107
0.900246
0.904747
0.906421
0.90593
0.903875
0.900342
0.894956
0.887186
0.876742
0.863764
0.84889
0.833117
0.817569
0.803314
0.791178
0.781603
0.774619
0.769846
0.766619
0.764157
0.761812
0.759289
0.756723
0.754707
0.754101
0.755821
0.76061
0.768939
0.780828
0.795624
0.811969
0.828078
0.84226
0.853263
0.860333
0.863082
0.861418
0.855645
0.846528
0.835173
0.822643
0.809773
0.797368
0.786791
0.78011
0.779512
0.786244
0.799931
0.818777
0.84045
0.86293
0.884902
0.905741
0.925159
0.94273
0.957657
0.968775
0.974869
0.975078
0.969302
0.958437
0.944299
0.929277
0.915676
0.905199
0.898715
0.89633
0.897696
0.902402
0.910153
0.920639
0.933217
0.946699
0.959353
0.969193
0.974317
0.973262
0.965152
0.949879
0.928318
0.90256
0.875876
0.852192
0.834847
0.825407
0.823418
0.827128
0.834547
0.844076
0.854595
0.865249
0.875266
0.883937
0.890677
0.895126
0.89709
0.896522
0.89345
0.888074
0.880985
0.873265
0.866352
0.861537
0.859369
0.859396
0.86047
0.861378
0.861246
0.859678
0.856651
0.852351
0.847092
0.841226
0.835121
0.829109
0.823502
0.818595
0.814798
0.812682
0.812926
0.816087
0.822298
0.831154
0.841837
0.853444
0.865223
0.876694
0.887668
0.898127
0.908097
0.91749
0.926068
0.933397
0.938882
0.941881
0.941774
0.938079
0.930593
0.919533
0.905603
0.890044
0.874569
0.861173
0.851775
0.847824
0.849825
0.857138
0.868127
0.880643
0.892653
0.902735
0.910366
0.915889
0.920059
0.923428
0.925935
0.926946
0.925667
0.921577
0.914686
0.905478
0.894677
0.882973
0.871002
0.859515
0.849629
0.842828
0.84052
0.843275
0.850263
0.859411
0.868126
0.874135
0.876122
0.873992
0.868779
0.862272
0.856379
0.852483
0.851058
0.851714
0.85353
0.855476
0.856791
0.857231
0.857094
0.857077
0.857866
0.859857
0.862973
0.86676
0.870589
0.873919
0.876465
0.878203
0.879342
0.880274
0.881475
0.88334
0.885958
0.889028
0.891855
0.893592
0.893539
0.891471
0.887871
0.883897
0.88106
0.880707
0.883394
0.888573
0.894771
0.900212
0.903428
0.903611
0.900663
0.89504
0.887499
0.878943
0.870299
0.862511
0.8566
0.853649
0.854661
0.860075
0.869343
0.880904
0.892701
0.902847
0.910092
0.913929
0.91445
0.912163
0.907858
0.902504
0.897088
0.892445
0.889022
0.886842
0.885613
0.884975
0.884629
0.884402
0.884242
0.884176
0.884274
0.884614
0.885264
0.886243
0.887511
0.888995
0.890585
0.892102
0.893287
0.893776
0.893151
0.891048
0.88733
0.882203
0.876328
0.870789
0.866862
0.865654
0.867712
0.872842
0.880175
0.888431
0.896206
0.90226
0.905684
0.905943
0.902902
0.896797
0.88811
0.877336
0.86489
0.851163
0.836685
0.822312
0.809344
0.799359
0.794005
0.794548
0.801369
0.813656
0.829597
0.846985
0.863921
0.879239
0.892456
0.903399
0.911829
0.917191
0.918677
0.915566
0.907641
0.895495
0.880584
0.864789
0.849865
0.837172
0.827727
0.822147
0.820439
0.821985
0.825906
0.831564
0.838744
0.847493
0.857699
0.868843
0.880118
0.890582
0.899297
0.90527
0.907439
0.90492
0.897546
0.886706
0.875689
0.868522
0.867288
0.870626
0.875187
0.878112
0.878199
0.875631
0.871336
0.866368
0.861504
0.857091
0.853014
0.848799
0.843791
0.83738
0.829341
0.820186
0.811318
0.804773
0.802608
0.806098
0.814997
0.827487
0.841015
0.853356
0.863251
0.870351
0.87487
0.877442
0.879049
0.880946
0.884414
0.890193
0.898158
0.907504
0.917197
0.926393
0.934511
0.941101
0.945874
0.948719
0.949694
0.94893
0.946534
0.942538
0.937025
0.93027
0.922925
0.916237
0.911982
0.912073
0.917738
0.928614
0.94255
0.956585
1.11068
1.11657
1.11715
1.11324
1.10584
1.09588
1.08412
1.07124
1.0579
1.04478
1.03249
1.02147
1.0119
1.00383
0.997333
0.992718
0.990471
0.991031
0.994395
0.999904
1.00632
1.01228
1.0168
1.01937
1.01981
1.01801
1.01409
1.00857
1.00225
0.995946
0.990106
0.984816
0.979838
0.97478
0.969183
0.962702
0.955199
0.946681
0.937363
0.927735
0.91862
0.910953
0.905342
0.901712
0.899384
0.897651
0.896428
0.896462
0.899041
0.905344
0.915785
0.92983
0.946358
0.964229
0.982619
1.00106
1.01915
1.03622
1.05114
1.06239
1.06844
1.06837
1.06226
1.05138
1.03779
1.02373
1.011
1.0006
0.992989
0.988264
0.986395
0.987132
0.989718
0.992768
0.994671
0.994176
0.990981
0.985843
0.980171
0.975376
0.972276
0.97085
0.970486
0.97066
0.971412
0.973254
0.97653
0.980885
0.985389
0.989195
0.992046
0.994087
0.995439
0.995977
0.995511
0.994023
0.991798
0.989371
0.987184
0.985144
0.98263
0.979146
0.975031
0.971482
0.969898
0.971121
0.975028
0.98072
0.986927
0.992497
0.996812
0.999937
1.00258
1.00573
1.01017
1.01616
1.02329
1.03069
1.03727
1.04199
1.04403
1.04294
1.03864
1.03132
1.02131
1.0091
0.995413
0.981368
0.96838
0.957913
0.951106
0.948575
0.950268
0.955584
0.963481
0.972618
0.981548
0.988979
0.99385
0.995438
0.993388
0.987782
0.979211
0.968795
0.957999
0.948254
0.940444
0.934578
0.930014
0.926151
0.923114
0.922021
0.924443
0.931179
0.941433
0.953278
0.964932
0.975575
0.9852
0.993994
1.00186
1.00826
1.01251
1.01409
1.0128
1.00878
1.00225
0.993324
0.981996
0.968421
0.953098
0.937023
0.921464
0.907629
0.896475
0.888668
0.884519
0.883869
0.88604
0.889974
0.89461
0.899331
0.904193
0.90987
0.917323
0.927331
0.940076
0.95488
0.970248
0.984111
0.994416
0.999797
1.00013
0.996603
0.991296
0.986316
0.983029
0.981691
0.981755
0.982344
0.982717
0.982331
0.980711
0.977458
0.972415
0.965926
0.958853
0.952312
0.947206
0.943854
0.9419
0.940756
0.940262
0.940918
0.943613
0.949023
0.957192
0.967565
0.979262
0.991229
1.00233
1.01145
1.01773
1.02078
1.02077
1.01832
1.01413
1.00867
1.00223
0.995053
0.987578
0.980352
0.973786
0.967864
0.962123
0.955992
0.949213
0.942098
0.935441
0.930101
0.926619
0.925191
0.925879
0.92876
0.933853
0.940913
0.949338
0.958271
0.966868
0.974584
0.981492
0.988398
0.996431
1.00623
1.01741
1.02865
1.03823
1.04454
1.0464
1.04318
1.03496
1.02248
1.00709
0.990527
0.974697
0.961308
0.951602
0.946127
0.94475
0.946869
0.951717
0.958617
0.966977
0.976222
0.985738
0.99492
1.0032
1.01015
1.01543
1.01873
1.01991
1.01903
1.01653
1.01308
1.00941
1.00591
1.00253
0.998761
0.994078
0.988496
0.982873
0.978636
0.976969
0.978131
0.981457
0.985781
0.989878
0.992791
0.993995
0.993576
0.99223
0.991008
0.990892
0.99243
0.995533
0.999587
1.00372
1.00713
1.00932
1.01023
1.01015
1.00954
1.00871
1.00766
1.00597
1.00307
0.998566
0.99254
0.985602
0.978649
0.972387
0.966866
0.961352
0.954558
0.945159
0.93219
0.915322
0.895152
0.873445
0.853079
0.83743
0.829141
0.829072
0.836116
0.847928
0.861995
0.876317
0.88956
0.900854
0.909666
0.915708
0.919007
0.919913
0.91913
0.917598
0.916377
0.916461
0.918615
0.923276
0.930454
0.939658
0.949874
0.959778
0.968069
0.973809
0.976549
0.976229
0.97302
0.967273
0.95958
0.950934
0.942818
0.93703
0.935404
0.939289
0.949132
0.9642
0.982651
1.002
1.01971
1.03361
1.04226
1.04505
1.04228
1.03514
1.02569
1.01642
1.00953
1.00615
1.00605
1.00789
1.00995
1.01062
1.00875
1.00389
0.996396
0.987519
0.979055
0.972748
0.969574
0.969523
0.971992
0.976481
0.982887
0.991272
1.00135
1.01237
1.02319
1.03263
1.0397
1.04392
1.04506
1.04297
1.0375
1.02866
1.01689
1.00327
0.989532
0.977678
0.969458
0.965728
0.966039
0.968653
0.971077
0.971016
0.967412
0.96095
0.953729
0.948216
0.946108
0.947796
0.95259
0.959303
0.966744
0.973939
0.980132
0.984766
0.987452
0.987979
0.98646
0.983471
0.979977
0.977031
0.975456
0.975657
0.977644
0.9811
0.985511
0.990272
0.994834
0.998839
1.00217
1.00482
1.00671
1.00752
1.00661
1.00344
0.997932
0.990736
0.98305
0.97625
0.971378
0.968905
0.968848
0.971243
0.976495
0.985069
0.996636
1.00968
1.02194
1.03136
1.03662
1.03717
1.033
1.02445
1.01199
0.996242
0.978072
0.95883
0.94053
0.925597
0.916012
0.912203
0.912845
0.915684
0.918751
0.921103
0.922891
0.924983
0.928428
0.933924
0.941441
0.950185
0.958798
0.96584
0.97029
0.971854
0.971017
0.96893
0.967154
0.967376
0.970969
0.978534
0.989631
1.00283
1.01618
1.02769
1.0356
1.03852
1.03558
1.02654
1.01201
0.993463
0.973043
0.953018
0.935237
0.920875
0.910365
0.903445
0.899252
0.896627
0.894733
0.893504
0.893507
0.895391
0.899368
0.905153
0.912251
0.920326
0.929239
0.938843
0.948865
0.958996
0.96902
0.978825
0.98818
0.996483
1.0026
1.00514
1.00289
0.995319
0.982814
0.966625
0.948522
0.9302
0.912879
0.897284
0.884178
0.874822
0.870642
0.872291
0.879211
0.890333
0.904942
0.922828
0.943789
0.967093
0.991394
1.01507
1.03662
1.05488
1.0689
1.07794
1.08147
1.07952
1.07268
1.06224
1.04987
1.03728
1.02568
1.01553
1.00657
0.998355
0.990659
0.983885
0.979
0.977041
0.97842
0.982514
0.987885
0.992786
0.995581
0.994898
0.989666
0.979144
0.963019
0.941644
0.916446
0.890501
0.868697
0.856698
0.858267
0.872968
0.896643
0.923854
0.949963
0.971964
0.988627
1.00016
1.0077
1.01274
1.01662
1.02023
1.02376
1.02672
1.02805
1.02646
1.02078
1.01027
0.994901
0.975363
0.953033
0.929777
0.907674
0.888738
0.874591
0.866216
0.863769
0.866521
0.873025
0.881509
0.890257
0.898018
0.904201
0.908994
0.913181
0.9177
0.923197
0.929741
0.936807
0.943559
0.949259
0.953542
0.956494
0.958551
0.960325
0.962372
0.965011
0.968321
0.972257
0.976831
0.98232
0.9893
0.998484
1.0104
1.02501
1.04141
1.05796
1.07256
1.08315
1.08811
1.0866
1.07863
1.06522
1.04826
1.03032
1.01412
1.00202
0.995534
0.995022
0.999816
1.00866
1.0201
1.0328
1.04562
1.05756
1.06765
1.07497
1.07869
1.07824
1.07336
1.06429
1.05185
1.03733
1.02232
1.0083
0.996263
0.986364
0.97799
0.970196
0.962314
0.95445
0.947162
0.940661
0.934326
0.92725
0.919319
0.911711
0.906545
0.905887
0.910978
0.921918
0.937876
0.95745
0.978917
1.00036
1.01974
1.03502
1.04443
1.04701
1.0431
1.03453
1.02387
1.01299
1.00219
0.991005
0.979629
0.96936
0.961732
0.957351
0.9558
0.956377
0.958613
0.962181
0.96663
0.971338
0.975636
0.978954
0.980946
0.981536
0.980868
0.979187
0.976737
0.973823
0.970857
0.968191
0.965901
0.963722
0.961258
0.958274
0.954797
0.951096
0.947549
0.944575
0.942634
0.942141
0.943316
0.946032
0.949795
0.953988
0.958108
0.961987
0.965877
0.970344
0.975943
0.982831
0.990508
0.997876
1.00366
1.00684
1.00701
1.00442
0.999899
0.994711
0.990253
0.987831
0.988385
0.992235
0.998944
1.00733
1.01563
1.02193
1.02455
1.0224
1.01519
1.00338
0.988067
0.970748
0.953125
0.936885
0.923356
0.913337
0.907152
0.904929
0.906649
0.911998
0.920092
0.929456
0.938383
0.945497
0.950164
0.952595
0.953562
0.954003
0.954606
0.955633
0.956886
0.957877
0.95796
0.956625
0.953752
0.949812
0.945865
0.94318
0.942688
0.944548
0.948195
0.952678
0.957011
0.960356
0.962242
0.962688
0.96204
0.960534
0.958029
0.954116
0.948495
0.941242
0.932804
0.923839
0.915115
0.907462
0.901816
0.899217
0.90075
0.907283
0.919039
0.935336
0.954532
0.974446
0.993061
1.00907
1.02213
1.03266
1.04136
1.04867
1.05453
1.05858
1.06057
1.06064
1.05931
1.0571
1.05419
1.05035
1.04518
1.03849
1.03041
1.02143
1.01215
1.00313
0.994777
0.987178
0.980155
0.973523
0.967415
0.962459
0.959675
0.960129
0.964481
0.972689
0.983943
0.996921
1.01013
1.02221
1.03217
1.03938
1.04354
1.04461
1.04279
1.0386
1.03303
1.02744
1.02315
1.02056
1.01888
1.01645
1.01172
1.0038
0.99262
0.978847
0.963868
0.94967
0.938655
0.933146
0.934701
0.94349
0.958074
0.975794
0.9936
1.00889
1.02005
1.02649
1.02852
1.02697
1.02283
1.01694
1.00974
1.0013
0.991462
0.98016
0.967673
0.954759
0.942367
0.931176
0.921396
0.913041
0.906548
0.903112
0.904263
0.91072
0.921494
0.934222
0.946315
0.955991
0.962463
0.965604
0.965518
0.962275
0.95605
0.947317
0.936976
0.926122
0.915697
0.906306
0.898263
0.891643
0.886295
0.881866
0.878072
0.874946
0.872957
0.872855
0.875271
0.88035
0.887622
0.896112
0.904646
0.912226
0.918321
0.922871
0.926051
0.927953
0.92843
0.927371
0.92514
0.922849
0.922115
0.924417
0.930476
0.939941
0.951488
0.963189
0.973107
0.979951
0.983499
0.984499
0.984274
0.984149
0.985053
0.987327
0.990828
0.995243
1.00035
1.00619
1.01298
1.02087
1.02951
1.03801
1.04513
1.0499
1.05196
1.05169
1.04998
1.04775
1.04564
1.04381
1.04204
1.03991
1.03712
1.03356
1.02923
1.02412
1.01806
1.01082
1.00238
0.993241
0.984516
0.977656
0.973901
0.9737
0.976645
0.981769
0.988079
0.994754
1.00113
1.00657
1.01059
1.01297
1.01383
1.01359
1.01277
1.01194
1.01149
1.01147
1.0115
1.01081
1.00854
1.00424
0.99809
0.991008
0.98437
0.979475
0.977012
0.976785
0.977772
0.978504
0.977389
0.97308
0.964943
0.95351
1.08589
1.07067
1.05829
1.05118
1.05049
1.05605
1.06655
1.07994
1.09396
1.10656
1.11625
1.12236
1.12504
1.1251
1.12342
1.12035
1.11537
1.10772
1.09744
1.08612
1.07611
1.06865
1.06294
1.05719
1.05047
1.0433
1.03672
1.03152
1.02817
1.02741
1.03024
1.03723
1.0478
1.06018
1.07203
1.08144
1.0874
1.08975
1.08888
1.08547
1.08047
1.07525
1.07128
1.06969
1.07067
1.07341
1.07684
1.0802
1.08327
1.08607
1.08871
1.09137
1.09436
1.09834
1.10419
1.11261
1.12344
1.13515
1.14502
1.14987
1.14736
1.13707
1.12126
1.10437
1.09058
1.08125
1.07468
1.06831
1.0605
1.051
1.0405
1.03011
1.0206
1.01207
1.00409
0.996092
0.987882
0.979731
0.972381
0.967015
0.965203
0.968643
0.978662
0.995689
1.01887
1.04606
1.07432
1.10048
1.12163
1.13539
1.13992
1.13411
1.11798
1.09344
1.06487
1.03842
1.01939
1.0095
1.00667
1.0075
1.00982
1.01335
1.01886
1.02701
1.03761
1.04955
1.0611
1.07037
1.07571
1.07591
1.07053
1.05991
1.04519
1.02829
1.01157
0.997319
0.986805
0.979922
0.975469
0.971998
0.968585
0.965241
0.96282
0.962601
0.965756
0.972868
0.983682
0.997192
1.012
1.02673
1.04044
1.0528
1.0641
1.07476
1.08469
1.09315
1.09915
1.10186
1.10076
1.09568
1.087
1.07598
1.06454
1.05446
1.04677
1.04187
1.03998
1.0412
1.04529
1.0515
1.05864
1.0654
1.07072
1.07382
1.0742
1.07164
1.06624
1.05855
1.04958
1.04064
1.03289
1.02709
1.02358
1.02239
1.02334
1.02606
1.02992
1.0342
1.03849
1.04306
1.04881
1.05658
1.06623
1.07653
1.08584
1.0931
1.09811
1.10143
1.10393
1.1064
1.10935
1.11292
1.11688
1.12059
1.12318
1.12368
1.12133
1.11587
1.10766
1.09758
1.08679
1.07654
1.06794
1.06198
1.05938
1.06044
1.06483
1.07142
1.07847
1.08397
1.08635
1.08496
1.08037
1.07418
1.06852
1.06537
1.06592
1.07021
1.077
1.08417
1.0894
1.09091
1.08802
1.08129
1.07209
1.06197
1.05222
1.04383
1.03772
1.03476
1.03532
1.03899
1.04472
1.05143
1.05837
1.0652
1.07169
1.07756
1.08243
1.08592
1.08768
1.0875
1.08543
1.08184
1.07745
1.07326
1.07025
1.06909
1.06986
1.07211
1.07514
1.07824
1.08104
1.08343
1.08545
1.08701
1.08784
1.0876
1.08601
1.08316
1.0795
1.07584
1.07298
1.07142
1.0711
1.07139
1.07132
1.06967
1.06519
1.05684
1.04404
1.02695
1.00665
0.985353
0.966575
0.954791
0.953992
0.965723
0.988145
1.01698
1.04725
1.07467
1.09624
1.11035
1.11671
1.11608
1.11014
1.10112
1.09136
1.08282
1.07653
1.07233
1.06906
1.06498
1.05847
1.04851
1.03504
1.01913
1.00284
0.988779
0.979343
0.976037
0.979111
0.987681
1.00009
1.01431
1.02836
1.04078
1.0509
1.05875
1.06463
1.06868
1.07074
1.07048
1.06755
1.0618
1.05346
1.04329
1.03256
1.02278
1.01526
1.01108
1.01087
1.01388
1.01751
1.01909
1.01802
1.01569
1.0137
1.01244
1.01112
1.00879
1.00536
1.00189
1.00001
1.00115
1.00582
1.01348
1.02262
1.0311
1.03682
1.03842
1.0357
1.02959
1.02168
1.01365
1.00682
1.00198
0.999398
0.99905
1.00094
1.00521
1.01197
1.02093
1.03129
1.04184
1.05122
1.05824
1.06219
1.06309
1.06179
1.0598
1.05901
1.06103
1.06656
1.07513
1.08546
1.09599
1.10546
1.11318
1.11907
1.12339
1.12647
1.12839
1.12889
1.12746
1.12352
1.11663
1.10677
1.09454
1.08119
1.06853
1.05849
1.05276
1.0525
1.05814
1.06925
1.08449
1.10171
1.1183
1.13184
1.14069
1.14439
1.14371
1.14028
1.13597
1.13234
1.13022
1.12972
1.13043
1.13176
1.1332
1.13445
1.13543
1.13604
1.13609
1.13519
1.13287
1.12876
1.12283
1.11569
1.10841
1.1023
1.0985
1.09762
1.0997
1.10454
1.11198
1.12187
1.1336
1.14575
1.15612
1.16235
1.16271
1.1568
1.14596
1.1329
1.12062
1.11103
1.1041
1.09829
1.09185
1.08411
1.07583
1.06849
1.06327
1.06058
1.06012
1.06124
1.06323
1.06557
1.06807
1.07091
1.07425
1.07777
1.08055
1.08159
1.08053
1.07784
1.0745
1.07142
1.069
1.06717
1.06581
1.06502
1.06506
1.06599
1.06751
1.0689
1.06929
1.06795
1.06457
1.05936
1.05299
1.04627
1.04002
1.03492
1.03151
1.03028
1.03166
1.03576
1.04174
1.04741
1.04955
1.04542
1.03434
1.01852
1.00267
0.991932
0.989148
0.993654
1.00276
1.01428
1.02768
1.04307
1.05962
1.0751
1.08682
1.09298
1.09342
1.08952
1.08354
1.07781
1.07397
1.07285
1.07451
1.07861
1.08466
1.09208
1.1002
1.10826
1.11547
1.12108
1.12468
1.12634
1.12672
1.12683
1.12757
1.12924
1.13128
1.13247
1.13162
1.12811
1.12202
1.11403
1.10511
1.09622
1.08842
1.08294
1.08134
1.08506
1.09467
1.10916
1.12587
1.14127
1.1518
1.15458
1.14796
1.13207
1.1094
1.08432
1.06151
1.04381
1.03176
1.02461
1.02141
1.02139
1.02404
1.02919
1.0368
1.04645
1.05721
1.06787
1.07739
1.08534
1.0919
1.09767
1.10324
1.10897
1.11486
1.12058
1.12566
1.12951
1.13145
1.13076
1.12685
1.1196
1.10936
1.09686
1.08307
1.0692
1.05702
1.04859
1.04504
1.04558
1.0482
1.05111
1.05345
1.05522
1.05691
1.05918
1.06218
1.0649
1.06545
1.06254
1.05628
1.04795
1.03911
1.03131
1.02623
1.02537
1.02926
1.03714
1.04744
1.05855
1.06933
1.07924
1.08824
1.09647
1.10373
1.10914
1.11116
1.10838
1.1004
1.08831
1.07443
1.06129
1.05077
1.04394
1.04143
1.04373
1.05105
1.06265
1.07658
1.09
1.10002
1.10445
1.10237
1.09442
1.08285
1.07098
1.06187
1.05701
1.0562
1.05856
1.06358
1.07123
1.08132
1.09304
1.105
1.11577
1.12424
1.12968
1.13151
1.1292
1.12254
1.11221
1.10012
1.08906
1.08177
1.07965
1.08201
1.08641
1.08996
1.09057
1.08752
1.08144
1.07396
1.06708
1.06235
1.06021
1.06024
1.0618
1.06437
1.06754
1.07074
1.07327
1.07451
1.0741
1.07211
1.06892
1.06487
1.05992
1.05364
1.04533
1.03432
1.02022
1.00301
0.983132
0.961698
0.940577
0.92224
0.909118
0.90284
0.903865
0.911654
0.925111
0.942937
0.963834
0.98654
1.00982
1.03255
1.0537
1.07249
1.0885
1.10166
1.11227
1.12084
1.12809
1.1349
1.14231
1.15131
1.16248
1.17562
1.18963
1.20295
1.2142
1.22248
1.22746
1.2293
1.22859
1.22629
1.22344
1.22089
1.21892
1.21711
1.2144
1.20954
1.2015
1.18978
1.17458
1.15666
1.13728
1.11813
1.10103
1.08743
1.07773
1.071
1.06539
1.05901
1.05071
1.0404
1.02901
1.01817
1.00966
1.00475
1.00366
1.00559
1.00919
1.01323
1.01693
1.01996
1.02218
1.02352
1.02411
1.02422
1.02412
1.02385
1.02321
1.02188
1.01957
1.0161
1.01148
1.00608
1.00089
0.99723
0.996364
0.999079
1.00563
1.01575
1.02866
1.04302
1.05715
1.0693
1.07793
1.08208
1.08164
1.07743
1.07092
1.06372
1.05711
1.05176
1.0478
1.04487
1.04231
1.03922
1.0348
1.02868
1.02135
1.01434
1.01004
1.01136
1.02052
1.03748
1.05934
1.08169
1.10085
1.11503
1.12415
1.12914
1.13128
1.1319
1.13223
1.13324
1.13544
1.13873
1.14245
1.14556
1.14696
1.14581
1.14181
1.1352
1.12667
1.11703
1.10704
1.0973
1.08842
1.08117
1.07662
1.076
1.08031
1.08977
1.10351
1.1196
1.13564
1.14963
1.16057
1.16861
1.17461
1.17929
1.18259
1.18351
1.18087
1.17414
1.16404
1.15233
1.14063
1.1295
1.11837
1.10634
1.09312
1.07949
1.0671
1.05794
1.05355
1.05443
1.05994
1.06881
1.0796
1.09105
1.10212
1.11183
1.11938
1.12417
1.12608
1.12563
1.12402
1.12282
1.1234
1.12623
1.13055
1.13472
1.13681
1.13516
1.1288
1.11762
1.10251
1.0853
1.06838
1.05413
1.04421
1.03925
1.03884
1.04183
1.04678
1.05221
1.05685
1.05975
1.06042
1.05893
1.05588
1.05227
1.04922
1.04764
1.04794
1.04993
1.05299
1.05634
1.05935
1.06156
1.06254
1.06191
1.05922
1.05418
1.04692
1.03807
1.02882
1.02048
1.01409
1.0097
1.00652
1.00355
1.00038
0.997263
0.994835
0.993908
0.995177
0.998872
1.00454
1.01119
1.01748
1.02217
1.02429
1.02336
1.01943
1.01324
1.0062
1.00045
0.998577
1.00304
1.01528
1.03493
1.05952
1.08514
1.10752
1.12317
1.12995
1.12722
1.11588
1.09807
1.07669
1.05462
1.03434
1.01773
1.00602
0.999685
0.998501
1.00177
1.00846
1.01736
1.02693
1.03538
1.04108
1.0431
1.04164
1.0376
1.03229
1.02707
1.02329
1.02211
1.02426
1.0297
1.03771
1.04713
1.0568
1.06569
1.0729
1.07764
1.07937
1.07817
1.07494
1.07131
1.06894
1.06886
1.07087
1.07365
1.07536
1.07452
1.07057
1.06382
1.05504
1.04517
1.03529
1.02682
1.02144
1.0206
1.02508
1.03447
1.04722
1.0612
1.07448
1.08562
1.09333
1.09617
1.0929
1.08316
1.06781
1.04899
1.02971
1.01322
1.00182
0.995987
0.994526
0.995572
0.997488
0.999293
1.0008
1.00252
1.00544
1.01027
1.01678
1.02372
1.02984
1.03493
1.03994
1.04602
1.05366
1.06257
1.07219
1.08221
1.09279
1.10427
1.11664
1.12924
1.14078
1.14971
1.15472
1.15522
1.15148
1.14445
1.13521
1.12453
1.11266
1.09971
1.08592
1.07175
1.05777
1.04447
1.0321
1.02062
1.00979
0.99947
0.990087
0.982789
0.979235
0.980872
0.988206
1.0005
1.01606
1.0328
1.11514
1.12828
1.13828
1.14553
1.15068
1.15427
1.15642
1.15674
1.15469
1.14992
1.14263
1.13357
1.12417
1.11631
1.11206
1.11289
1.11898
1.129
1.14048
1.15063
1.15706
1.15836
1.15428
1.14547
1.13261
1.11582
1.09509
1.07157
1.04899
1.03333
1.03041
1.04264
1.06774
1.10043
1.13495
1.16664
1.19228
1.21
1.21891
1.21891
1.21065
1.19549
1.17563
1.15398
1.13355
1.11642
1.10323
1.09371
1.08793
1.08694
1.09212
1.10364
1.11956
1.13652
1.15125
1.16173
1.16743
1.16905
1.16805
1.16591
1.16361
1.16154
1.15973
1.15818
1.15675
1.1551
1.15246
1.14762
1.13928
1.12649
1.10925
1.08893
1.06827
1.05077
1.03966
1.03681
1.04248
1.0555
1.07382
1.09488
1.11611
1.13516
1.14982
1.15809
1.15863
1.15166
1.13942
1.12544
1.11288
1.10322
1.09672
1.0935
1.09402
1.0984
1.10581
1.11429
1.12146
1.12556
1.12602
1.12337
1.11865
1.11298
1.10737
1.10268
1.09917
1.09644
1.09374
1.09052
1.08685
1.0836
1.08237
1.08525
1.09417
1.11002
1.13199
1.15755
1.18297
1.20443
1.21887
1.22443
1.22045
1.20751
1.18743
1.16339
1.13975
1.12105
1.11015
1.10703
1.10924
1.11363
1.11775
1.12024
1.12045
1.11814
1.11331
1.10621
1.09751
1.08864
1.08179
1.07928
1.0822
1.08975
1.10004
1.11141
1.12271
1.13285
1.14045
1.14413
1.14295
1.13666
1.12558
1.11035
1.09201
1.07289
1.05755
1.05164
1.05824
1.07541
1.09798
1.12105
1.14179
1.15952
1.17481
1.18851
1.20094
1.21171
1.2198
1.22416
1.22402
1.21917
1.20994
1.19708
1.18151
1.16407
1.14535
1.1257
1.10543
1.08499
1.06506
1.04649
1.03035
1.01788
1.0105
1.00963
1.01591
1.02847
1.04451
1.06002
1.07126
1.076
1.07421
1.0679
1.06019
1.05383
1.04994
1.04775
1.04533
1.04064
1.03246
1.02113
1.00867
0.998476
0.994024
0.997365
1.00824
1.02447
1.04311
1.06144
1.0775
1.09036
1.09993
1.10677
1.11156
1.11484
1.11689
1.11794
1.11832
1.11843
1.11872
1.1198
1.12252
1.12786
1.13634
1.14741
1.15926
1.16932
1.17516
1.17548
1.17049
1.16174
1.15113
1.14003
1.12882
1.11756
1.10691
1.0986
1.09499
1.09784
1.10713
1.12065
1.13484
1.14615
1.15214
1.15215
1.14722
1.13964
1.13228
1.12772
1.12739
1.1311
1.13721
1.1432
1.14661
1.14579
1.14056
1.13243
1.12424
1.11913
1.11952
1.12634
1.13886
1.15504
1.17222
1.18802
1.20082
1.20976
1.21459
1.21558
1.21344
1.20911
1.20339
1.1966
1.18851
1.17858
1.16638
1.15224
1.13753
1.1244
1.11491
1.11024
1.11031
1.11437
1.12175
1.13217
1.14526
1.16009
1.17485
1.18718
1.19482
1.19642
1.1921
1.18325
1.17181
1.1593
1.1465
1.13381
1.12181
1.11163
1.10467
1.1019
1.10331
1.10774
1.11358
1.11936
1.12408
1.1271
1.12785
1.12591
1.1213
1.11469
1.1072
1.10006
1.09452
1.092
1.09404
1.10163
1.11445
1.1309
1.14878
1.16603
1.18102
1.19265
1.20024
1.20341
1.20192
1.19561
1.18451
1.16905
1.15022
1.12962
1.10926
1.09113
1.07694
1.0679
1.06454
1.06643
1.07195
1.07848
1.08311
1.08359
1.07915
1.07065
1.06014
1.05014
1.04282
1.03952
1.04055
1.04544
1.05325
1.06289
1.0733
1.08357
1.09299
1.10112
1.10767
1.11233
1.11454
1.11347
1.10827
1.09857
1.08527
1.07099
1.0594
1.0534
1.05352
1.05796
1.06419
1.07042
1.07581
1.08013
1.08325
1.08503
1.08528
1.08399
1.08145
1.07837
1.07584
1.07517
1.07751
1.08362
1.09374
1.1076
1.12429
1.14227
1.15956
1.17393
1.18317
1.18546
1.17981
1.16639
1.14664
1.1229
1.09793
1.07422
1.05347
1.03657
1.02416
1.01727
1.01739
1.02589
1.04283
1.06629
1.09266
1.11772
1.13773
1.15039
1.1551
1.1529
1.14621
1.13824
1.13216
1.13016
1.13276
1.1387
1.14548
1.15032
1.15093
1.14625
1.13688
1.12507
1.11415
1.10719
1.10553
1.10828
1.11311
1.11776
1.1211
1.12304
1.12394
1.12412
1.1237
1.12259
1.12063
1.1177
1.11394
1.10958
1.10469
1.09918
1.09311
1.08706
1.0821
1.07944
1.08009
1.08454
1.09252
1.10301
1.11414
1.12362
1.12935
1.13056
1.12852
1.12624
1.12703
1.13289
1.14379
1.15799
1.17307
1.18685
1.19789
1.20566
1.21013
1.21127
1.2088
1.20235
1.19192
1.17852
1.16443
1.15268
1.14571
1.14377
1.14453
1.14427
1.1398
1.1298
1.11517
1.09845
1.08252
1.06931
1.05886
1.0495
1.03878
1.02506
1.00878
0.992981
0.982314
0.98066
0.989164
1.0061
1.02823
1.05213
1.07493
1.09428
1.10832
1.11577
1.116
1.10951
1.0983
1.08618
1.07795
1.07717
1.08419
1.09663
1.11165
1.12774
1.14483
1.16311
1.18205
1.19992
1.2144
1.22331
1.22533
1.22016
1.20857
1.19214
1.1728
1.15246
1.13286
1.11574
1.10288
1.09575
1.09502
1.10008
1.10904
1.11937
1.12874
1.13577
1.14026
1.14291
1.14458
1.1457
1.14596
1.14475
1.14169
1.13698
1.13146
1.12623
1.12212
1.11942
1.11781
1.11644
1.11427
1.11052
1.10513
1.09899
1.09397
1.09224
1.09525
1.10286
1.11356
1.12536
1.13646
1.1454
1.15102
1.15236
1.1488
1.14019
1.12701
1.11051
1.09264
1.07595
1.06327
1.05709
1.05866
1.06719
1.08017
1.09441
1.10731
1.11742
1.12425
1.1279
1.12865
1.12675
1.12231
1.11525
1.10539
1.09272
1.07776
1.06181
1.04681
1.03476
1.02714
1.02443
1.02614
1.03129
1.03877
1.04763
1.05704
1.06619
1.0744
1.08107
1.08573
1.08797
1.08758
1.08468
1.08006
1.07532
1.07273
1.0744
1.08127
1.09248
1.1058
1.11861
1.12868
1.13446
1.13521
1.13093
1.12254
1.11183
1.10126
1.09314
1.08852
1.08673
1.08575
1.08345
1.07854
1.0708
1.06099
1.0504
1.04055
1.03283
1.0281
1.02648
1.0271
1.02835
1.02853
1.02677
1.0237
1.02137
1.02243
1.02887
1.04126
1.05861
1.07897
1.1001
1.11992
1.13681
1.14975
1.15845
1.16324
1.16464
1.16289
1.15788
1.1498
1.13998
1.13108
1.12624
1.12717
1.1329
1.14032
1.14591
1.14725
1.14351
1.13506
1.12308
1.10934
1.09591
1.08475
1.07719
1.07368
1.07368
1.07593
1.07869
1.0801
1.07846
1.07256
1.06179
1.04615
1.02621
1.00308
0.978493
0.954928
0.935423
0.923082
0.920448
0.928873
0.948155
0.976403
1.0103
1.04567
1.07824
1.10455
1.12277
1.13282
1.13591
1.13368
1.12761
1.11883
1.10837
1.09725
1.08619
1.07562
1.06633
1.06045
1.06113
1.07021
1.08614
1.10481
1.12235
1.1365
1.14641
1.15179
1.15253
1.14852
1.13974
1.12659
1.11026
1.09293
1.07752
1.06681
1.0625
1.06476
1.07253
1.08415
1.09785
1.11196
1.12502
1.13572
1.14306
1.14641
1.14552
1.14054
1.13186
1.12014
1.10631
1.09172
1.07814
1.06732
1.0605
1.05805
1.05948
1.06387
1.07038
1.07854
1.08816
1.09926
1.11181
1.12554
1.13979
1.15339
1.16472
1.17192
1.17343
1.16865
1.15828
1.1443
1.12892
1.11348
1.0981
1.0823
1.06567
1.04827
1.03116
1.01678
1.00812
1.00674
1.01154
1.01979
1.02868
1.03628
1.04153
1.04413
1.04446
1.04337
1.04186
1.04074
1.04046
1.04133
1.04371
1.04799
1.05432
1.06229
1.07092
1.07889
1.08485
1.08768
1.08668
1.08176
1.07344
1.06277
1.05124
1.0404
1.03162
1.02587
1.02373
1.02544
1.0309
1.03967
1.05099
1.06406
1.07819
1.09287
1.10756
1.12155
1.13412
1.14472
1.15302
1.15872
1.16151
1.1611
1.1575
1.15114
1.143
1.13458
1.12759
1.12362
1.1236
1.1274
1.13385
1.14125
1.14792
1.15254
1.15417
1.15209
1.14579
1.13517
1.12086
1.10455
1.08897
1.07735
1.07241
1.07505
1.08367
1.09465
1.10401
1.10889
1.10821
1.10236
1.09237
1.07923
1.06354
1.04556
1.0256
1.00433
0.983007
0.963376
0.947459
0.937099
0.933334
0.935929
0.943491
0.95439
0.967779
0.983812
1.00281
1.02409
1.04561
1.06488
1.08012
1.09089
1.09795
1.10273
1.10663
1.11052
1.11447
1.1179
1.11997
1.12015
1.11855
1.11611
1.11431
1.11482
1.11894
1.12725
1.13944
1.15437
1.17029
1.18512
1.19674
1.20324
1.20331
1.19669
1.18461
1.16955
1.15436
1.14112
1.13074
1.1232
1.11798
1.11419
1.11077
1.10694
1.10268
1.09879
1.0966
1.09743
1.10199
1.11009
1.12048
1.13109
1.13945
1.14327
1.14115
1.13287
1.1195
1.10297
1.08572
1.07026
1.05902
1.05386
1.05507
1.06051
1.06616
1.06801
1.06397
1.05456
1.04215
1.02985
1.02038
1.01538
1.01511
1.01871
1.02514
1.03382
1.04454
1.05666
1.06904
1.08077
1.09176
1.10248
1.11329
1.12399
1.13395
1.14252
1.14909
1.15305
1.15376
1.15082
1.14425
1.13461
1.12293
1.11035
1.09804
1.08719
1.07886
1.07384
1.07241
1.07442
1.07949
1.08704
1.0961
1.10504
1.11153
1.11297
1.10722
1.09383
1.07463
1.05355
1.03496
1.02201
1.01591
1.01658
1.02327
1.03494
1.05029
1.06811
1.08749
1.10781
1.12823
1.14731
1.16298
1.17305
1.17597
1.17141
1.16046
1.1453
1.1286
1.1129
1.10015
1.09145
1.08689
1.08582
1.08717
1.08978
1.09256
1.0946
1.09525
1.09435
1.09248
1.09073
1.09025
1.09147
1.09392
1.09656
1.09862
1.10024
1.1025
1.10683
1.11417
1.12438
1.13637
1.14872
1.16022
1.17007
1.17775
1.18273
1.18439
1.18199
1.17504
1.16362
1.14876
1.08509
1.07133
1.06156
1.05669
1.05602
1.05769
1.05953
1.05994
1.05851
1.05599
1.05389
1.05382
1.05678
1.06279
1.07078
1.07916
1.08658
1.09246
1.097
1.10073
1.10409
1.10731
1.11051
1.11395
1.11805
1.1234
1.13062
1.13989
1.15049
1.1607
1.16841
1.17193
1.17056
1.16455
1.15474
1.14222
1.12842
1.11518
1.10471
1.09913
1.09991
1.1073
1.12022
1.13673
1.15473
1.1724
1.18835
1.2015
1.21096
1.21612
1.21676
1.2131
1.20572
1.19542
1.18314
1.16988
1.15674
1.14477
1.13488
1.12772
1.1236
1.1223
1.12304
1.12451
1.12526
1.12402
1.12017
1.11393
1.10619
1.098
1.08992
1.08173
1.07287
1.06307
1.05289
1.04355
1.0362
1.03125
1.02801
1.02504
1.02096
1.01547
1.00987
1.00654
1.00746
1.01314
1.02265
1.03435
1.04636
1.0568
1.06416
1.06779
1.06845
1.06813
1.06928
1.07367
1.08149
1.09141
1.10126
1.10913
1.11421
1.1169
1.11843
1.12016
1.12264
1.12539
1.1272
1.12671
1.12265
1.11384
1.09895
1.07683
1.04785
1.01588
0.988314
0.972119
0.968928
0.975369
0.987108
1.00082
1.01367
1.0233
1.02973
1.03698
1.04993
1.06803
1.0848
1.09431
1.09531
1.09028
1.08303
1.0771
1.07513
1.0787
1.08836
1.10334
1.12131
1.13879
1.15232
1.15945
1.15906
1.15119
1.13673
1.11724
1.09496
1.07263
1.05314
1.03875
1.03056
1.02819
1.03001
1.03372
1.03727
1.03952
1.04052
1.04123
1.04279
1.04567
1.04941
1.05317
1.05657
1.06008
1.06508
1.07344
1.08656
1.10386
1.12259
1.13922
1.15111
1.15731
1.15823
1.15505
1.14894
1.14056
1.13001
1.1172
1.10222
1.08562
1.06834
1.05154
1.03642
1.02424
1.01635
1.01412
1.01855
1.02978
1.04671
1.06701
1.08746
1.10473
1.1161
1.12011
1.11681
1.10761
1.09489
1.08121
1.06853
1.05768
1.04845
1.04016
1.03249
1.02591
1.02161
1.02077
1.02364
1.02931
1.03633
1.0439
1.05245
1.0631
1.07639
1.09145
1.10661
1.12057
1.1329
1.14313
1.15031
1.15353
1.1527
1.14867
1.14259
1.1353
1.12705
1.11762
1.10677
1.09466
1.08211
1.07037
1.0606
1.05323
1.04763
1.04238
1.03575
1.02632
1.01333
0.997032
0.978911
0.96172
0.949109
0.944545
0.949824
0.963949
0.983471
1.0039
1.02146
1.03406
1.04151
1.0451
1.04704
1.0497
1.05457
1.06177
1.07016
1.07813
1.08449
1.08894
1.09205
1.09491
1.09875
1.10461
1.11293
1.12318
1.1336
1.1415
1.14407
1.13923
1.1262
1.10557
1.07928
1.05064
1.02418
1.00466
0.994765
0.993398
0.996681
1.0007
1.00325
1.0039
1.00327
1.00241
1.00235
1.0039
1.0075
1.0132
1.02061
1.02897
1.03756
1.0464
1.05647
1.06886
1.08345
1.09838
1.11133
1.12072
1.12613
1.12812
1.12786
1.12674
1.12564
1.12451
1.12261
1.11927
1.11449
1.10897
1.10358
1.09892
1.09541
1.09338
1.09298
1.09397
1.09552
1.09682
1.09746
1.09727
1.09564
1.09128
1.08312
1.07173
1.05982
1.05138
1.04962
1.05545
1.06719
1.08163
1.09541
1.1061
1.11268
1.11548
1.11577
1.11514
1.11483
1.11532
1.11618
1.11635
1.11451
1.10935
1.09998
1.08648
1.07039
1.05464
1.04271
1.03724
1.03906
1.04719
1.05961
1.07402
1.08825
1.10057
1.10998
1.11616
1.11925
1.11964
1.11773
1.11386
1.10844
1.10205
1.0954
1.08935
1.08478
1.08238
1.08246
1.08489
1.08895
1.09357
1.09746
1.09945
1.09873
1.0953
1.08995
1.08417
1.07963
1.07757
1.07848
1.08224
1.08845
1.09663
1.10632
1.11679
1.12685
1.13498
1.13965
1.13985
1.13538
1.12682
1.11538
1.10254
1.08989
1.07898
1.0712
1.06764
1.06883
1.07449
1.08331
1.0932
1.10207
1.10848
1.11197
1.11284
1.11176
1.10937
1.10607
1.10187
1.09666
1.09061
1.08443
1.07932
1.07651
1.07668
1.0795
1.08367
1.08728
1.0884
1.08572
1.07906
1.06965
1.05986
1.05252
1.04973
1.05213
1.05884
1.06819
1.07869
1.08945
1.10002
1.11001
1.11879
1.12575
1.13027
1.13207
1.13122
1.12831
1.12444
1.12097
1.1192
1.12009
1.12399
1.13045
1.13815
1.14515
1.14959
1.15027
1.14695
1.14035
1.13188
1.12333
1.11647
1.11277
1.11291
1.11659
1.12259
1.12905
1.13394
1.1354
1.13216
1.12397
1.11201
1.09878
1.08696
1.07784
1.07092
1.06508
1.06017
1.05752
1.05904
1.06518
1.07378
1.08154
1.08633
1.08805
1.08781
1.08677
1.08549
1.08369
1.08039
1.07439
1.06507
1.05347
1.04268
1.03696
1.03935
1.04973
1.06539
1.0831
1.10058
1.11669
1.13102
1.14348
1.15401
1.1624
1.16827
1.17122
1.17085
1.16701
1.15977
1.14949
1.13688
1.12323
1.11043
1.10047
1.09456
1.09251
1.0928
1.09328
1.09208
1.08834
1.08251
1.0761
1.07072
1.06733
1.06592
1.06576
1.06567
1.06414
1.05993
1.05259
1.04304
1.03344
1.02639
1.02367
1.02517
1.02907
1.033
1.03525
1.03507
1.03252
1.02797
1.02206
1.01572
1.01025
1.00695
1.00661
1.00904
1.01335
1.01863
1.02447
1.03077
1.03741
1.04414
1.05061
1.05645
1.06118
1.06407
1.06415
1.06057
1.05318
1.04294
1.03175
1.02164
1.01401
1.00948
1.00829
1.01043
1.01551
1.02255
1.03021
1.03703
1.04166
1.04304
1.04047
1.03371
1.02318
1.01009
0.996848
0.986829
0.983299
0.987466
0.997581
1.01015
1.02212
1.03215
1.04058
1.04875
1.05813
1.06966
1.08331
1.09805
1.11206
1.12337
1.1305
1.13289
1.13084
1.12523
1.11725
1.10834
1.10017
1.09447
1.09262
1.09537
1.10262
1.11346
1.12632
1.13929
1.15064
1.15916
1.16425
1.16572
1.16356
1.15782
1.14871
1.13663
1.12215
1.10602
1.0893
1.07332
1.05938
1.04821
1.03967
1.03304
1.02793
1.0253
1.02724
1.03515
1.04781
1.06191
1.07442
1.08418
1.09188
1.09925
1.10801
1.11895
1.13147
1.14376
1.1535
1.15871
1.15804
1.15087
1.13737
1.11863
1.09665
1.07406
1.05348
1.03674
1.02463
1.01715
1.01408
1.01526
1.02072
1.03059
1.04508
1.0643
1.08788
1.11471
1.14268
1.16896
1.19055
1.2049
1.21037
1.20641
1.19365
1.17373
1.14909
1.12229
1.09521
1.06869
1.04289
1.01806
0.99491
0.974313
0.957091
0.944084
0.936291
0.934536
0.938943
0.948675
0.962187
0.977587
0.992897
1.00631
1.01646
1.02276
1.02572
1.02704
1.02896
1.03325
1.04035
1.04939
1.05889
1.06751
1.07438
1.07902
1.0813
1.08122
1.0791
1.07564
1.07212
1.07006
1.07084
1.07511
1.08278
1.09348
1.10677
1.12175
1.13651
1.14825
1.15423
1.15265
1.14302
1.12608
1.10366
1.07846
1.05391
1.03362
1.02062
1.01659
1.02135
1.03314
1.0495
1.0681
1.08724
1.10579
1.12272
1.13684
1.14681
1.15147
1.15037
1.14418
1.13468
1.12426
1.11513
1.10869
1.10531
1.10443
1.10501
1.10587
1.10604
1.10513
1.1032
1.10063
1.09763
1.09406
1.08947
1.08336
1.07562
1.06676
1.05778
1.04997
1.04457
1.0424
1.04371
1.04811
1.05488
1.06328
1.07266
1.08233
1.0915
1.09923
1.10468
1.10736
1.10735
1.1053
1.10217
1.09891
1.09609
1.09384
1.09188
1.08995
1.08809
1.08663
1.08599
1.08644
1.08803
1.09045
1.09312
1.09542
1.09685
1.09738
1.09756
1.09825
1.10023
1.10386
1.1091
1.11556
1.12287
1.13081
1.13941
1.14863
1.15802
1.16641
1.17216
1.17372
1.17007
1.16105
1.14728
1.13001
1.11087
1.09176
1.07462
1.06117
1.05246
1.04845
1.04793
1.04894
1.04961
1.0489
1.04694
1.04488
1.04423
1.04625
1.05136
1.05896
1.06763
1.07561
1.08144
1.08454
1.08534
1.0849
1.08415
1.08318
1.08119
1.07705
1.07024
1.06108
1.05048
1.03935
1.0285
1.01917
1.01332
1.01315
1.01989
1.03306
1.05073
1.07013
1.08846
1.10348
1.11403
1.12039
1.12397
1.12679
1.13061
1.13634
1.14383
1.15207
1.15961
1.16496
1.16697
1.16509
1.15958
1.15136
1.14163
1.13145
1.12157
1.11261
1.10512
1.09968
1.09684
1.09684
1.09943
1.10388
1.10938
1.11545
1.1221
1.12957
1.1379
1.14644
1.15385
1.15841
1.15868
1.15404
1.14498
1.13295
1.11997
1.10799
1.09849
1.0921
1.08847
1.08636
1.08409
1.08037
1.07511
1.0697
1.06634
1.06633
1.06877
1.07067
1.06872
1.06152
1.05107
1.04245
1.04075
1.04736
1.05945
1.07271
1.0838
1.09081
1.09318
1.09155
1.0873
1.08188
1.07603
1.06961
1.06205
1.05288
1.0423
1.03123
1.0212
1.01383
1.01037
1.01133
1.01656
1.02537
1.03679
1.04975
1.06306
1.07537
1.08533
1.09181
1.0942
1.09275
1.08858
1.08347
1.07945
1.07807
1.0799
1.08439
1.09008
1.09508
1.09752
1.09589
1.0893
1.07779
1.06259
1.04612
1.03146
1.02133
1.01695
1.01781
1.02214
1.02784
1.03313
1.03687
1.0386
1.03836
1.03652
1.03353
1.02974
1.02549
1.02131
1.01825
1.0176
1.02024
1.02628
1.0356
1.04836
1.06472
1.08389
1.10373
1.12153
1.13536
1.14473
1.15005
1.15172
1.14997
1.14518
1.1381
1.12963
1.12057
1.11167
1.10389
1.09852
1.09695
1.09989
1.10657
1.1147
1.12124
1.12343
1.11953
1.10928
1.09397
1.07633
1.05978
1.04736
1.04059
1.03915
1.04128
1.04466
1.04717
1.04725
1.04426
1.03859
1.03157
1.02493
1.02021
1.01831
1.0196
1.02425
1.03242
1.04408
1.05863
1.07484
1.09107
1.10577
1.11796
1.12741
1.1346
1.14035
1.14525
1.14918
1.15141
1.15108
1.14756
1.09356
1.08465
1.07435
1.06384
1.05442
1.04721
1.04277
1.04115
1.04189
1.04425
1.04743
1.05084
1.05437
1.05836
1.06319
1.06881
1.07454
1.07902
1.0807
1.07828
1.07106
1.05931
1.04446
1.02889
1.01532
1.00594
1.00189
1.00334
1.00982
1.02054
1.03442
1.0502
1.06646
1.08185
1.09522
1.10587
1.11369
1.11904
1.12228
1.12304
1.12015
1.11231
1.09905
1.08114
1.06025
1.03821
1.01639
0.995469
0.975748
0.95764
0.941972
0.929799
0.921907
0.918339
0.9183
0.920571
0.924057
0.927979
0.931895
0.935626
0.939298
0.943239
0.947853
0.953423
0.959896
0.9668
0.973308
0.978537
0.981948
0.983738
0.984861
0.986658
0.990316
0.996394
1.00478
1.01483
1.02562
1.03608
1.04526
1.05249
1.05759
1.06076
1.06246
1.06301
1.06248
1.0608
1.05794
1.05411
1.04975
1.04535
1.04138
1.03825
1.0363
1.03578
1.03676
1.03902
1.042
1.04504
1.04775
1.05031
1.05337
1.05761
1.06316
1.06919
1.07403
1.07578
1.07312
1.06586
1.05502
1.04251
1.0306
1.02128
1.01575
1.01406
1.01541
1.01861
1.02258
1.02679
1.0312
1.03621
1.04225
1.04962
1.05848
1.0688
1.08047
1.09326
1.10655
1.11924
1.12984
1.13667
1.13825
1.13361
1.12235
1.10493
1.08262
1.0574
1.03164
1.00782
0.988108
0.97399
0.966026
0.96366
0.965535
0.969993
0.975585
0.981408
0.987175
0.993096
0.999571
1.00686
1.01486
1.02304
1.03065
1.03694
1.04146
1.04419
1.04562
1.04645
1.0474
1.04908
1.05204
1.05686
1.06398
1.0735
1.08492
1.09725
1.1092
1.11957
1.12749
1.13244
1.13423
1.13291
1.12874
1.12219
1.11411
1.10566
1.0982
1.09288
1.09017
1.08959
1.08978
1.08905
1.08595
1.07964
1.06993
1.05711
1.04182
1.02508
1.00857
0.994899
0.987185
0.987876
0.997495
1.01459
1.03664
1.06092
1.08511
1.1074
1.12648
1.14144
1.1516
1.15655
1.1561
1.15022
1.13912
1.1232
1.10332
1.08091
1.05804
1.03716
1.02064
1.0101
1.00586
1.00664
1.01021
1.01438
1.01804
1.02151
1.02612
1.0333
1.04361
1.05629
1.06958
1.08138
1.09004
1.09468
1.09536
1.09298
1.08907
1.0854
1.08337
1.08359
1.08583
1.08934
1.09306
1.09589
1.097
1.09594
1.0926
1.087
1.07942
1.07075
1.06264
1.05703
1.05536
1.05784
1.06328
1.06969
1.07479
1.07646
1.07319
1.06474
1.05256
1.03957
1.02876
1.02165
1.01813
1.01776
1.02085
1.02822
1.04013
1.05528
1.07091
1.08361
1.0905
1.08996
1.08172
1.06671
1.04685
1.02505
1.00501
0.990608
0.984579
0.987604
0.998496
1.01519
1.03553
1.05748
1.07913
1.09876
1.11489
1.12669
1.13415
1.13821
1.14054
1.1429
1.14636
1.1508
1.1551
1.15766
1.1571
1.15264
1.14425
1.13254
1.11861
1.10381
1.08962
1.07772
1.06982
1.06712
1.06946
1.07512
1.08157
1.08657
1.08887
1.08818
1.08473
1.0789
1.07102
1.06112
1.04906
1.03485
1.01942
1.00514
0.995209
0.9918
0.994546
1.0011
1.00908
1.01706
1.02455
1.03142
1.03758
1.04306
1.04824
1.05369
1.05966
1.06548
1.06964
1.07051
1.06723
1.06026
1.05125
1.04243
1.03595
1.03316
1.03414
1.03762
1.04146
1.04348
1.04209
1.03665
1.02736
1.01515
1.00158
0.988667
0.978669
0.973631
0.974716
0.98173
0.99319
1.00686
1.02038
1.03174
1.03956
1.04334
1.04344
1.04098
1.03746
1.03447
1.03328
1.03466
1.03884
1.0455
1.05383
1.06268
1.07079
1.07687
1.07986
1.07907
1.07446
1.06676
1.05734
1.04788
1.03995
1.03439
1.0311
1.02918
1.0274
1.02492
1.02176
1.01881
1.01739
1.01841
1.02186
1.02679
1.03173
1.03538
1.03715
1.03743
1.03749
1.03883
1.04229
1.04745
1.05292
1.05718
1.05933
1.05927
1.05737
1.05382
1.04831
1.03993
1.02779
1.01206
0.995057
0.98162
0.977922
0.988135
1.01126
1.04163
1.07233
1.09786
1.11484
1.12168
1.11815
1.10525
1.08508
1.06086
1.03663
1.01655
1.00377
0.999522
1.00302
1.01232
1.02522
1.03967
1.05381
1.06604
1.07565
1.08316
1.08985
1.09653
1.10271
1.10704
1.1084
1.10653
1.102
1.09575
1.0886
1.08116
1.07402
1.06795
1.06399
1.06337
1.06708
1.07481
1.08419
1.09148
1.09332
1.08825
1.07685
1.06107
1.04353
1.02705
1.01442
1.00753
1.00639
1.00924
1.01354
1.01707
1.01842
1.01704
1.01319
1.00765
1.00152
0.996033
0.992411
0.991693
0.994413
1.00033
1.00839
1.01718
1.02551
1.03292
1.03952
1.04539
1.05006
1.05265
1.05242
1.04932
1.04413
1.03825
1.03328
1.03061
1.03107
1.03467
1.04074
1.04833
1.05659
1.06495
1.07321
1.08145
1.08981
1.09813
1.1057
1.11118
1.11291
1.10954
1.10072
1.08746
1.07194
1.05687
1.04463
1.03656
1.03276
1.03255
1.03498
1.03908
1.0438
1.04819
1.05167
1.05425
1.05647
1.05891
1.0616
1.06384
1.0645
1.06248
1.05716
1.04875
1.03846
1.02841
1.02077
1.01666
1.01558
1.01599
1.01636
1.01579
1.01396
1.01087
1.00688
1.00275
0.999642
0.998586
1.00008
1.00396
1.00989
1.01774
1.02753
1.03898
1.05126
1.06323
1.07373
1.08187
1.08706
1.0891
1.08809
1.08442
1.07871
1.07167
1.06402
1.05644
1.04966
1.04444
1.04141
1.04074
1.04192
1.04386
1.04542
1.04608
1.04602
1.0459
1.04621
1.04726
1.0496
1.05415
1.06168
1.07196
1.08361
1.09473
1.10361
1.10902
1.11007
1.10593
1.09612
1.08113
1.0629
1.04433
1.0281
1.0157
1.00747
1.00351
1.00405
1.00904
1.01748
1.02748
1.03705
1.04485
1.05047
1.05423
1.05681
1.0589
1.06096
1.06317
1.06554
1.06806
1.07068
1.07329
1.07557
1.07701
1.07715
1.07584
1.07336
1.07011
1.06624
1.06168
1.0564
1.05069
1.04492
1.03926
1.0336
1.02785
1.02229
1.01747
1.01406
1.01274
1.01395
1.01776
1.02347
1.02965
1.03443
1.03619
1.03422
1.02895
1.02164
1.01377
1.00648
1.00055
0.996687
0.995818
0.998872
1.0061
1.01648
1.02775
1.03717
1.04257
1.04323
1.04012
1.0356
1.03236
1.03231
1.03586
1.04173
1.04762
1.0515
1.05318
1.05523
1.06105
1.0709
1.08077
1.08597
1.08458
1.0777
1.06782
1.05718
1.04715
1.03803
1.02949
1.02095
1.01219
1.00374
0.99707
0.994074
0.996264
1.00384
1.0154
1.02841
1.04029
1.04923
1.05461
1.05659
1.05547
1.05137
1.04443
1.03509
1.02427
1.01316
1.00278
0.993829
0.98675
0.982059
0.980655
0.983749
0.992395
1.00675
1.02561
1.04672
1.06739
1.08523
1.09856
1.10656
1.10934
1.10775
1.1031
1.09679
1.08994
1.08317
1.07664
1.07038
1.06459
1.05984
1.05676
1.05562
1.05599
1.05704
1.05817
1.05954
1.06207
1.06681
1.07416
1.0836
1.09372
1.10279
1.10919
1.11179
1.1101
1.10439
1.09573
1.08562
1.07569
1.06709
1.06018
1.05465
1.04986
1.04519
1.04028
1.03508
1.02991
1.0252
1.02135
1.01848
1.01659
1.01587
1.01686
1.02015
1.02568
1.03247
1.03911
1.04449
1.04811
1.05007
1.05079
1.05079
1.05051
1.05023
1.05005
1.05006
1.05049
1.05166
1.0537
1.05625
1.05845
1.05921
1.05771
1.05357
1.04694
1.03843
1.02913
1.02022
1.01245
1.00574
0.999371
0.992626
0.985458
0.978748
0.974188
0.973875
0.979553
0.991359
1.00703
1.02267
1.03461
1.04073
1.04065
1.03515
1.02553
1.01328
0.999985
0.987329
0.977183
0.971415
0.97141
0.977599
0.989219
1.00447
1.02098
1.03652
1.04944
1.05881
1.0643
1.06598
1.06426
1.06004
1.0548
1.05028
1.04754
1.04651
1.04636
1.04647
1.04688
1.04819
1.05085
1.0548
1.05934
1.06328
1.06539
1.06479
1.0613
1.0554
1.04796
1.03988
1.03169
1.0236
1.01553
1.00741
0.99931
0.99149
0.984196
0.977673
0.972338
0.968897
0.968202
0.970997
0.977415
0.986807
0.997865
1.00888
1.01812
1.0243
1.02693
1.02649
1.02443
1.02283
1.02394
1.02966
1.04091
1.05705
1.07578
1.09403
1.10925
1.12014
1.12668
1.12966
1.13018
1.12922
1.12733
1.12449
1.12011
1.11328
1.1032
1.08948
1.07249
1.05337
1.0339
1.01623
1.00229
0.993441
0.990452
0.993645
1.00297
1.01786
1.03701
1.05851
1.08016
1.09987
1.11595
1.12714
1.13272
1.1326
1.12721
1.11734
1.10419
1.08942
1.07499
1.06278
1.05417
1.04973
1.04925
1.05199
1.05702
1.0634
1.07044
1.07777
1.0853
1.09292
1.10017
1.10611
1.10962
1.10987
1.10683
1.10159
1.09608
1.09202
1.0898
1.08786
1.08357
1.07464
1.06025
1.04136
1.02021
0.999475
0.981359
0.967169
0.957399
0.952116
0.951338
0.955127
0.96347
0.976184
0.992859
1.01274
1.0346
1.05674
1.0772
1.09414
1.1063
1.11312
1.11479
1.11207
1.10617
1.09865
1.09123
1.0854
1.08206
1.08102
1.08106
1.08044
1.07773
1.07219
1.06347
1.05145
1.03639
1.01939
1.00257
0.98885
0.981575
0.983921
0.997712
1.0221
1.05324
1.08557
1.1138
1.13405
1.14424
1.14378
1.13328
1.11451
1.09036
1.06478
1.04229
1.02689
1.02087
1.02422
1.03514
1.05118
1.07017
1.09057
1.11153
1.13264
1.15334
1.17257
1.18896
1.20122
1.2086
1.21089
1.20837
1.20169
1.19169
1.17946
1.16617
1.15305
1.1413
1.13189
1.12544
1.12213
1.12163
1.12315
1.12544
1.12698
1.12622
1.12221
1.11527
1.10716
1.1005
1.09754
1.09902
1.10368
1.10909
1.11273
1.11289
1.10894
1.10112
1.0903
1.07772
1.0647
1.05227
1.04084
1.03015
1.01964
1.009
1.08907
1.0778
1.06854
1.06285
1.06142
1.06385
1.06895
1.07516
1.08116
1.08616
1.09008
1.09341
1.09706
1.10235
1.11084
1.12345
1.13904
1.15422
1.16511
1.16969
1.16892
1.16582
1.16355
1.16387
1.16681
1.17104
1.17449
1.17501
1.17102
1.16209
1.1493
1.13495
1.12173
1.11171
1.10563
1.10297
1.1027
1.10404
1.10667
1.11055
1.1155
1.12093
1.12587
1.12915
1.12978
1.12724
1.12152
1.11315
1.10318
1.09311
1.0848
1.08005
1.08012
1.08525
1.09445
1.10579
1.11692
1.12602
1.13232
1.13616
1.13856
1.14052
1.14237
1.14349
1.14251
1.13788
1.12843
1.11395
1.09553
1.07562
1.05749
1.04422
1.03767
1.03794
1.04357
1.05217
1.06125
1.0689
1.07387
1.07551
1.07366
1.06869
1.06144
1.05306
1.04464
1.03695
1.03058
1.02636
1.02545
1.02873
1.03615
1.04657
1.05826
1.0695
1.0788
1.08501
1.08728
1.08513
1.07854
1.06832
1.05642
1.04609
1.04077
1.04231
1.05015
1.06234
1.07696
1.09254
1.10788
1.12168
1.1326
1.13949
1.1416
1.13884
1.13179
1.12131
1.10813
1.09263
1.07516
1.0567
1.03914
1.02505
1.01675
1.01524
1.01954
1.02718
1.03536
1.04196
1.04591
1.04713
1.04613
1.04357
1.03994
1.03577
1.03233
1.03219
1.03824
1.05143
1.06935
1.08765
1.10254
1.11219
1.11661
1.11712
1.11547
1.11297
1.11
1.10635
1.10179
1.09655
1.09151
1.08812
1.08816
1.09317
1.10397
1.12021
1.14047
1.16281
1.18527
1.20616
1.22404
1.23781
1.24672
1.25037
1.24884
1.2426
1.23248
1.21956
1.20519
1.19087
1.17818
1.16836
1.16201
1.15868
1.15693
1.15459
1.14927
1.13902
1.12299
1.10212
1.07942
1.05942
1.04675
1.04422
1.05176
1.06706
1.08692
1.1084
1.12907
1.14708
1.1611
1.17049
1.17516
1.17538
1.17158
1.16419
1.15386
1.14142
1.12781
1.11405
1.10104
1.0897
1.08102
1.07607
1.07577
1.08035
1.08899
1.0999
1.11066
1.11882
1.12252
1.12082
1.11386
1.10283
1.08958
1.0763
1.06503
1.05736
1.05421
1.05573
1.0613
1.06962
1.07901
1.08789
1.09529
1.10085
1.10428
1.10488
1.10153
1.09305
1.07915
1.06107
1.0418
1.02551
1.01619
1.01611
1.02514
1.04142
1.06241
1.08561
1.10861
1.1291
1.14497
1.15465
1.15754
1.15424
1.14632
1.13571
1.12418
1.11325
1.10432
1.09821
1.09452
1.09154
1.08713
1.07968
1.06872
1.05503
1.04033
1.02668
1.01576
1.00831
1.00406
1.00203
1.00112
1.00063
1.00071
1.00244
1.00725
1.01554
1.02582
1.03533
1.04183
1.04454
1.04394
1.04111
1.03726
1.03354
1.03071
1.0289
1.0277
1.02653
1.02511
1.02387
1.02426
1.02811
1.0364
1.04837
1.06192
1.07494
1.08624
1.09557
1.10323
1.10959
1.11477
1.11874
1.12153
1.12333
1.12404
1.1227
1.11756
1.10702
1.09086
1.07091
1.05095
1.03557
1.02846
1.03105
1.04223
1.05916
1.07847
1.09714
1.11281
1.12377
1.12899
1.1285
1.1238
1.11752
1.11181
1.10697
1.10201
1.0964
1.09079
1.08623
1.08344
1.08283
1.08468
1.08905
1.09562
1.10367
1.11238
1.12101
1.12896
1.13585
1.14151
1.14604
1.14972
1.15299
1.15627
1.15975
1.16305
1.1651
1.16446
1.1599
1.15079
1.13725
1.12004
1.10031
1.07939
1.05876
1.04013
1.0253
1.01569
1.01173
1.01253
1.01634
1.02143
1.02685
1.03301
1.04136
1.05355
1.07004
1.08945
1.10901
1.12568
1.13704
1.14166
1.13927
1.13087
1.11892
1.10712
1.09931
1.09803
1.10339
1.11333
1.12495
1.13586
1.1448
1.15134
1.15535
1.15658
1.15475
1.14989
1.14244
1.13308
1.12249
1.11112
1.09933
1.08757
1.07671
1.06802
1.06267
1.06125
1.06347
1.06857
1.07587
1.08517
1.09669
1.11063
1.1268
1.14433
1.16187
1.17791
1.19118
1.20091
1.20681
1.20884
1.20688
1.20054
1.18923
1.17264
1.15157
1.12892
1.10978
1.09985
1.10238
1.11639
1.13767
1.16125
1.18285
1.19952
1.20978
1.21347
1.21146
1.20515
1.19601
1.18529
1.17394
1.16278
1.15282
1.14545
1.14232
1.14463
1.1522
1.16314
1.17453
1.18349
1.18797
1.18688
1.1798
1.16657
1.14718
1.12198
1.09214
1.0599
1.02868
1.00267
0.986177
0.982212
0.990672
1.00787
1.02818
1.0465
1.05963
1.06623
1.06647
1.06157
1.05363
1.04522
1.03899
1.03708
1.04061
1.04943
1.0621
1.07638
1.08999
1.10131
1.10974
1.11544
1.119
1.12105
1.12204
1.12217
1.12149
1.12003
1.11796
1.1157
1.11375
1.11262
1.11256
1.11353
1.1151
1.11653
1.117
1.11598
1.1135
1.1101
1.10659
1.10372
1.10216
1.10253
1.10532
1.11086
1.11928
1.13033
1.14334
1.15727
1.17091
1.18305
1.1927
1.19907
1.20165
1.20023
1.19492
1.18614
1.17445
1.1604
1.14457
1.12776
1.11105
1.0957
1.08296
1.07404
1.0701
1.07206
1.08012
1.09338
1.10975
1.12638
1.14028
1.14913
1.15203
1.1498
1.14428
1.13726
1.13008
1.12418
1.12149
1.12366
1.13064
1.14019
1.14905
1.15448
1.15515
1.15097
1.14271
1.13162
1.11915
1.10671
1.09532
1.08561
1.07797
1.07282
1.07057
1.07131
1.07476
1.08033
1.08745
1.09551
1.10372
1.11115
1.1169
1.12039
1.12136
1.11958
1.11464
1.10593
1.09338
1.07837
1.06389
1.05307
1.04717
1.04514
1.04504
1.04545
1.04593
1.04679
1.0488
1.05282
1.05931
1.06776
1.0765
1.08275
1.08324
1.07515
1.05722
1.03037
0.997859
0.96493
0.937663
0.921622
0.920396
0.934824
0.963186
1.00208
1.04739
1.09503
1.14148
1.18399
1.22058
1.24983
1.27062
1.28206
1.28356
1.27515
1.25796
1.23475
1.20953
1.18581
1.1649
1.14601
1.12819
1.11188
1.09893
1.09148
1.09096
1.09758
1.1105
1.12826
1.1491
1.17096
1.19156
1.20855
1.21992
1.22441
1.22164
1.21209
1.19684
1.17739
1.15538
1.13249
1.11035
1.09062
1.0749
1.06479
1.06163
1.06612
1.07773
1.09454
1.11367
1.1324
1.14911
1.16344
1.17568
1.18581
1.19297
1.19565
1.19252
1.18331
1.16925
1.15292
1.13731
1.12457
1.11517
1.1081
1.10213
1.097
1.09346
1.09217
1.09256
1.09304
1.09217
1.08963
1.08633
1.08377
1.08323
1.08523
1.08962
1.096
1.10373
1.11199
1.11993
1.12712
1.13376
1.1406
1.14832
1.15689
1.16535
1.1724
1.17695
1.17849
1.17688
1.17237
1.16571
1.15845
1.15262
1.14986
1.15047
1.15322
1.15591
1.15657
1.15426
1.14949
1.14387
1.1392
1.13664
1.13619
1.1371
1.13877
1.14163
1.14723
1.15694
1.17036
1.18494
1.19702
1.20324
1.20137
1.19069
1.17192
1.14706
1.11895
1.09054
1.06433
1.04193
1.02414
1.01101
1.00211
0.996809
0.994596
0.9952
0.998462
1.00419
1.01222
1.0225
1.03503
1.04984
1.06677
1.08507
1.10324
1.11926
1.13115
1.13765
1.13865
1.13502
1.12805
1.11881
1.10831
1.09785
1.08906
1.08326
1.08115
1.08294
1.08887
1.09932
1.11429
1.13255
1.15162
1.16867
1.18146
1.18899
1.19138
1.18946
1.18424
1.1765
1.16677
1.15555
1.14357
1.13189
1.12196
1.11557
1.11463
1.12077
1.13466
1.15502
1.17823
1.19897
1.21225
1.21526
1.20845
1.19531
1.18102
1.17024
1.16499
1.16408
1.16418
1.16191
1.1553
1.14429
1.13064
1.11741
1.10828
1.10594
1.11045
1.11905
1.12795
1.13469
1.13918
1.14329
1.14953
1.15958
1.17362
1.19037
1.20782
1.22399
1.23737
1.24718
1.25331
1.25606
1.25587
1.25291
1.24687
1.23699
1.2224
1.20276
1.17883
1.15243
1.12594
1.10168
1.08176
1.06783
1.06047
1.05856
1.0598
1.06264
1.06731
1.07465
1.08418
1.09423
1.10343
1.11167
1.11978
1.12865
1.13846
1.14835
1.15679
1.16229
1.16412
1.16253
1.15847
1.15309
1.14737
1.14189
1.1366
1.13054
1.12216
1.11022
1.095
1.07877
1.06501
1.05664
1.05451
1.05718
1.06205
1.06655
1.06877
1.0676
1.0629
1.05558
1.04764
1.04182
1.04089
1.04683
1.06004
1.07912
1.10134
1.12334
1.14199
1.1547
1.15938
1.15452
1.13958
1.1159
1.08714
1.05861
1.03482
1.01762
1.00667
1.0013
1.00155
1.00822
1.02215
1.04311
1.06908
1.09655
1.1216
1.1412
1.15405
1.16067
1.16297
1.16335
1.16349
1.16307
1.15969
1.15038
1.1339
1.11226
1.09022
1.07305
1.064
1.06414
1.07371
1.09163
1.11414
1.13584
1.1526
1.16304
1.16816
1.16979
1.16932
1.167
1.16229
1.15445
1.14332
1.12967
1.11525
1.10241
1.0934
1.08957
1.091
1.09649
1.10395
1.11108
1.11597
1.11755
1.11574
1.11141
1.10573
1.09957
1.09326
1.08695
1.0811
1.07656
1.07411
1.0739
1.07517
1.07663
1.07724
1.07655
1.07452
1.07088
1.06499
1.05636
1.04512
1.03227
1.01954
1.00903
1.00282
1.00231
1.00784
1.01874
1.03389
1.0522
1.07264
1.09398
1.11476
1.13347
1.1489
1.16014
1.16648
1.16733
1.16246
1.15247
1.13897
1.12421
1.11045
1.09951
1.09302
1.09281
1.10039
1.11525
1.13404
1.15203
1.16551
1.17281
1.17395
1.16976
1.16127
1.14933
1.13467
1.11805
1.10048
1.08314
1.06713
1.0532
1.04173
1.03279
1.02623
1.02163
1.01848
1.01645
1.01563
1.01651
1.01958
1.0248
1.03145
1.03833
1.04431
1.04905
1.05335
1.0588
1.0666
1.07654
1.08689
1.0953
1.09988
1.09991
1.09595
1.0895
1.08245
1.07645
1.0725
1.07095
1.0717
1.07461
1.0798
1.08729
1.0967
1.10705
1.11704
1.12588
