-6.3635
-6.35912
-6.35138
-6.33988
-6.32302
-6.29966
-6.27013
-6.23374
-6.19036
-6.13844
-6.0768
-6.0053
-5.92746
-5.84384
-5.75579
-5.6716
-5.5936
-5.52804
-5.47554
-5.43917
-5.41786
-5.41146
-5.41561
-5.42799
-5.44526
-5.464
-5.48344
-5.50142
-5.51696
-5.5304
-5.54112
-5.55131
-5.55962
-5.56695
-5.57266
-5.5779
-5.58164
-5.5832
-5.58375
-5.58336
-5.58185
-5.58203
-5.58294
-5.58539
-5.58869
-5.59399
-5.5994
-5.60479
-5.6082
-5.61231
-5.6135
-5.61439
-5.61421
-5.61287
-5.61122
-5.61108
-5.61126
-5.61209
-5.61438
-5.61678
-5.61995
-5.62312
-5.62585
-5.62827
-5.62955
-5.62835
-5.62534
-5.6213
-5.61586
-5.61088
-5.60657
-5.60497
-5.60362
-5.60187
-5.59904
-5.59379
-5.58736
-5.57993
-5.57469
-5.57139
-5.56948
-5.57156
-5.5775
-5.58713
-5.59927
-5.61328
-5.62638
-5.63999
-5.65341
-5.66457
-5.67381
-5.6808
-5.68508
-5.68667
-5.68536
-5.68171
-5.67578
-5.66831
-5.65789
-5.64566
-5.63226
-5.61844
-5.60295
-5.58761
-5.57319
-5.55944
-5.54796
-5.53901
-5.53296
-5.52901
-5.52761
-5.52824
-5.53041
-5.53461
-5.54099
-5.54936
-5.5613
-5.57456
-5.58962
-5.60642
-5.62401
-5.64053
-5.65425
-5.66593
-5.67314
-5.67703
-5.67699
-5.67259
-5.66386
-5.65303
-5.64034
-5.6261
-5.61204
-5.59792
-5.58476
-5.57257
-5.56144
-5.55367
-5.54912
-5.5481
-5.55082
-5.55746
-5.56817
-5.58254
-5.59785
-5.61434
-5.6315
-5.6462
-5.65758
-5.66554
-5.66981
-5.6711
-5.66916
-5.66497
-5.65737
-5.64789
-5.63711
-5.62523
-5.61352
-5.60104
-5.58852
-5.57732
-5.56664
-5.55846
-5.5534
-5.55209
-5.55486
-5.56004
-5.56742
-5.57629
-5.58372
-5.59021
-5.59484
-5.59579
-5.59386
-5.58917
-5.58145
-5.57117
-5.55936
-5.5463
-5.53577
-5.52594
-5.52085
-5.52009
-5.52443
-5.53396
-5.54683
-5.56162
-5.57582
-5.59127
-5.60286
-5.61137
-5.61619
-5.61755
-5.61594
-5.61032
-5.60258
-5.59308
-5.58402
-5.57529
-5.5684
-5.56329
-5.56102
-5.56101
-5.56321
-5.56756
-5.57325
-5.57985
-5.58683
-5.59245
-5.59683
-5.59925
-5.5996
-5.59739
-5.59343
-5.58744
-5.57929
-5.57091
-5.56316
-5.55642
-5.55175
-5.54951
-5.55065
-5.55118
-5.5538
-5.55675
-5.55901
-5.562
-5.56368
-5.56483
-5.56611
-5.56634
-5.56751
-5.56833
-5.56807
-5.56748
-5.5658
-5.56367
-5.56113
-5.55777
-5.55352
-5.54979
-5.54735
-5.54744
-5.55081
-5.55686
-5.56566
-5.57628
-5.58752
-5.59962
-5.6109
-5.62119
-5.62952
-5.63548
-5.63801
-5.63741
-5.63409
-5.6276
-5.61992
-5.61099
-5.60037
-5.58977
-5.58039
-5.57035
-5.56263
-5.55554
-5.55036
-5.54727
-5.54499
-5.54285
-5.54192
-5.5418
-5.54196
-5.54256
-5.54343
-5.54534
-5.54645
-5.54903
-5.55183
-5.55615
-5.55898
-5.56176
-5.56301
-5.56129
-5.5592
-5.55751
-5.55361
-5.5499
-5.54825
-5.548
-5.54795
-5.54798
-5.54824
-5.54899
-5.54792
-5.54626
-5.54498
-5.54492
-5.54407
-5.54464
-5.5461
-5.54818
-5.5502
-5.55217
-5.55241
-5.55148
-5.54849
-5.54675
-5.54534
-5.54469
-5.54305
-5.54027
-5.53725
-5.53306
-5.5287
-5.52502
-5.52208
-5.51977
-5.51779
-5.51755
-5.51693
-5.51884
-5.52191
-5.52728
-5.53348
-5.53972
-5.54588
-5.55122
-5.55424
-5.55611
-5.55687
-5.55517
-5.5511
-5.5465
-5.54005
-5.53215
-5.52358
-5.51499
-5.50853
-5.50267
-5.49948
-5.49817
-5.49781
-5.49976
-5.50292
-5.50724
-5.51371
-5.52185
-5.52926
-5.53696
-5.54518
-5.55167
-5.55789
-5.56468
-5.56854
-5.57116
-5.57179
-5.57019
-5.56535
-5.55786
-5.5475
-5.53446
-5.52047
-5.50618
-5.49351
-5.48367
-5.4773
-5.47492
-5.47656
-5.48325
-5.4928
-5.5039
-5.51659
-5.52939
-5.54256
-5.55339
-5.56309
-5.56921
-5.57222
-5.5721
-5.57129
-5.56848
-5.56328
-5.55764
-5.55232
-5.54624
-5.54156
-5.53763
-5.53718
-5.53725
-5.53891
-5.54187
-5.54645
-5.55327
-5.56135
-5.56898
-5.57731
-5.58394
-5.58861
-5.59132
-5.59283
-5.59173
-5.59071
-5.58804
-5.5855
-5.58169
-5.57829
-5.57442
-5.57124
-5.56689
-5.56294
-5.55793
-5.55404
-5.55015
-5.54563
-5.54302
-5.54077
-5.54023
-5.54076
-5.54269
-5.54445
-5.54675
-5.55026
-5.55137
-5.55366
-5.55635
-5.55771
-5.55921
-5.56067
-5.56183
-5.56208
-5.56227
-5.56314
-5.5645
-5.56717
-5.5694
-5.57325
-5.57764
-5.58166
-5.58552
-5.5874
-5.58896
-5.58801
-5.58556
-5.58051
-5.57325
-5.56487
-5.55614
-5.54674
-5.53935
-5.53331
-5.53133
-5.53199
-5.5353
-5.54013
-5.54683
-5.55666
-5.5659
-5.57592
-5.58511
-5.59414
-5.60325
-5.61045
-5.61743
-5.62188
-5.62457
-5.62645
-5.62672
-5.625
-5.62091
-5.61692
-5.61213
-5.60646
-5.59985
-5.59253
-5.58549
-5.57799
-5.57135
-5.56602
-5.56102
-5.55748
-5.55603
-5.55538
-5.555
-5.55555
-5.55622
-5.55664
-5.55676
-5.55711
-5.55786
-5.55939
-5.56059
-5.56303
-5.5667
-5.57026
-5.57509
-5.58043
-5.58587
-5.59081
-5.59606
-5.59886
-5.5999
-5.60016
-5.59914
-5.59719
-5.59374
-5.58822
-5.58231
-5.57464
-5.56689
-5.55823
-5.54725
-5.53571
-5.52312
-5.51073
-5.499
-5.48996
-5.48305
-5.47871
-5.47644
-5.47717
-5.47796
-5.48085
-5.48324
-5.4864
-5.49067
-5.49668
-5.50324
-5.51096
-5.52014
-5.53086
-5.54311
-5.55621
-5.57007
-5.58402
-5.59716
-5.60844
-5.61918
-5.62734
-5.63231
-5.63477
-5.63464
-5.63178
-5.62638
-5.61742
-5.60866
-5.59902
-5.59048
-5.58434
-5.57826
-5.57416
-5.57177
-5.57164
-5.5728
-5.57398
-5.57506
-5.57702
-5.5782
-5.57945
-5.57972
-5.57967
-5.57776
-5.57383
-5.56699
-5.55913
-5.55022
-5.54115
-5.5324
-5.52583
-5.52213
-5.52224
-5.52506
-5.53066
-5.53819
-5.54579
-5.55457
-5.56234
-5.56813
-5.57395
-5.5776
-5.5782
-5.57812
-5.57656
-5.57307
-5.56859
-5.56509
-5.56148
-5.55876
-5.5566
-5.55449
-5.55343
-5.55259
-5.55101
-5.54953
-5.54779
-5.54716
-5.54759
-5.55006
-5.55493
-5.56334
-5.5714
-5.57986
-5.587
-5.59381
-5.59671
-5.59579
-5.59232
-5.58611
-5.57863
-5.57083
-5.56395
-5.55878
-5.5536
-5.55091
-5.54985
-5.55145
-5.55494
-5.56005
-5.56685
-5.57461
-5.58189
-5.5885
-5.59402
-5.59841
-5.60245
-5.60407
-5.60576
-5.60764
-5.60905
-5.61165
-5.61399
-5.61643
-5.61909
-5.62277
-5.62707
-5.6292
-5.63116
-5.63153
-5.63074
-5.62708
-5.62218
-5.61453
-5.6062
-5.59521
-5.58196
-5.56893
-5.55606
-5.54442
-5.53524
-5.52867
-5.52482
-5.52423
-5.5266
-5.53044
-5.5363
-5.54139
-5.54745
-5.55167
-5.55378
-5.55356
-5.55093
-5.54644
-5.54026
-5.53177
-5.52241
-5.51263
-5.50399
-5.4986
-5.49261
-5.4883
-5.48618
-5.48482
-5.48453
-5.48333
-5.48166
-5.47965
-5.47747
-5.47719
-5.47867
-5.48101
-5.486
-5.49219
-5.50114
-5.51054
-5.52007
-5.52861
-5.53503
-5.54
-5.54097
-5.53954
-5.5347
-5.52917
-5.52143
-5.51379
-5.50657
-5.50013
-5.4961
-5.49328
-5.49184
-5.49404
-5.4976
-5.50435
-5.51187
-5.5206
-5.5303
-5.54012
-5.54778
-5.55451
-5.55887
-5.56113
-5.56227
-5.56045
-5.55843
-5.55553
-5.55175
-5.54782
-5.5445
-5.53993
-5.53567
-5.53074
-5.52563
-5.51895
-5.51263
-5.50787
-5.5061
-5.50515
-5.50833
-5.51334
-5.52157
-5.53253
-5.54364
-5.555
-5.56561
-5.57427
-5.57952
-5.58184
-5.58048
-5.57512
-5.56621
-5.55242
-5.53695
-5.51926
-5.50034
-5.48112
-5.462
-5.44611
-5.43474
-5.42667
-5.42451
-5.42806
-5.43704
-5.45081
-5.46833
-5.48806
-5.50704
-5.52248
-5.53717
-5.54741
-5.55469
-5.55772
-5.55825
-5.55579
-5.55112
-5.54576
-5.53963
-5.5344
-5.53077
-5.52819
-5.52711
-5.53001
-5.53421
-5.54179
-5.55077
-5.56155
-5.57247
-5.58452
-5.59515
-5.6061
-5.61291
-5.61644
-5.61723
-5.6149
-5.6102
-5.60388
-5.5977
-5.59097
-5.58537
-5.58189
-5.5795
-5.5784
-5.57969
-5.58039
-5.58067
-5.5809
-5.58083
-5.58174
-5.58264
-5.58347
-5.58336
-5.58251
-5.57986
-5.57527
-5.57012
-5.56451
-5.56025
-5.55673
-5.55483
-5.55466
-5.55789
-5.56297
-5.57101
-5.58061
-5.59081
-5.60138
-5.61049
-5.61756
-5.62254
-5.62469
-5.62423
-5.61959
-5.61162
-5.60117
-5.5885
-5.57455
-5.56099
-5.54768
-5.53566
-5.52661
-5.51955
-5.51552
-5.51312
-5.51211
-5.51092
-5.50997
-5.50853
-5.50615
-5.50359
-5.50146
-5.4995
-5.49719
-5.4966
-5.49583
-5.49495
-5.49455
-5.493
-5.49006
-5.48817
-5.48539
-5.48307
-5.4807
-5.47941
-5.47932
-5.4803
-5.48241
-5.48639
-5.49082
-5.4966
-5.50184
-5.50872
-5.51531
-5.52076
-5.52519
-5.52645
-5.52541
-5.52278
-5.51732
-5.51126
-5.50708
-5.50483
-5.50477
-5.50751
-5.51362
-5.52077
-5.53
-5.53887
-5.54747
-5.55427
-5.55975
-5.56295
-5.56309
-5.56034
-5.5536
-5.5443
-5.53105
-5.51643
-5.50077
-5.48406
-5.46752
-5.45153
-5.43873
-5.42848
-5.42058
-5.41495
-5.41158
-5.40933
-5.40904
-5.40975
-5.41162
-5.41448
-5.41793
-5.42295
-5.42938
-5.43698
-5.44619
-5.45546
-5.46472
-5.47379
-5.48142
-5.48803
-5.49315
-5.49772
-5.50213
-5.50615
-5.50992
-5.51314
-5.51628
-5.51784
-5.51981
-5.52072
-5.52227
-5.52199
-5.52184
-5.52312
-5.52392
-5.52509
-5.52476
-5.52338
-5.52115
-5.51685
-5.51142
-5.50496
-5.49921
-5.49363
-5.49045
-5.48774
-5.48746
-5.4885
-5.4917
-5.49597
-5.50186
-5.50807
-5.51368
-5.5199
-5.52471
-5.52978
-5.53472
-5.53843
-5.54184
-5.54498
-5.54721
-5.5484
-5.54774
-5.54626
-5.54349
-5.53891
-5.53236
-5.52419
-5.51484
-5.50526
-5.49585
-5.48817
-5.48045
-5.47577
-5.4718
-5.46882
-5.46495
-5.46305
-5.46046
-5.45703
-5.45186
-5.44801
-5.44469
-5.44344
-5.44446
-5.44753
-5.45303
-5.45678
-5.45863
-5.45876
-5.45622
-5.45149
-5.44709
-5.44392
-5.4424
-5.44684
-5.45576
-5.46773
-5.48156
-5.49554
-5.50864
-5.52095
-5.53182
-5.54007
-5.54791
-5.55225
-5.55451
-5.55257
-5.54808
-5.54239
-5.53409
-5.51663
-5.49236
-5.46047
-5.4237
-5.38496
-5.34593
-5.30756
-5.27222
-5.24175
-5.21533
-5.19529
-5.18084
-5.17183
-5.16662
-5.16649
-5.16899
-5.17266
-5.17488
-5.17406
-5.16782
-5.15752
-5.14389
-5.13153
-5.12147
-5.11512
-5.1149
-5.11964
-5.12763
-5.13618
-5.14351
-5.1493
-5.15223
-5.15118
-5.14507
-5.13733
-5.12559
-5.11154
-5.09813
-5.08696
-5.08206
-5.08652
-5.1016
-5.12652
-5.15727
-5.19068
-5.22318
-5.25217
-5.27537
-5.29239
-5.30452
-5.30973
-5.31135
-5.30915
-5.30536
-5.3035
-5.30005
-5.29951
-5.30109
-5.30373
-5.30676
-5.31233
-5.3186
-5.32626
-5.33346
-5.33917
-5.34438
-5.34695
-5.34881
-5.34782
-5.34384
-5.33632
-5.32456
-5.31147
-5.29774
-5.28548
-5.27669
-5.27017
-5.26473
-5.25748
-5.24955
-5.24089
-5.23558
-5.23425
-5.23944
-5.25103
-5.26829
-5.28842
-5.31027
-5.33138
-5.3492
-5.36438
-5.3727
-5.37842
-5.37663
-5.37117
-5.36274
-5.35228
-5.34061
-5.32645
-5.31126
-5.29358
-5.27668
-5.25977
-5.24291
-5.23041
-5.22105
-5.21372
-5.20875
-5.20696
-5.20905
-5.21028
-5.21308
-5.21644
-5.21971
-5.22508
-5.23271
-5.24315
-5.25555
-5.27042
-5.28407
-5.2972
-5.30889
-5.31582
-5.32038
-5.32013
-5.31537
-5.30718
-5.29552
-5.28366
-5.27003
-5.25471
-5.23885
-5.2254
-5.2121
-5.20163
-5.19437
-5.19049
-5.19031
-5.19416
-5.20067
-5.21167
-5.22301
-5.23388
-5.24226
-5.24706
-5.24502
-5.23769
-5.22571
-5.21103
-5.19618
-5.18318
-5.17613
-5.17546
-5.18157
-5.19205
-5.20614
-5.22068
-5.23561
-5.25083
-5.26383
-5.2763
-5.28501
-5.2885
-5.28508
-5.27437
-5.25799
-5.23811
-5.21767
-5.19836
-5.18518
-5.17743
-5.17579
-5.17748
-5.18166
-5.18715
-5.19077
-5.1947
-5.19709
-5.19726
-5.1966
-5.19502
-5.1948
-5.19433
-5.19405
-5.19339
-5.1938
-5.19494
-5.19751
-5.20225
-5.20908
-5.21969
-5.23283
-5.2488
-5.26811
-5.28728
-5.30502
-5.31628
-5.32312
-5.32433
-5.32146
-5.3148
-5.30544
-5.29556
-5.28537
-5.27655
-5.27001
-5.26778
-5.26742
-5.27039
-5.27364
-5.27661
-5.27737
-5.27612
-5.27415
-5.27215
-5.27023
-5.27003
-5.27205
-5.27565
-5.28125
-5.28259
-5.28169
-5.27716
-5.26937
-5.26015
-5.2502
-5.23909
-5.23128
-5.22478
-5.22268
-5.22381
-5.22951
-5.23963
-5.25483
-5.27606
-5.29944
-5.32433
-5.34691
-5.36496
-5.37784
-5.38207
-5.37945
-5.37026
-5.35521
-5.33712
-5.31672
-5.29614
-5.27495
-5.25346
-5.2334
-5.21462
-5.19522
-5.1778
-5.16552
-5.15675
-5.155
-5.16086
-5.17619
-5.19956
-5.23098
-5.26641
-5.30093
-5.33166
-5.35335
-5.36388
-5.3655
-5.35739
-5.34406
-5.32927
-5.31629
-5.30779
-5.30372
-5.30487
-5.30789
-5.31349
-5.31786
-5.32209
-5.32429
-5.32487
-5.32449
-5.32263
-5.32047
-5.31673
-5.31091
-5.30447
-5.29629
-5.2852
-5.27113
-5.25666
-5.24373
-5.23371
-5.22886
-5.22839
-5.23079
-5.23315
-5.23603
-5.23829
-5.23949
-5.23873
-5.23843
-5.24089
-5.24119
-5.24355
-5.24712
-5.25138
-5.2542
-5.25617
-5.25521
-5.25053
-5.24738
-5.24537
-5.24712
-5.25268
-5.2614
-5.26747
-5.27214
-5.27411
-5.27321
-5.27045
-5.26804
-5.26573
-5.26296
-5.26171
-5.26042
-5.25799
-5.25522
-5.25168
-5.24736
-5.24206
-5.2373
-5.23235
-5.22658
-5.22044
-5.21572
-5.20974
-5.20385
-5.19681
-5.18856
-5.17898
-5.16855
-5.15868
-5.15077
-5.1455
-5.14211
-5.1408
-5.14186
-5.14498
-5.15143
-5.16086
-5.17417
-5.18815
-5.20338
-5.21572
-5.22513
-5.23103
-5.23321
-5.23117
-5.22361
-5.21286
-5.19996
-5.1861
-5.17538
-5.1705
-5.17283
-5.1829
-5.19961
-5.22049
-5.24506
-5.26952
-5.29189
-5.3091
-5.32084
-5.32442
-5.32132
-5.31154
-5.29598
-5.27523
-5.25212
-5.22647
-5.20258
-5.18084
-5.16476
-5.15893
-5.16118
-5.1735
-5.18995
-5.20879
-5.22558
-5.2392
-5.25011
-5.25407
-5.25634
-5.25467
-5.25072
-5.24394
-5.23765
-5.23007
-5.22216
-5.21615
-5.21179
-5.20831
-5.20295
-5.19465
-5.1819
-5.16469
-5.14162
-5.11344
-5.08315
-5.05154
-5.02536
-5.00827
-5.00528
-5.01791
-5.04502
-5.07688
-5.10919
-5.13657
-5.15767
-5.1723
-5.17911
-5.17958
-5.17457
-5.16602
-5.15202
-5.13713
-5.12253
-5.1093
-5.09871
-5.09126
-5.08485
-5.08107
-5.07897
-5.0801
-5.08538
-5.09391
-5.10604
-5.11859
-5.13102
-5.14403
-5.15512
-5.16513
-5.17598
-5.18747
-5.19891
-5.21074
-5.22412
-5.23534
-5.24669
-5.25612
-5.2639
-5.26853
-5.27119
-5.27056
-5.26779
-5.26202
-5.25637
-5.24995
-5.24385
-5.2384
-5.23398
-5.23227
-5.23106
-5.22847
-5.22443
-5.21776
-5.20546
-5.18873
-5.16905
-5.14374
-5.11846
-5.09251
-5.07205
-5.05967
-5.05568
-5.05948
-5.0683
-5.08153
-5.09616
-5.11113
-5.12642
-5.14042
-5.15368
-5.16576
-5.17741
-5.18359
-5.18826
-5.18892
-5.18726
-5.18347
-5.17826
-5.17343
-5.1714
-5.17209
-5.1769
-5.18379
-5.19318
-5.20293
-5.21116
-5.2178
-5.22282
-5.22913
-5.23375
-5.24034
-5.24953
-5.25915
-5.26895
-5.27799
-5.28275
-5.28178
-5.27627
-5.26683
-5.2554
-5.24444
-5.23396
-5.22396
-5.21441
-5.20302
-5.1907
-5.17711
-5.16284
-5.14897
-5.13779
-5.12859
-5.12319
-5.12159
-5.12562
-5.13273
-5.14444
-5.15892
-5.1745
-5.19136
-5.20707
-5.22162
-5.23505
-5.24503
-5.25241
-5.25699
-5.25963
-5.26115
-5.25994
-5.25498
-5.24552
-5.23288
-5.21859
-5.20309
-5.19076
-5.18675
-5.19117
-5.20347
-5.22222
-5.24263
-5.26246
-5.27981
-5.29228
-5.30031
-5.3052
-5.30546
-5.30152
-5.29472
-5.28665
-5.27652
-5.26575
-5.25507
-5.24447
-5.23497
-5.22465
-5.21627
-5.20868
-5.19996
-5.19063
-5.18042
-5.17072
-5.16194
-5.15502
-5.15197
-5.15257
-5.15681
-5.16553
-5.17608
-5.18793
-5.19956
-5.21114
-5.22297
-5.23181
-5.23816
-5.24021
-5.24053
-5.23815
-5.23469
-5.23185
-5.22919
-5.22698
-5.22454
-5.21823
-5.20743
-5.18883
-5.16597
-5.13873
-5.11023
-5.08503
-5.06517
-5.05343
-5.05195
-5.05965
-5.0752
-5.09659
-5.12058
-5.14476
-5.17084
-5.19557
-5.21871
-5.23876
-5.25529
-5.26663
-5.27317
-5.27393
-5.26853
-5.25806
-5.24328
-5.22602
-5.21123
-5.20306
-5.20315
-5.21183
-5.22396
-5.23376
-5.24006
-5.24227
-5.24183
-5.2389
-5.23315
-5.22522
-5.21402
-5.1979
-5.17934
-5.15673
-5.13307
-5.10989
-5.08881
-5.07136
-5.0567
-5.04713
-5.04058
-5.03559
-5.03174
-5.02838
-5.02504
-5.02029
-5.01772
-5.01651
-5.01954
-5.02672
-5.03876
-5.0575
-5.08075
-5.10376
-5.12808
-5.14965
-5.16661
-5.17601
-5.18028
-5.17749
-5.16898
-5.15621
-5.13887
-5.12068
-5.10213
-5.08382
-5.06735
-5.05748
-5.05688
-5.06607
-5.08706
-5.11503
-5.14648
-5.18111
-5.21437
-5.24518
-5.27385
-5.30005
-5.32245
-5.33867
-5.34751
-5.34737
-5.33886
-5.32271
-5.30195
-5.28063
-5.26037
-5.2439
-5.23418
-5.2306
-5.2328
-5.24016
-5.25194
-5.26661
-5.28563
-5.30616
-5.32423
-5.33975
-5.34729
-5.34676
-5.33399
-5.31123
-5.27798
-5.23995
-5.20052
-5.165
-5.13867
-5.12482
-5.12153
-5.12695
-5.13868
-5.15192
-5.16875
-5.18444
-5.20022
-5.21292
-5.22228
-5.22895
-5.23205
-5.23074
-5.22598
-5.21852
-5.20758
-5.19691
-5.18624
-5.17841
-5.1747
-5.1749
-5.17545
-5.17591
-5.17511
-5.17124
-5.16685
-5.16207
-5.15357
-5.14462
-5.13561
-5.12539
-5.11637
-5.10886
-5.10286
-5.09999
-5.10036
-5.10646
-5.11563
-5.12982
-5.14675
-5.16401
-5.18183
-5.19934
-5.2161
-5.23224
-5.24659
-5.26068
-5.27461
-5.28469
-5.29277
-5.29697
-5.29741
-5.29127
-5.27928
-5.26299
-5.24225
-5.21951
-5.19584
-5.17575
-5.1612
-5.15467
-5.15797
-5.17045
-5.18679
-5.20541
-5.22222
-5.23765
-5.24939
-5.25813
-5.26423
-5.26944
-5.27305
-5.27578
-5.27401
-5.26772
-5.25769
-5.24373
-5.22767
-5.20982
-5.19261
-5.17569
-5.16116
-5.15141
-5.1484
-5.15117
-5.1615
-5.17508
-5.18815
-5.19747
-5.19984
-5.19665
-5.18852
-5.17861
-5.16947
-5.16392
-5.163
-5.16504
-5.16837
-5.17083
-5.17205
-5.17271
-5.17326
-5.17338
-5.17411
-5.17831
-5.18283
-5.18836
-5.19426
-5.19971
-5.20262
-5.20402
-5.20618
-5.20727
-5.20953
-5.21217
-5.2158
-5.2198
-5.22404
-5.2268
-5.22687
-5.22347
-5.21792
-5.2121
-5.20724
-5.20656
-5.21044
-5.21761
-5.22736
-5.23507
-5.24035
-5.24047
-5.23484
-5.2264
-5.21494
-5.20211
-5.18869
-5.17685
-5.16844
-5.1628
-5.16477
-5.17395
-5.18831
-5.20459
-5.22319
-5.23857
-5.24974
-5.25564
-5.25506
-5.25224
-5.24593
-5.23699
-5.22887
-5.22205
-5.21661
-5.21304
-5.21135
-5.21039
-5.21048
-5.21029
-5.21035
-5.2095
-5.20904
-5.20925
-5.20977
-5.21124
-5.21269
-5.21552
-5.2176
-5.21957
-5.22029
-5.22088
-5.21979
-5.21694
-5.21212
-5.20503
-5.19697
-5.18897
-5.18307
-5.18156
-5.18374
-5.19174
-5.20259
-5.21422
-5.22573
-5.23482
-5.23995
-5.23974
-5.23548
-5.22632
-5.21253
-5.19743
-5.17921
-5.15832
-5.13615
-5.11474
-5.09468
-5.08001
-5.07288
-5.07324
-5.08317
-5.1016
-5.12552
-5.15205
-5.17701
-5.19907
-5.21935
-5.23622
-5.24917
-5.25736
-5.26201
-5.25734
-5.24591
-5.22769
-5.20472
-5.18057
-5.15849
-5.13869
-5.12407
-5.1151
-5.11148
-5.1144
-5.12013
-5.12786
-5.13863
-5.15206
-5.16752
-5.18454
-5.2016
-5.21806
-5.23143
-5.24024
-5.24229
-5.23896
-5.22835
-5.21224
-5.19571
-5.18632
-5.18402
-5.18903
-5.19587
-5.1992
-5.19828
-5.19518
-5.18949
-5.18189
-5.17519
-5.16797
-5.16185
-5.15629
-5.14983
-5.13886
-5.1271
-5.11306
-5.10037
-5.09085
-5.08775
-5.09359
-5.10724
-5.12598
-5.14597
-5.16569
-5.18069
-5.19073
-5.19751
-5.20076
-5.20408
-5.20617
-5.21288
-5.2217
-5.23349
-5.24736
-5.2622
-5.2757
-5.28954
-5.29866
-5.30582
-5.30994
-5.31186
-5.31177
-5.30863
-5.30309
-5.29376
-5.28287
-5.27261
-5.26107
-5.25408
-5.25436
-5.26316
-5.28054
-5.3028
-5.32416
-5.34352
-5.35129
-5.35231
-5.34584
-5.33459
-5.32009
-5.302
-5.28238
-5.26268
-5.24254
-5.22395
-5.20712
-5.19352
-5.18247
-5.17318
-5.16596
-5.16228
-5.16297
-5.16832
-5.17598
-5.18591
-5.19485
-5.20162
-5.20579
-5.20509
-5.20269
-5.19681
-5.18928
-5.1789
-5.16989
-5.16053
-5.15259
-5.14528
-5.13709
-5.12839
-5.11943
-5.10742
-5.09313
-5.07885
-5.06305
-5.04922
-5.03772
-5.02991
-5.02416
-5.02022
-5.01883
-5.01624
-5.01734
-5.02151
-5.03187
-5.04784
-5.06921
-5.0943
-5.12096
-5.149
-5.17666
-5.2041
-5.22985
-5.25254
-5.26986
-5.2785
-5.27718
-5.26892
-5.25305
-5.23222
-5.21067
-5.19156
-5.17628
-5.165
-5.15777
-5.15511
-5.15622
-5.1598
-5.16407
-5.16632
-5.16498
-5.16003
-5.15232
-5.14427
-5.13723
-5.13333
-5.1318
-5.13095
-5.13151
-5.13113
-5.1342
-5.13956
-5.14625
-5.1527
-5.15871
-5.16299
-5.1665
-5.16899
-5.16964
-5.16834
-5.16429
-5.16156
-5.15716
-5.15479
-5.15233
-5.14871
-5.14394
-5.13641
-5.13093
-5.1284
-5.12948
-5.13519
-5.14328
-5.15229
-5.162
-5.16893
-5.17392
-5.17728
-5.1823
-5.18881
-5.19779
-5.20788
-5.21839
-5.22872
-5.23593
-5.239
-5.23767
-5.23077
-5.21993
-5.20477
-5.18691
-5.16668
-5.14606
-5.12598
-5.11043
-5.10037
-5.09566
-5.0982
-5.10603
-5.11682
-5.12992
-5.14301
-5.15492
-5.16253
-5.1643
-5.16213
-5.15282
-5.13921
-5.12434
-5.10678
-5.09201
-5.0809
-5.07361
-5.06647
-5.06188
-5.05793
-5.05644
-5.06098
-5.07214
-5.08662
-5.10514
-5.12277
-5.13889
-5.15272
-5.16561
-5.17741
-5.18671
-5.19385
-5.19712
-5.19519
-5.18915
-5.17951
-5.16536
-5.14852
-5.1271
-5.10412
-5.07955
-5.05681
-5.03576
-5.01993
-5.00883
-5.00275
-5.00223
-5.00549
-5.01184
-5.01865
-5.02633
-5.03408
-5.04199
-5.05347
-5.06939
-5.08956
-5.11117
-5.13331
-5.15305
-5.16836
-5.17658
-5.17739
-5.17239
-5.16398
-5.15605
-5.15097
-5.14776
-5.14846
-5.14919
-5.15036
-5.14978
-5.1475
-5.14292
-5.13536
-5.12668
-5.11668
-5.10701
-5.09905
-5.09388
-5.09049
-5.08832
-5.08652
-5.08751
-5.09245
-5.09966
-5.11071
-5.12627
-5.14291
-5.16056
-5.17735
-5.19104
-5.20016
-5.20533
-5.20502
-5.2015
-5.19385
-5.18551
-5.17509
-5.16403
-5.15266
-5.14167
-5.13243
-5.12309
-5.11508
-5.10619
-5.09662
-5.0864
-5.07627
-5.06871
-5.06379
-5.05968
-5.06011
-5.06398
-5.07267
-5.08342
-5.09605
-5.10915
-5.1219
-5.13392
-5.14474
-5.15449
-5.16714
-5.18138
-5.19831
-5.21502
-5.2303
-5.24083
-5.24331
-5.23743
-5.22539
-5.20547
-5.18328
-5.15799
-5.13394
-5.11295
-5.09884
-5.09199
-5.09083
-5.09446
-5.10143
-5.11254
-5.12508
-5.13925
-5.15292
-5.16609
-5.17701
-5.18728
-5.19489
-5.20076
-5.20221
-5.19983
-5.19623
-5.19046
-5.18525
-5.18
-5.17493
-5.16928
-5.1618
-5.15403
-5.1453
-5.13924
-5.13659
-5.13879
-5.14393
-5.15057
-5.15732
-5.16123
-5.16334
-5.16286
-5.16175
-5.16067
-5.16004
-5.16205
-5.16625
-5.17173
-5.17853
-5.18365
-5.18784
-5.18844
-5.18803
-5.1868
-5.18436
-5.18338
-5.1819
-5.17695
-5.1708
-5.16146
-5.1515
-5.14077
-5.13168
-5.12415
-5.11498
-5.10434
-5.08994
-5.07033
-5.04503
-5.01447
-4.981
-4.9503
-4.92607
-4.91348
-4.91278
-4.92259
-4.94046
-4.96216
-4.9838
-5.00397
-5.01985
-5.03171
-5.04123
-5.04648
-5.04783
-5.04575
-5.04406
-5.04237
-5.04295
-5.04694
-5.05423
-5.065
-5.07971
-5.09549
-5.1108
-5.12309
-5.1317
-5.13611
-5.13593
-5.13263
-5.1225
-5.11111
-5.09814
-5.08581
-5.07743
-5.07423
-5.08021
-5.09483
-5.11788
-5.14435
-5.17444
-5.20055
-5.22094
-5.23408
-5.23827
-5.2335
-5.2234
-5.20998
-5.19561
-5.18377
-5.17825
-5.18005
-5.18237
-5.18576
-5.18797
-5.18562
-5.17893
-5.16875
-5.15498
-5.14168
-5.13116
-5.12746
-5.12738
-5.13139
-5.13782
-5.14577
-5.15804
-5.17362
-5.18969
-5.20593
-5.21902
-5.22963
-5.23596
-5.23782
-5.23378
-5.22633
-5.21277
-5.19526
-5.17453
-5.15362
-5.13614
-5.12502
-5.11927
-5.11944
-5.12366
-5.12715
-5.12721
-5.1212
-5.11241
-5.10127
-5.09285
-5.08999
-5.09298
-5.10062
-5.11145
-5.12276
-5.13341
-5.14224
-5.1498
-5.15322
-5.15386
-5.15219
-5.14785
-5.14322
-5.13925
-5.13628
-5.13628
-5.13971
-5.14399
-5.15061
-5.15775
-5.16505
-5.17136
-5.17635
-5.18032
-5.18272
-5.18301
-5.18181
-5.17674
-5.16803
-5.15754
-5.14661
-5.13717
-5.13046
-5.12494
-5.12486
-5.12799
-5.13617
-5.14873
-5.16638
-5.18595
-5.20298
-5.21848
-5.22637
-5.22734
-5.22139
-5.20811
-5.18958
-5.16686
-5.13869
-5.11013
-5.08238
-5.06134
-5.04771
-5.04215
-5.04312
-5.04813
-5.05273
-5.05551
-5.05743
-5.06148
-5.06634
-5.07383
-5.08435
-5.09837
-5.1119
-5.12246
-5.12717
-5.13012
-5.12826
-5.12362
-5.12035
-5.12068
-5.12637
-5.13727
-5.15422
-5.17386
-5.19374
-5.21282
-5.22318
-5.22741
-5.22375
-5.21004
-5.18855
-5.16118
-5.13069
-5.10156
-5.07459
-5.05335
-5.03668
-5.0266
-5.02122
-5.01637
-5.01263
-5.00957
-5.00927
-5.0118
-5.01806
-5.0281
-5.0386
-5.05056
-5.06348
-5.07773
-5.09291
-5.10872
-5.12451
-5.13982
-5.1528
-5.16585
-5.17519
-5.17899
-5.17532
-5.1626
-5.14354
-5.11941
-5.09225
-5.06567
-5.0403
-5.01615
-4.99573
-4.98155
-4.97558
-4.97866
-4.98843
-5.00572
-5.02673
-5.05174
-5.08394
-5.1186
-5.15535
-5.18995
-5.22274
-5.24967
-5.27116
-5.28471
-5.29078
-5.28799
-5.27789
-5.26206
-5.24412
-5.22644
-5.2092
-5.19381
-5.17978
-5.1676
-5.15696
-5.1471
-5.13978
-5.13699
-5.13876
-5.14339
-5.15144
-5.1588
-5.16284
-5.16167
-5.15412
-5.13924
-5.11596
-5.08315
-5.04595
-5.00673
-4.97417
-4.95662
-4.95897
-4.98042
-5.01564
-5.05601
-5.09487
-5.12787
-5.15347
-5.17213
-5.18374
-5.19069
-5.19591
-5.20223
-5.20723
-5.21136
-5.21259
-5.21052
-5.20094
-5.18488
-5.16333
-5.13372
-5.10038
-5.06579
-5.03279
-5.00363
-4.98256
-4.97045
-4.96768
-4.97181
-4.98202
-4.99505
-5.00878
-5.02058
-5.03
-5.03659
-5.04302
-5.04949
-5.05698
-5.0671
-5.07785
-5.08753
-5.09623
-5.1025
-5.10602
-5.1085
-5.11222
-5.11529
-5.1197
-5.12558
-5.13133
-5.13849
-5.14506
-5.15553
-5.16991
-5.18794
-5.21
-5.23446
-5.25974
-5.28058
-5.29631
-5.30421
-5.30224
-5.2909
-5.27017
-5.24473
-5.21872
-5.19351
-5.17507
-5.16412
-5.16305
-5.17024
-5.18412
-5.20097
-5.22017
-5.23865
-5.25641
-5.27185
-5.28207
-5.28736
-5.28698
-5.28026
-5.26621
-5.2483
-5.22697
-5.20385
-5.18283
-5.16507
-5.15007
-5.13691
-5.12461
-5.11445
-5.1022
-5.09097
-5.08107
-5.07217
-5.06186
-5.04981
-5.03855
-5.03125
-5.03071
-5.03865
-5.05491
-5.0793
-5.10927
-5.14132
-5.17273
-5.20226
-5.22487
-5.23884
-5.24211
-5.23594
-5.22369
-5.20845
-5.19182
-5.17487
-5.15719
-5.13952
-5.12472
-5.11312
-5.1067
-5.10453
-5.10615
-5.1092
-5.1135
-5.12017
-5.12708
-5.13353
-5.13851
-5.14195
-5.14283
-5.14153
-5.13871
-5.13518
-5.13036
-5.12666
-5.12221
-5.11862
-5.1149
-5.11196
-5.10688
-5.10151
-5.09505
-5.09019
-5.08648
-5.08342
-5.08268
-5.0855
-5.08972
-5.09507
-5.10211
-5.10784
-5.11335
-5.11768
-5.12423
-5.13383
-5.14311
-5.15493
-5.16613
-5.17571
-5.18079
-5.18089
-5.17836
-5.17128
-5.16244
-5.15575
-5.15212
-5.1531
-5.16008
-5.16969
-5.18182
-5.19473
-5.20493
-5.20856
-5.20715
-5.19665
-5.17908
-5.15625
-5.12967
-5.10369
-5.07948
-5.0607
-5.04627
-5.03639
-5.0317
-5.03473
-5.04321
-5.05459
-5.06879
-5.08188
-5.09301
-5.0991
-5.10139
-5.10299
-5.10425
-5.10621
-5.10745
-5.10978
-5.11233
-5.1126
-5.10924
-5.10448
-5.09827
-5.09174
-5.08892
-5.08909
-5.09203
-5.0972
-5.10408
-5.10952
-5.11393
-5.11571
-5.11592
-5.1151
-5.11269
-5.10878
-5.10291
-5.09448
-5.08299
-5.07215
-5.059
-5.04577
-5.03398
-5.02642
-5.02252
-5.02542
-5.03628
-5.05331
-5.07746
-5.10686
-5.13794
-5.16465
-5.18912
-5.20825
-5.22329
-5.2368
-5.24806
-5.25625
-5.26278
-5.2644
-5.26451
-5.26236
-5.25814
-5.25362
-5.24771
-5.23996
-5.23037
-5.21826
-5.20434
-5.19147
-5.17855
-5.16632
-5.15356
-5.14287
-5.13292
-5.12361
-5.11708
-5.11306
-5.11343
-5.11906
-5.13076
-5.14795
-5.16696
-5.18707
-5.20581
-5.22075
-5.23065
-5.23749
-5.23911
-5.23698
-5.2313
-5.22264
-5.21531
-5.20871
-5.20409
-5.20278
-5.19913
-5.19144
-5.18001
-5.16233
-5.14136
-5.11965
-5.09895
-5.08303
-5.07447
-5.0765
-5.08938
-5.11201
-5.13875
-5.16546
-5.18779
-5.20468
-5.21344
-5.21633
-5.21415
-5.20719
-5.19714
-5.18559
-5.17368
-5.15893
-5.14243
-5.12279
-5.10493
-5.08725
-5.07031
-5.05579
-5.04326
-5.03321
-5.02791
-5.02933
-5.03887
-5.05473
-5.07382
-5.09166
-5.10572
-5.11558
-5.12105
-5.12152
-5.11696
-5.10777
-5.09467
-5.07962
-5.06364
-5.04815
-5.03467
-5.02215
-5.01267
-5.00465
-4.99801
-4.99201
-4.98687
-4.98328
-4.98328
-4.9863
-4.99407
-5.00483
-5.01696
-5.0287
-5.04083
-5.04982
-5.0565
-5.06036
-5.06276
-5.06302
-5.06234
-5.05884
-5.0542
-5.05325
-5.057
-5.06548
-5.07953
-5.09655
-5.11395
-5.12913
-5.14061
-5.14638
-5.14803
-5.14799
-5.14871
-5.15082
-5.15408
-5.16039
-5.16717
-5.17452
-5.18388
-5.19438
-5.20711
-5.22038
-5.23298
-5.24487
-5.25127
-5.2545
-5.25562
-5.25335
-5.2503
-5.24715
-5.2435
-5.24068
-5.23795
-5.23362
-5.22827
-5.22209
-5.21442
-5.20442
-5.1934
-5.17969
-5.16492
-5.15093
-5.13928
-5.13364
-5.13365
-5.13897
-5.1459
-5.15491
-5.16447
-5.17419
-5.18281
-5.18748
-5.19179
-5.19354
-5.19333
-5.19271
-5.19177
-5.19093
-5.19076
-5.1899
-5.18886
-5.18576
-5.17915
-5.17008
-5.15931
-5.1492
-5.14125
-5.13725
-5.13676
-5.13855
-5.13995
-5.13828
-5.13121
-5.11916
-5.10216
-5.07901
-5.05633
-5.03851
-5.02754
-5.0256
-5.03425
-5.05075
-5.07024
-5.09187
-5.11138
-5.12546
-5.13431
-5.13789
-5.13889
-5.13501
-5.13039
-5.12217
-5.10979
-5.09392
-5.07709
-5.06283
-5.05164
-5.04307
-5.03414
-5.02392
-5.013
-5.0033
-4.99519
-4.98895
-4.98675
-4.99099
-5.00163
-5.01689
-5.03561
-5.05369
-5.06856
-5.0781
-5.08163
-5.08017
-5.0755
-5.06741
-5.05972
-5.05346
-5.05139
-5.05346
-5.05757
-5.0621
-5.06746
-5.07236
-5.07625
-5.07901
-5.08345
-5.08884
-5.09421
-5.10313
-5.11501
-5.1314
-5.14867
-5.16242
-5.17016
-5.16623
-5.1514
-5.12844
-5.1037
-5.08317
-5.06857
-5.05918
-5.04962
-5.03701
-5.02244
-5.00609
-4.9911
-4.97684
-4.96481
-4.95222
-4.94084
-4.92913
-4.91675
-4.90618
-4.89858
-4.89571
-4.90057
-4.91635
-4.94325
-4.97878
-5.02018
-5.06121
-5.1009
-5.13248
-5.15222
-5.15855
-5.14923
-5.12519
-5.08762
-5.04521
-5.00689
-4.97835
-4.96351
-4.96017
-4.96202
-4.96641
-4.97095
-4.97876
-4.99069
-5.00614
-5.02344
-5.04091
-5.05408
-5.06117
-5.06012
-5.0528
-5.03687
-5.01661
-4.9914
-4.96647
-4.94403
-4.92826
-4.9187
-4.91217
-4.90696
-4.90169
-4.89713
-4.89335
-4.89347
-4.8985
-4.90917
-4.92585
-4.9449
-4.96711
-4.98967
-5.00977
-5.02833
-5.04678
-5.06246
-5.07691
-5.09006
-5.09876
-5.10297
-5.10132
-5.09369
-5.08173
-5.06535
-5.04773
-5.03322
-5.02109
-5.01373
-5.01089
-5.01227
-5.01931
-5.02908
-5.03994
-5.0507
-5.05746
-5.06135
-5.06208
-5.059
-5.0503
-5.03845
-5.0247
-5.01128
-5.00026
-4.99126
-4.98479
-4.9824
-4.98322
-4.9876
-4.9937
-5.00073
-5.00821
-5.01431
-5.02263
-5.03413
-5.0477
-5.06285
-5.07577
-5.0865
-5.09417
-5.10005
-5.1041
-5.1075
-5.11087
-5.11669
-5.12156
-5.12638
-5.13072
-5.13176
-5.1296
-5.12126
-5.1091
-5.09428
-5.07795
-5.06271
-5.04922
-5.04088
-5.03667
-5.03872
-5.04575
-5.05655
-5.06712
-5.07583
-5.07865
-5.07686
-5.07058
-5.06039
-5.0522
-5.04717
-5.04785
-5.05428
-5.06386
-5.07538
-5.08383
-5.08503
-5.08024
-5.07121
-5.05726
-5.04193
-5.02655
-5.0138
-5.00433
-4.9999
-5.00059
-5.00624
-5.0153
-5.02611
-5.03638
-5.04692
-5.05635
-5.06501
-5.07141
-5.07771
-5.08079
-5.08068
-5.07788
-5.07294
-5.06589
-5.05825
-5.05404
-5.05185
-5.0527
-5.05638
-5.06108
-5.06618
-5.07098
-5.07533
-5.07865
-5.08054
-5.08194
-5.08067
-5.07935
-5.07461
-5.06928
-5.06348
-5.0601
-5.05806
-5.05743
-5.05727
-5.05625
-5.05393
-5.04707
-5.03394
-5.01382
-4.98668
-4.95623
-4.92519
-4.89671
-4.87919
-4.87799
-4.89513
-4.92877
-4.97172
-5.01729
-5.05797
-5.08986
-5.11134
-5.12072
-5.12007
-5.11041
-5.09702
-5.08284
-5.07048
-5.06119
-5.0552
-5.05165
-5.04614
-5.03653
-5.02159
-5.00169
-4.97797
-4.95369
-4.93289
-4.91813
-4.91302
-4.91794
-4.93004
-4.94941
-4.97089
-4.99212
-5.01181
-5.02684
-5.03846
-5.04652
-5.05244
-5.0557
-5.05561
-5.0509
-5.04289
-5.02993
-5.01542
-4.99796
-4.9842
-4.97262
-4.9668
-4.96603
-4.97039
-4.97676
-4.97973
-4.97736
-4.97508
-4.97255
-4.97051
-4.96808
-4.96457
-4.96004
-4.95376
-4.94944
-4.95266
-4.95997
-4.9713
-4.98577
-4.9994
-5.00799
-5.01084
-5.00601
-4.99593
-4.9821
-4.97231
-4.96192
-4.95497
-4.95109
-4.95027
-4.95371
-4.95951
-4.96889
-4.98248
-4.99727
-5.0134
-5.02612
-5.03664
-5.04196
-5.04468
-5.04286
-5.04033
-5.0393
-5.04233
-5.05153
-5.06394
-5.07974
-5.09508
-5.10838
-5.11996
-5.12849
-5.13482
-5.14035
-5.14292
-5.14412
-5.14289
-5.13804
-5.12695
-5.11307
-5.09486
-5.07424
-5.05494
-5.03988
-5.03158
-5.0309
-5.03905
-5.05481
-5.07858
-5.10365
-5.12885
-5.14901
-5.16199
-5.16799
-5.16772
-5.16197
-5.15505
-5.14975
-5.14747
-5.14612
-5.14795
-5.14964
-5.15104
-5.15262
-5.15484
-5.15636
-5.15658
-5.15509
-5.15161
-5.14619
-5.13655
-5.12523
-5.11415
-5.10575
-5.09945
-5.09888
-5.10215
-5.10835
-5.11967
-5.13571
-5.15391
-5.17168
-5.18679
-5.19613
-5.19863
-5.18963
-5.17458
-5.15513
-5.13671
-5.12217
-5.11207
-5.10275
-5.09385
-5.08316
-5.07028
-5.06002
-5.05204
-5.04801
-5.04626
-5.04749
-5.05017
-5.05322
-5.05622
-5.05972
-5.06414
-5.06896
-5.07403
-5.07605
-5.07416
-5.06906
-5.0648
-5.06139
-5.05776
-5.0529
-5.05041
-5.04938
-5.04958
-5.05084
-5.05311
-5.05459
-5.05442
-5.05241
-5.0478
-5.03893
-5.02967
-5.01989
-5.01082
-5.00256
-4.9973
-4.9941
-4.99738
-5.00277
-5.01145
-5.02116
-5.02467
-5.01909
-5.00156
-4.97752
-4.95328
-4.93793
-4.93436
-4.94218
-4.95599
-4.97297
-4.99337
-5.01751
-5.04218
-5.06541
-5.08375
-5.09239
-5.09258
-5.08658
-5.07731
-5.06885
-5.0628
-5.06157
-5.06316
-5.069
-5.07807
-5.09041
-5.10334
-5.11636
-5.12761
-5.13558
-5.14067
-5.14271
-5.14403
-5.14435
-5.14486
-5.14706
-5.14966
-5.151
-5.14883
-5.14431
-5.13502
-5.12274
-5.10935
-5.09603
-5.08431
-5.07579
-5.07339
-5.07943
-5.09385
-5.11573
-5.14217
-5.16527
-5.18137
-5.18494
-5.17485
-5.15102
-5.11715
-5.08014
-5.04667
-5.02012
-5.00205
-4.99162
-4.98713
-4.9874
-4.99046
-4.99745
-5.0084
-5.02333
-5.03962
-5.05471
-5.06823
-5.08106
-5.09061
-5.09971
-5.10852
-5.11817
-5.1267
-5.13604
-5.14336
-5.14898
-5.15174
-5.1498
-5.14394
-5.1323
-5.11633
-5.09684
-5.07615
-5.05489
-5.03737
-5.02442
-5.01925
-5.01991
-5.02384
-5.02865
-5.03263
-5.03573
-5.0372
-5.04031
-5.04421
-5.04813
-5.04896
-5.04444
-5.03491
-5.02135
-5.00869
-4.99623
-4.98937
-4.98823
-4.99452
-5.00589
-5.02058
-5.03921
-5.05598
-5.07131
-5.08723
-5.09957
-5.11031
-5.11766
-5.12085
-5.11608
-5.1038
-5.08688
-5.0659
-5.04559
-5.03027
-5.01986
-5.01624
-5.01955
-5.03083
-5.04838
-5.06898
-5.08851
-5.10353
-5.11003
-5.10616
-5.09408
-5.07702
-5.05891
-5.04448
-5.0363
-5.03539
-5.03938
-5.04796
-5.05928
-5.07517
-5.09261
-5.1098
-5.12595
-5.13972
-5.14772
-5.14972
-5.14625
-5.13641
-5.11956
-5.10142
-5.08528
-5.07495
-5.07147
-5.07426
-5.08041
-5.08634
-5.08739
-5.08206
-5.07249
-5.06081
-5.05065
-5.04325
-5.04019
-5.04039
-5.04213
-5.04554
-5.05013
-5.05447
-5.05722
-5.05923
-5.05937
-5.05654
-5.05221
-5.04613
-5.04037
-5.03065
-5.01743
-5.00107
-4.98037
-4.95424
-4.92473
-4.89349
-4.86135
-4.83415
-4.81431
-4.80535
-4.80673
-4.81842
-4.83921
-4.86595
-4.89669
-4.9312
-4.96567
-5.00007
-5.03179
-5.05937
-5.08308
-5.10419
-5.12055
-5.1331
-5.14382
-5.15359
-5.1641
-5.1776
-5.19436
-5.21377
-5.23599
-5.25567
-5.27133
-5.2839
-5.29168
-5.29458
-5.29353
-5.29053
-5.287
-5.28468
-5.28204
-5.27812
-5.2742
-5.26586
-5.25303
-5.23622
-5.21342
-5.18608
-5.15746
-5.12767
-5.10188
-5.08163
-5.06663
-5.05714
-5.04858
-5.03976
-5.02806
-5.01048
-4.99204
-4.97563
-4.96347
-4.9561
-4.95462
-4.95781
-4.96366
-4.96897
-4.97392
-4.97907
-4.98164
-4.98274
-4.98454
-4.9847
-4.98379
-4.98369
-4.98182
-4.98058
-4.97757
-4.97072
-4.96438
-4.95704
-4.94955
-4.94316
-4.94216
-4.94714
-4.95651
-4.9717
-4.99076
-5.01275
-5.03349
-5.05037
-5.06452
-5.07059
-5.06933
-5.06286
-5.05384
-5.04274
-5.03253
-5.02557
-5.02068
-5.01704
-5.01335
-5.00766
-5.00103
-4.99199
-4.98176
-4.97109
-4.9645
-4.96586
-4.98126
-5.00701
-5.04011
-5.07454
-5.10389
-5.12501
-5.13899
-5.14617
-5.14982
-5.1506
-5.15139
-5.15276
-5.15591
-5.16161
-5.16673
-5.17155
-5.17364
-5.17177
-5.16441
-5.15359
-5.14064
-5.12649
-5.11181
-5.09795
-5.08554
-5.07481
-5.06828
-5.0663
-5.07231
-5.08651
-5.10712
-5.1314
-5.15501
-5.17659
-5.19406
-5.20552
-5.21346
-5.22215
-5.2277
-5.22954
-5.22573
-5.21729
-5.20169
-5.18276
-5.16491
-5.14807
-5.13137
-5.11271
-5.09394
-5.07334
-5.05475
-5.04072
-5.03338
-5.03469
-5.04417
-5.05687
-5.07261
-5.09069
-5.10729
-5.12111
-5.13227
-5.13856
-5.14112
-5.14015
-5.13757
-5.13472
-5.13514
-5.13802
-5.14419
-5.15001
-5.15253
-5.15037
-5.14007
-5.12345
-5.10109
-5.07511
-5.05019
-5.02851
-5.01258
-5.00513
-5.00542
-5.00991
-5.01704
-5.02428
-5.03049
-5.03513
-5.03584
-5.03284
-5.02812
-5.02315
-5.01737
-5.01545
-5.0156
-5.01843
-5.02287
-5.02805
-5.03302
-5.03617
-5.03856
-5.03806
-5.03388
-5.02663
-5.01679
-5.00382
-4.99054
-4.97638
-4.96723
-4.96036
-4.95483
-4.95113
-4.94593
-4.94185
-4.93791
-4.93697
-4.93827
-4.94351
-4.95262
-4.96304
-4.97324
-4.98133
-4.98481
-4.98296
-4.97738
-4.96839
-4.95647
-4.94709
-4.94488
-4.95081
-4.96978
-4.9997
-5.036
-5.07427
-5.10769
-5.13223
-5.1418
-5.13816
-5.12144
-5.09473
-5.06311
-5.03075
-5.00003
-4.97526
-4.95846
-4.9491
-4.94718
-4.95253
-4.96318
-4.97547
-4.98967
-5.00236
-5.0109
-5.01333
-5.01128
-5.00477
-4.99771
-4.99064
-4.98526
-4.98275
-4.98582
-4.99519
-5.00795
-5.0233
-5.0369
-5.05098
-5.06256
-5.06967
-5.07182
-5.07046
-5.06546
-5.05926
-5.05571
-5.05514
-5.05724
-5.06066
-5.06263
-5.06167
-5.05483
-5.045
-5.0329
-5.01778
-5.00281
-4.98906
-4.98053
-4.97912
-4.98568
-4.99932
-5.01844
-5.03926
-5.05948
-5.07619
-5.08792
-5.09293
-5.08864
-5.07477
-5.0516
-5.02321
-4.9946
-4.97001
-4.95246
-4.9431
-4.94106
-4.94324
-4.94596
-4.94867
-4.95108
-4.95382
-4.95728
-4.96498
-4.97535
-4.98471
-4.99267
-5.00016
-5.00692
-5.01725
-5.02841
-5.04057
-5.05529
-5.06986
-5.0856
-5.10206
-5.12046
-5.13905
-5.15606
-5.17052
-5.17849
-5.1803
-5.17529
-5.16444
-5.15059
-5.13411
-5.11706
-5.09839
-5.07801
-5.05615
-5.03533
-5.01582
-4.99682
-4.98006
-4.96351
-4.94803
-4.93426
-4.92361
-4.91767
-4.92073
-4.93204
-4.95048
-4.97336
-4.99833
-5.02567
-5.04538
-5.05994
-5.07019
-5.07762
-5.08286
-5.08653
-5.08717
-5.08408
-5.07679
-5.06646
-5.05242
-5.03861
-5.02727
-5.02135
-5.02275
-5.03234
-5.04721
-5.06428
-5.08042
-5.08962
-5.09156
-5.08514
-5.07132
-5.05172
-5.02594
-4.99469
-4.95836
-4.92373
-4.90083
-4.896
-4.91419
-4.95154
-5.00073
-5.05252
-5.10021
-5.13973
-5.16586
-5.17967
-5.18072
-5.16893
-5.14635
-5.11792
-5.08559
-5.05585
-5.02971
-5.00977
-4.99443
-4.98591
-4.98458
-4.99205
-5.00902
-5.03336
-5.05941
-5.0809
-5.09753
-5.10637
-5.1082
-5.10564
-5.10198
-5.09762
-5.09496
-5.09241
-5.09083
-5.08868
-5.08682
-5.08225
-5.07484
-5.06188
-5.0427
-5.01775
-4.98561
-4.95491
-4.92881
-4.91214
-4.90727
-4.91622
-4.93516
-4.96187
-4.99241
-5.02441
-5.05148
-5.07423
-5.08632
-5.08683
-5.07638
-5.05802
-5.03735
-5.01925
-5.00568
-4.99699
-4.99216
-4.99233
-5.00117
-5.01198
-5.02454
-5.03486
-5.04085
-5.04063
-5.03696
-5.02882
-5.02137
-5.01342
-5.00713
-5.00187
-4.99763
-4.99327
-4.98874
-4.98339
-4.97806
-4.97727
-4.98159
-4.99527
-5.01919
-5.05216
-5.09124
-5.12893
-5.16022
-5.18098
-5.18962
-5.18426
-5.16484
-5.13501
-5.09774
-5.06365
-5.0365
-5.0203
-5.01547
-5.01925
-5.02613
-5.03217
-5.03529
-5.03575
-5.03245
-5.02399
-5.01455
-5.00165
-4.98743
-4.97731
-4.97385
-4.97838
-4.9891
-5.00453
-5.02114
-5.03809
-5.05315
-5.06515
-5.07098
-5.06876
-5.05871
-5.04134
-5.01849
-4.99083
-4.96396
-4.94035
-4.93178
-4.94183
-4.96789
-5.001
-5.03635
-5.06807
-5.09437
-5.1179
-5.13829
-5.15513
-5.17068
-5.18267
-5.1889
-5.18854
-5.18307
-5.16984
-5.14995
-5.12659
-5.10043
-5.07341
-5.04362
-5.01247
-4.98136
-4.951
-4.92255
-4.89834
-4.87962
-4.86931
-4.8674
-4.87652
-4.89491
-4.91943
-4.94285
-4.9588
-4.96561
-4.96217
-4.95195
-4.94143
-4.93295
-4.92711
-4.92414
-4.92096
-4.91392
-4.90257
-4.88556
-4.86717
-4.85113
-4.844
-4.84825
-4.86367
-4.88952
-4.91748
-4.94527
-4.96907
-4.9876
-5.00226
-5.01237
-5.0191
-5.02477
-5.02693
-5.02897
-5.03029
-5.03151
-5.03361
-5.03357
-5.03765
-5.04626
-5.05943
-5.07589
-5.09382
-5.10785
-5.11647
-5.11709
-5.10886
-5.09512
-5.07845
-5.06149
-5.04438
-5.02901
-5.01273
-5.00102
-4.9962
-5.00047
-5.01531
-5.035
-5.0566
-5.07385
-5.08179
-5.0809
-5.07395
-5.06197
-5.05078
-5.04348
-5.04284
-5.04947
-5.05743
-5.06672
-5.07198
-5.07105
-5.06351
-5.05237
-5.03933
-5.03106
-5.03073
-5.0399
-5.05899
-5.08356
-5.10994
-5.13485
-5.1551
-5.16822
-5.17515
-5.17785
-5.17404
-5.16694
-5.15775
-5.14816
-5.13543
-5.12099
-5.10224
-5.08193
-5.05836
-5.03865
-5.02548
-5.01923
-5.01873
-5.02527
-5.03499
-5.05152
-5.07237
-5.09462
-5.11646
-5.13374
-5.14459
-5.14761
-5.14157
-5.1286
-5.11099
-5.09207
-5.07166
-5.05232
-5.03372
-5.01739
-5.00725
-5.0031
-5.00611
-5.01276
-5.02092
-5.03034
-5.03713
-5.04181
-5.04263
-5.03927
-5.03371
-5.02349
-5.01195
-5.00215
-4.99338
-4.99006
-4.99342
-5.00449
-5.02449
-5.04886
-5.07644
-5.10277
-5.12661
-5.14345
-5.15515
-5.15975
-5.15841
-5.14955
-5.13261
-5.10881
-5.08056
-5.04815
-5.01715
-4.99056
-4.96897
-4.95631
-4.95204
-4.95457
-4.96346
-4.97251
-4.9802
-4.98138
-4.97396
-4.96105
-4.94545
-4.93074
-4.92037
-4.9142
-4.91529
-4.92218
-4.93224
-4.94685
-4.96306
-4.97772
-4.99185
-5.00238
-5.01221
-5.01858
-5.0216
-5.02076
-5.01281
-4.9987
-4.97845
-4.95507
-4.93903
-4.93034
-4.93023
-4.93688
-4.94593
-4.95587
-4.96336
-4.97013
-4.97602
-4.97824
-4.97862
-4.97684
-4.97348
-4.96855
-4.96445
-4.96421
-4.96817
-4.97642
-4.991
-5.01164
-5.03637
-5.06365
-5.08928
-5.11069
-5.12485
-5.12889
-5.12056
-5.09999
-5.07005
-5.03444
-4.99669
-4.95976
-4.93
-4.90631
-4.88724
-4.87659
-4.87708
-4.88998
-4.91449
-4.94967
-4.98863
-5.02561
-5.05519
-5.07357
-5.08154
-5.07779
-5.06744
-5.05533
-5.04636
-5.04306
-5.04817
-5.05587
-5.0656
-5.07331
-5.07377
-5.06645
-5.05269
-5.03588
-5.01951
-5.00905
-5.00642
-5.01115
-5.01884
-5.02598
-5.0316
-5.03481
-5.0357
-5.03522
-5.03458
-5.03308
-5.03043
-5.02634
-5.01949
-5.01144
-5.00531
-4.99689
-4.98885
-4.97993
-4.97248
-4.96864
-4.96993
-4.97795
-4.99083
-5.00656
-5.02388
-5.03778
-5.04563
-5.04639
-5.04318
-5.03914
-5.04002
-5.04942
-5.06683
-5.08873
-5.11211
-5.13293
-5.14889
-5.161
-5.1677
-5.16866
-5.16419
-5.15543
-5.13962
-5.11817
-5.09612
-5.0782
-5.06804
-5.06423
-5.06507
-5.06514
-5.05782
-5.04388
-5.0224
-4.99791
-4.97281
-4.95268
-4.93551
-4.92102
-4.90525
-4.88526
-4.86145
-4.83805
-4.82204
-4.81971
-4.83171
-4.85773
-4.89167
-4.92739
-4.96189
-4.99121
-5.01197
-5.02389
-5.0244
-5.01436
-4.99874
-4.98026
-4.96777
-4.96644
-4.97742
-4.99502
-5.01755
-5.04231
-5.06839
-5.09626
-5.12694
-5.15405
-5.17591
-5.18838
-5.19005
-5.18199
-5.16522
-5.14117
-5.11322
-5.0821
-5.05315
-5.02777
-5.00787
-4.99673
-4.99503
-5.00291
-5.01606
-5.03171
-5.04456
-5.05615
-5.06243
-5.06656
-5.06907
-5.06984
-5.06994
-5.06843
-5.06383
-5.05707
-5.04819
-5.03912
-5.03371
-5.02937
-5.0265
-5.02277
-5.01907
-5.01466
-5.00702
-4.99842
-4.99043
-4.98829
-4.99296
-5.00437
-5.02057
-5.03813
-5.05492
-5.0688
-5.07631
-5.07788
-5.07269
-5.06006
-5.04031
-5.01585
-4.9901
-4.96507
-4.94589
-4.93617
-4.93882
-4.95328
-4.972
-4.99275
-5.01151
-5.02637
-5.03616
-5.04254
-5.04441
-5.04172
-5.03491
-5.02357
-5.00816
-4.98871
-4.96672
-4.9425
-4.92014
-4.90177
-4.89049
-4.88566
-4.88809
-4.89656
-4.90838
-4.92093
-4.93458
-4.94862
-4.96063
-4.97064
-4.97883
-4.98264
-4.98266
-4.97801
-4.97063
-4.96411
-4.95992
-4.96304
-4.97365
-4.99107
-5.01195
-5.03148
-5.04628
-5.05435
-5.05411
-5.04754
-5.03479
-5.01903
-5.00303
-4.99069
-4.98498
-4.98244
-4.98097
-4.97693
-4.9691
-4.95795
-4.94338
-4.92809
-4.91227
-4.90174
-4.8942
-4.89222
-4.89345
-4.89442
-4.89469
-4.89176
-4.88654
-4.8841
-4.88493
-4.89459
-4.91393
-4.94011
-4.97081
-5.00265
-5.03208
-5.05741
-5.07788
-5.09048
-5.09737
-5.09932
-5.09759
-5.08917
-5.07887
-5.06352
-5.05108
-5.04442
-5.04673
-5.05533
-5.06586
-5.07379
-5.07626
-5.07079
-5.05872
-5.04045
-5.0209
-4.99999
-4.98385
-4.97267
-4.96649
-4.9665
-4.96912
-4.97266
-4.97447
-4.97216
-4.96255
-4.9461
-4.9234
-4.89243
-4.85864
-4.821
-4.78656
-4.75745
-4.73969
-4.73543
-4.74837
-4.77745
-4.82043
-4.87098
-4.92373
-4.97108
-5.01086
-5.03848
-5.05234
-5.05622
-5.05258
-5.04333
-5.02955
-5.01507
-4.99733
-4.98059
-4.96488
-4.95019
-4.94227
-4.94314
-4.95586
-4.9799
-5.00792
-5.03468
-5.05605
-5.07091
-5.07763
-5.0804
-5.07454
-5.06107
-5.04028
-5.01699
-4.9916
-4.96803
-4.95226
-4.9467
-4.94949
-4.96129
-4.97964
-5.00034
-5.02136
-5.04065
-5.05745
-5.06892
-5.07363
-5.072
-5.06483
-5.05256
-5.03529
-5.01559
-4.99371
-4.9738
-4.95726
-4.94673
-4.94442
-4.9467
-4.95254
-4.96292
-4.97485
-4.98928
-5.00563
-5.0243
-5.04565
-5.06703
-5.08653
-5.10322
-5.11357
-5.1169
-5.10941
-5.09416
-5.07304
-5.04952
-5.02756
-5.00495
-4.98065
-4.95464
-4.92793
-4.90197
-4.88131
-4.86741
-4.86488
-4.87209
-4.88417
-4.89675
-4.9083
-4.91542
-4.91947
-4.92056
-4.91954
-4.91652
-4.91529
-4.91396
-4.91466
-4.91807
-4.92374
-4.93293
-4.94428
-4.95784
-4.96994
-4.97798
-4.98178
-4.98058
-4.97456
-4.96237
-4.94576
-4.92695
-4.91069
-4.89753
-4.89011
-4.88706
-4.88885
-4.8975
-4.9099
-4.92643
-4.94542
-4.96647
-4.98895
-5.01204
-5.03332
-5.05173
-5.06688
-5.07917
-5.08682
-5.09176
-5.09084
-5.08529
-5.0756
-5.06339
-5.05181
-5.04223
-5.03628
-5.03701
-5.04256
-5.05284
-5.06349
-5.07349
-5.08012
-5.08362
-5.0808
-5.07046
-5.05497
-5.0323
-5.00783
-4.9846
-4.96839
-4.96142
-4.96447
-4.97711
-4.99465
-5.00899
-5.01601
-5.01544
-5.00621
-4.99213
-4.97241
-4.94903
-4.92192
-4.89167
-4.85932
-4.82748
-4.79894
-4.77536
-4.75861
-4.75342
-4.75701
-4.76836
-4.78455
-4.80509
-4.8299
-4.85794
-4.89017
-4.92124
-4.9503
-4.97316
-4.98931
-4.9999
-5.00691
-5.01277
-5.01845
-5.02437
-5.02937
-5.03248
-5.03199
-5.02989
-5.02683
-5.02398
-5.02323
-5.0288
-5.04172
-5.06076
-5.08256
-5.10704
-5.12929
-5.14657
-5.15663
-5.15672
-5.1468
-5.12837
-5.10684
-5.08405
-5.06375
-5.04787
-5.03625
-5.02813
-5.02335
-5.01791
-5.01217
-5.00579
-4.99964
-4.99636
-4.99896
-5.0055
-5.01749
-5.03369
-5.04855
-5.06199
-5.06893
-5.06606
-5.05258
-5.03207
-5.00818
-4.9817
-4.9579
-4.94104
-4.9327
-4.93527
-4.94403
-4.95161
-4.95514
-4.94803
-4.93329
-4.91438
-4.89471
-4.88006
-4.87241
-4.8726
-4.87831
-4.88841
-4.90053
-4.91615
-4.93538
-4.95456
-4.97171
-4.98834
-5.00426
-5.02094
-5.03592
-5.05193
-5.06478
-5.07449
-5.08163
-5.08361
-5.0789
-5.06964
-5.05504
-5.03721
-5.01925
-5.00078
-4.98465
-4.97276
-4.96417
-4.96158
-4.96383
-4.97174
-4.98217
-4.99667
-5.00901
-5.0183
-5.02076
-5.01185
-4.99069
-4.96341
-4.93193
-4.9036
-4.88446
-4.87532
-4.87647
-4.88591
-4.90296
-4.92552
-4.95301
-4.98209
-5.01181
-5.04275
-5.07213
-5.09488
-5.10923
-5.11345
-5.10616
-5.08943
-5.06638
-5.04269
-5.01884
-4.99987
-4.98711
-4.98027
-4.97943
-4.98085
-4.98416
-4.98818
-4.99034
-4.99221
-4.98966
-4.9867
-4.98393
-4.98229
-4.98473
-4.98811
-4.99267
-4.99621
-4.99954
-5.00203
-5.00973
-5.02074
-5.03485
-5.05284
-5.07122
-5.08756
-5.10219
-5.1134
-5.12148
-5.1229
-5.11886
-5.10994
-5.09416
-5.07202
-5.04695
-5.026
-5.01257
-5.00631
-5.00502
-5.00798
-5.01058
-5.00998
-5.00799
-5.00346
-5.00046
-5.00034
-5.00525
-5.01412
-5.0264
-5.03897
-5.05056
-5.05832
-5.06588
-5.07133
-5.07562
-5.08195
-5.0863
-5.091
-5.09791
-5.10548
-5.11676
-5.13067
-5.14672
-5.16189
-5.17285
-5.17827
-5.17653
-5.16782
-5.154
-5.13493
-5.11407
-5.09527
-5.07925
-5.07163
-5.07281
-5.0845
-5.10358
-5.12865
-5.15565
-5.18291
-5.20699
-5.22657
-5.24106
-5.24895
-5.24915
-5.24321
-5.23214
-5.21578
-5.1972
-5.17716
-5.15685
-5.14026
-5.12557
-5.11498
-5.10759
-5.10428
-5.10524
-5.10715
-5.10827
-5.10626
-5.09943
-5.09067
-5.07892
-5.06603
-5.05435
-5.04178
-5.02864
-5.01363
-4.99776
-4.98298
-4.97227
-4.96545
-4.96165
-4.95824
-4.95258
-4.94359
-4.93519
-4.93004
-4.93082
-4.93919
-4.95345
-4.97054
-4.98887
-5.00453
-5.01541
-5.0204
-5.02125
-5.02167
-5.02399
-5.03072
-5.04277
-5.05735
-5.07212
-5.08499
-5.09215
-5.09618
-5.09894
-5.10137
-5.1063
-5.11058
-5.1133
-5.11316
-5.10663
-5.09387
-5.07169
-5.03881
-4.99518
-4.94707
-4.90587
-4.88142
-4.87543
-4.88434
-4.90165
-4.92298
-4.94225
-4.95639
-4.96559
-4.97691
-4.99664
-5.02425
-5.0503
-5.06457
-5.06653
-5.05852
-5.04718
-5.03966
-5.03579
-5.0422
-5.05638
-5.07871
-5.10506
-5.13069
-5.15144
-5.16259
-5.16185
-5.14975
-5.1282
-5.09852
-5.06615
-5.03356
-5.00371
-4.98153
-4.96894
-4.96539
-4.96826
-4.97414
-4.97961
-4.98298
-4.98569
-4.98662
-4.98805
-4.99282
-4.99918
-5.00483
-5.01007
-5.01579
-5.02283
-5.03538
-5.0543
-5.08055
-5.10835
-5.13299
-5.15054
-5.15967
-5.1612
-5.15674
-5.14697
-5.13424
-5.11918
-5.09951
-5.07764
-5.05229
-5.02592
-4.99966
-4.97637
-4.95901
-4.94718
-4.94398
-4.95048
-4.96792
-4.99317
-5.02407
-5.05491
-5.08036
-5.09802
-5.10495
-5.09999
-5.08679
-5.0677
-5.04582
-5.0262
-5.00978
-4.99714
-4.98441
-4.97304
-4.96318
-4.95597
-4.95592
-4.95947
-4.96843
-4.97791
-4.98927
-5.00163
-5.0167
-5.03618
-5.05848
-5.08196
-5.10322
-5.12215
-5.13735
-5.14692
-5.15053
-5.14854
-5.14324
-5.13457
-5.12439
-5.11186
-5.09772
-5.0825
-5.06479
-5.04628
-5.02942
-5.01491
-5.00446
-4.99637
-4.98909
-4.97961
-4.96561
-4.94688
-4.92258
-4.89616
-4.87052
-4.85175
-4.84505
-4.85146
-4.8725
-4.90194
-4.93213
-4.95757
-4.97541
-4.98628
-4.99241
-4.99578
-4.99947
-5.00798
-5.01802
-5.03151
-5.04377
-5.05332
-5.05832
-5.06298
-5.06773
-5.07349
-5.08288
-5.09492
-5.10954
-5.12593
-5.13763
-5.14163
-5.13453
-5.11467
-5.08343
-5.04294
-4.99876
-4.95922
-4.92994
-4.91555
-4.9138
-4.91828
-4.9243
-4.92844
-4.92957
-4.92847
-4.92733
-4.92678
-4.93015
-4.93556
-4.94441
-4.95659
-4.96867
-4.98126
-4.99421
-5.00871
-5.0273
-5.04918
-5.07174
-5.09056
-5.10449
-5.11275
-5.11558
-5.1152
-5.11261
-5.11096
-5.10972
-5.10687
-5.10141
-5.09334
-5.0846
-5.07545
-5.06847
-5.0629
-5.05924
-5.05956
-5.06163
-5.06397
-5.06667
-5.06793
-5.06795
-5.06611
-5.06033
-5.0496
-5.03205
-5.01313
-4.9991
-4.99723
-5.00583
-5.02284
-5.04344
-5.06486
-5.0809
-5.09061
-5.09405
-5.09403
-5.09234
-5.09187
-5.09245
-5.09465
-5.09552
-5.0923
-5.08381
-5.0699
-5.0492
-5.02476
-5.00234
-4.98384
-4.97639
-4.97958
-4.99101
-5.0098
-5.03142
-5.0523
-5.07079
-5.08385
-5.09296
-5.09806
-5.09985
-5.09667
-5.09072
-5.0826
-5.07377
-5.06272
-5.05305
-5.04695
-5.04274
-5.04287
-5.0465
-5.0526
-5.05893
-5.06658
-5.06956
-5.06758
-5.06258
-5.0541
-5.04588
-5.03847
-5.03553
-5.03614
-5.04163
-5.05033
-5.0623
-5.07639
-5.0927
-5.1087
-5.12135
-5.12835
-5.12789
-5.12164
-5.10911
-5.08998
-5.07132
-5.05265
-5.03764
-5.02583
-5.02033
-5.02181
-5.03061
-5.04383
-5.05777
-5.07153
-5.08129
-5.08668
-5.08873
-5.08907
-5.0864
-5.08221
-5.07514
-5.06612
-5.05811
-5.04838
-5.04131
-5.0368
-5.03675
-5.0419
-5.0474
-5.05327
-5.05404
-5.05077
-5.04214
-5.02938
-5.0138
-5.00429
-5.00041
-5.00387
-5.01332
-5.02659
-5.04264
-5.05893
-5.0745
-5.09038
-5.1028
-5.11263
-5.11927
-5.12121
-5.11963
-5.11541
-5.11126
-5.10606
-5.10235
-5.10338
-5.10863
-5.11847
-5.13047
-5.14021
-5.14597
-5.14578
-5.14156
-5.13257
-5.11941
-5.10748
-5.09735
-5.0924
-5.09412
-5.09889
-5.10834
-5.11955
-5.12673
-5.12968
-5.12362
-5.11133
-5.09399
-5.07384
-5.0549
-5.04122
-5.03038
-5.02148
-5.01441
-5.01044
-5.01212
-5.02071
-5.03332
-5.04465
-5.05214
-5.05503
-5.05436
-5.05295
-5.05042
-5.04742
-5.04218
-5.03408
-5.0198
-5.00255
-4.98682
-4.97822
-4.98045
-4.99588
-5.01921
-5.04563
-5.07185
-5.09587
-5.11736
-5.13695
-5.15305
-5.16669
-5.17536
-5.18053
-5.17998
-5.17346
-5.16231
-5.14779
-5.12812
-5.1075
-5.08844
-5.0729
-5.06343
-5.06066
-5.06094
-5.06077
-5.05851
-5.05304
-5.0443
-5.03499
-5.02707
-5.02092
-5.01926
-5.01812
-5.01722
-5.01539
-5.00907
-4.99777
-4.98314
-4.96918
-4.95815
-4.95332
-4.95648
-4.96277
-4.96883
-4.97326
-4.9727
-4.96947
-4.96325
-4.95468
-4.94487
-4.93666
-4.93186
-4.93075
-4.9341
-4.94026
-4.94848
-4.95739
-4.96805
-4.97681
-4.98584
-4.99615
-5.00446
-5.01126
-5.01559
-5.01692
-5.01185
-5.00107
-4.98586
-4.96906
-4.9536
-4.9423
-4.93611
-4.93417
-4.938
-4.94546
-4.95677
-4.96872
-4.97789
-4.9856
-4.98873
-4.98471
-4.97262
-4.95682
-4.93734
-4.91853
-4.90319
-4.89805
-4.90309
-4.91842
-4.93712
-4.95523
-4.97178
-4.98443
-4.99699
-5.0115
-5.02864
-5.05033
-5.0726
-5.09331
-5.11058
-5.12097
-5.12531
-5.12087
-5.11261
-5.10155
-5.08773
-5.07472
-5.06601
-5.06233
-5.066
-5.07658
-5.09238
-5.11228
-5.13294
-5.14997
-5.16245
-5.17039
-5.1723
-5.16875
-5.16029
-5.14663
-5.12851
-5.10557
-5.08183
-5.05615
-5.03233
-5.00991
-4.99239
-4.98095
-4.97055
-4.96303
-4.95833
-4.96154
-4.97402
-4.99271
-5.01402
-5.03413
-5.04847
-5.05972
-5.07077
-5.08436
-5.10123
-5.12046
-5.13844
-5.15276
-5.16057
-5.15971
-5.14805
-5.12765
-5.09939
-5.06641
-5.03208
-5.0015
-4.977
-4.95944
-4.94717
-4.9424
-4.94432
-4.95176
-4.96656
-4.98906
-5.01894
-5.05583
-5.09592
-5.13757
-5.1761
-5.20758
-5.22925
-5.2382
-5.23197
-5.21191
-5.18158
-5.14493
-5.10276
-5.0629
-5.02281
-4.98426
-4.94627
-4.91124
-4.87974
-4.8536
-4.83349
-4.8221
-4.81841
-4.82472
-4.83871
-4.85823
-4.88314
-4.90565
-4.92623
-4.94281
-4.95211
-4.957
-4.95928
-4.96096
-4.96814
-4.9791
-4.99327
-5.00797
-5.0212
-5.0321
-5.03937
-5.04324
-5.04298
-5.03933
-5.03355
-5.02901
-5.02608
-5.02755
-5.03425
-5.04682
-5.06196
-5.08265
-5.10527
-5.12742
-5.14503
-5.15551
-5.15254
-5.13763
-5.11269
-5.0795
-5.0423
-5.00684
-4.97549
-4.95659
-4.94994
-4.95784
-4.97492
-4.99931
-5.02797
-5.05593
-5.08285
-5.10839
-5.12988
-5.14453
-5.15213
-5.15002
-5.14044
-5.12573
-5.11025
-5.09579
-5.08795
-5.08242
-5.08065
-5.08153
-5.08251
-5.08307
-5.08321
-5.08033
-5.07602
-5.07121
-5.06631
-5.05943
-5.0504
-5.03896
-5.02642
-5.01189
-5.00048
-4.99282
-4.99093
-4.99274
-4.99949
-5.00904
-5.02135
-5.03481
-5.04887
-5.06231
-5.07391
-5.08133
-5.08565
-5.08504
-5.08197
-5.07802
-5.07313
-5.06936
-5.06538
-5.06198
-5.05819
-5.05403
-5.05123
-5.05133
-5.05232
-5.05409
-5.05817
-5.06248
-5.06624
-5.06792
-5.06933
-5.07005
-5.07169
-5.07359
-5.07935
-5.08825
-5.09856
-5.10891
-5.11992
-5.13191
-5.1456
-5.16028
-5.17378
-5.18271
-5.1852
-5.18093
-5.16694
-5.14644
-5.11887
-5.09107
-5.0624
-5.03563
-5.01575
-5.00164
-4.99698
-4.99575
-4.99726
-4.99812
-4.9972
-4.99291
-4.99012
-4.9896
-4.99263
-5.00104
-5.01229
-5.02621
-5.03757
-5.04692
-5.05143
-5.05293
-5.05211
-5.05038
-5.04893
-5.04594
-5.03854
-5.0277
-5.01351
-4.99762
-4.98137
-4.9654
-4.95079
-4.94186
-4.94191
-4.95263
-4.9727
-4.99934
-5.028
-5.0558
-5.07817
-5.09431
-5.10369
-5.10921
-5.11374
-5.11917
-5.12762
-5.1393
-5.15196
-5.16221
-5.16979
-5.1728
-5.16983
-5.16171
-5.15014
-5.13525
-5.11952
-5.1044
-5.09186
-5.08169
-5.07322
-5.06896
-5.06866
-5.07179
-5.07847
-5.08657
-5.09417
-5.10398
-5.1158
-5.12798
-5.1408
-5.15176
-5.1589
-5.15916
-5.15219
-5.13921
-5.12057
-5.10154
-5.08358
-5.07037
-5.06215
-5.05641
-5.054
-5.04999
-5.04335
-5.03546
-5.0266
-5.022
-5.02109
-5.02354
-5.02625
-5.02377
-5.01387
-4.99911
-4.98542
-4.98195
-4.99142
-5.00865
-5.0281
-5.04397
-5.0554
-5.05775
-5.05499
-5.04757
-5.03944
-5.0299
-5.01982
-5.00937
-4.99684
-4.98066
-4.96361
-4.9484
-4.9381
-4.93245
-4.93451
-4.94236
-4.95587
-4.97406
-4.9932
-5.01347
-5.03163
-5.04673
-5.05659
-5.05957
-5.05709
-5.05083
-5.04453
-5.03759
-5.03507
-5.03752
-5.04441
-5.05384
-5.06181
-5.06622
-5.06407
-5.05404
-5.03798
-5.01488
-4.99001
-4.96818
-4.95358
-4.94732
-4.94846
-4.95646
-4.96561
-4.97295
-4.97902
-4.98131
-4.98111
-4.9791
-4.97521
-4.96953
-4.96406
-4.95779
-4.95244
-4.95253
-4.95558
-4.96494
-4.97847
-4.99685
-5.02034
-5.0491
-5.0784
-5.1045
-5.12494
-5.13884
-5.14697
-5.14979
-5.14686
-5.14102
-5.13041
-5.11786
-5.10547
-5.09272
-5.0803
-5.07209
-5.06989
-5.07505
-5.08387
-5.09592
-5.10572
-5.10886
-5.10271
-5.08748
-5.06407
-5.03745
-5.01111
-4.99202
-4.98141
-4.97986
-4.982
-4.98707
-4.98993
-4.9902
-4.98451
-4.97661
-4.96562
-4.95506
-4.94798
-4.94558
-4.94751
-4.95388
-4.96614
-4.98318
-5.00501
-5.02977
-5.05457
-5.07737
-5.0949
-5.10924
-5.12002
-5.1294
-5.13584
-5.14113
-5.14494
-5.14549
-5.14052
-5.1298
-5.11614
-5.10054
-5.08477
-5.07155
-5.05997
-5.05423
-5.05119
-5.0529
-5.0566
-5.06106
-5.06618
-5.07238
-5.07943
-5.08741
-5.09616
-5.10338
-5.11057
-5.11233
-5.1075
-5.09591
-5.07904
-5.05706
-5.03325
-5.01245
-4.99823
-4.99275
-4.99567
-5.00434
-5.01966
-5.04004
-5.06461
-5.08962
-5.11301
-5.13366
-5.14979
-5.16166
-5.16909
-5.17425
-5.17584
-5.17166
-5.1602
-5.14016
-5.11284
-5.08135
-5.04845
-5.01692
-4.98524
-4.95475
-4.92698
-4.90348
-4.88567
-4.87278
-4.86667
-4.86571
-4.86866
-4.87359
-4.87947
-4.8855
-4.89155
-4.89675
-4.90296
-4.90973
-4.91839
-4.92598
-4.93619
-4.94595
-4.95379
-4.95861
-4.96039
-4.96312
-4.96612
-4.97206
-4.98148
-4.99375
-5.00943
-5.02532
-5.04177
-5.05524
-5.06608
-5.07433
-5.07955
-5.08149
-5.08292
-5.08122
-5.0796
-5.07607
-5.07033
-5.06409
-5.0581
-5.0535
-5.04941
-5.04633
-5.04539
-5.04717
-5.05117
-5.05594
-5.0608
-5.06502
-5.06916
-5.07375
-5.08116
-5.08949
-5.09733
-5.10338
-5.10555
-5.10095
-5.08961
-5.0738
-5.05489
-5.03717
-5.02259
-5.01565
-5.01327
-5.0159
-5.02085
-5.02712
-5.03206
-5.03853
-5.0465
-5.05586
-5.06707
-5.08186
-5.09643
-5.11244
-5.13117
-5.15064
-5.16924
-5.18543
-5.19613
-5.19957
-5.19184
-5.17496
-5.14913
-5.11537
-5.07813
-5.03979
-5.00497
-4.97555
-4.95241
-4.94046
-4.93616
-4.93897
-4.94642
-4.9539
-4.96173
-4.97053
-4.98002
-4.99033
-5.00127
-5.01341
-5.02493
-5.0362
-5.04579
-5.05316
-5.05681
-5.05895
-5.06035
-5.06162
-5.06505
-5.06979
-5.07733
-5.08816
-5.10258
-5.11926
-5.13791
-5.15599
-5.17185
-5.18433
-5.1922
-5.1955
-5.19352
-5.18665
-5.17653
-5.16441
-5.15234
-5.14054
-5.13301
-5.1288
-5.12838
-5.12807
-5.12758
-5.12368
-5.11332
-5.09799
-5.07967
-5.05704
-5.03041
-5.0052
-4.98408
-4.97265
-4.97278
-4.98661
-5.01302
-5.04639
-5.08326
-5.1197
-5.15328
-5.181
-5.20344
-5.21748
-5.22581
-5.22528
-5.21677
-5.20071
-5.17744
-5.14777
-5.11371
-5.07985
-5.04973
-5.0248
-5.00929
-5.00293
-5.00245
-5.00811
-5.01436
-5.01955
-5.02521
-5.03212
-5.04244
-5.05775
-5.07572
-5.09641
-5.11397
-5.1274
-5.13511
-5.13674
-5.13271
-5.12685
-5.12209
-5.11905
-5.11968
-5.12426
-5.12982
-5.13419
-5.1392
-5.14116
-5.13973
-5.13456
-5.12556
-5.11329
-5.10028
-5.0875
-5.07924
-5.07674
-5.0806
-5.08802
-5.09794
-5.10604
-5.10824
-5.1038
-5.0902
-5.07254
-5.05367
-5.03714
-5.02692
-5.02256
-5.02139
-5.02617
-5.03829
-5.0557
-5.07889
-5.10233
-5.12138
-5.13172
-5.13137
-5.11871
-5.09619
-5.06624
-5.03278
-5.00227
-4.98051
-4.97177
-4.9748
-4.99174
-5.01648
-5.04548
-5.0772
-5.11044
-5.13867
-5.16303
-5.18103
-5.19296
-5.1995
-5.20269
-5.20669
-5.21112
-5.21672
-5.22257
-5.22612
-5.22572
-5.21888
-5.20675
-5.19009
-5.1695
-5.1473
-5.12587
-5.10786
-5.09541
-5.0918
-5.09501
-5.10426
-5.11394
-5.12219
-5.1258
-5.12506
-5.12003
-5.11115
-5.09902
-5.08417
-5.06548
-5.04477
-5.02117
-4.99989
-4.985
-4.98034
-4.9837
-4.99309
-5.0046
-5.01702
-5.02841
-5.03781
-5.04735
-5.05542
-5.06334
-5.07077
-5.07942
-5.08799
-5.09454
-5.09569
-5.09108
-5.08123
-5.06725
-5.05402
-5.044
-5.03982
-5.04083
-5.0468
-5.05317
-5.05605
-5.05382
-5.04672
-5.03292
-5.01431
-4.99441
-4.97504
-4.96019
-4.95293
-4.95547
-4.96538
-4.98409
-5.00415
-5.02397
-5.04116
-5.05274
-5.05811
-5.05826
-5.05441
-5.04853
-5.0442
-5.04256
-5.04463
-5.0503
-5.05984
-5.07233
-5.08576
-5.09928
-5.10961
-5.1147
-5.11291
-5.10645
-5.09294
-5.0791
-5.06401
-5.05135
-5.04317
-5.03748
-5.0349
-5.03178
-5.02912
-5.02452
-5.0204
-5.01842
-5.0192
-5.02423
-5.03131
-5.03873
-5.04375
-5.04715
-5.04697
-5.04706
-5.04923
-5.05456
-5.06171
-5.07067
-5.07781
-5.08028
-5.08049
-5.07733
-5.07277
-5.06421
-5.05164
-5.03373
-5.00969
-4.98508
-4.96371
-4.95785
-4.97318
-5.00863
-5.05359
-5.10025
-5.13779
-5.16356
-5.17487
-5.17109
-5.15113
-5.12148
-5.08514
-5.04955
-5.01988
-5.00026
-4.99358
-4.99793
-5.01113
-5.03168
-5.05412
-5.07427
-5.09201
-5.10733
-5.11829
-5.12758
-5.13835
-5.14702
-5.15291
-5.15539
-5.15198
-5.1455
-5.13733
-5.1269
-5.11589
-5.10594
-5.09638
-5.09149
-5.09086
-5.09779
-5.11014
-5.12392
-5.1347
-5.13717
-5.1288
-5.1117
-5.08773
-5.06156
-5.03699
-5.017
-5.0056
-5.00359
-5.00741
-5.01386
-5.01856
-5.02133
-5.01957
-5.01258
-5.00352
-4.99433
-4.98548
-4.9802
-4.97897
-4.98426
-4.99298
-5.00538
-5.01856
-5.03227
-5.04278
-5.05298
-5.06119
-5.06865
-5.07193
-5.07219
-5.06677
-5.05929
-5.05092
-5.04407
-5.04052
-5.04121
-5.04706
-5.05602
-5.06605
-5.07949
-5.09263
-5.10457
-5.11724
-5.12948
-5.14256
-5.15481
-5.16152
-5.16367
-5.15983
-5.14675
-5.12807
-5.10494
-5.08172
-5.06397
-5.05231
-5.04541
-5.04434
-5.04723
-5.05337
-5.06076
-5.06705
-5.07166
-5.07568
-5.0787
-5.08236
-5.08624
-5.08931
-5.08939
-5.08727
-5.0805
-5.06818
-5.05291
-5.03858
-5.02817
-5.02247
-5.01994
-5.02025
-5.0208
-5.01965
-5.01767
-5.01319
-5.00855
-5.00176
-4.99618
-4.99385
-4.99578
-5.00084
-5.01004
-5.02152
-5.03696
-5.05458
-5.07316
-5.09051
-5.10627
-5.11771
-5.1252
-5.1266
-5.12433
-5.11867
-5.11041
-5.1
-5.08928
-5.07881
-5.06833
-5.05991
-5.05597
-5.05481
-5.05582
-5.05888
-5.06214
-5.06312
-5.06228
-5.0627
-5.06406
-5.06534
-5.069
-5.07553
-5.08682
-5.10329
-5.12032
-5.13807
-5.15199
-5.1598
-5.16183
-5.15517
-5.14075
-5.11917
-5.09229
-5.06382
-5.03948
-5.02117
-5.00853
-5.00198
-5.00219
-5.00982
-5.02369
-5.03793
-5.05214
-5.06293
-5.07122
-5.07671
-5.08164
-5.08356
-5.08665
-5.09102
-5.09427
-5.09759
-5.10228
-5.1068
-5.10992
-5.11164
-5.11168
-5.10927
-5.10586
-5.10053
-5.09397
-5.08697
-5.07891
-5.06974
-5.06048
-5.05093
-5.04319
-5.03458
-5.02638
-5.01884
-5.01358
-5.01114
-5.01266
-5.01973
-5.02755
-5.03651
-5.04323
-5.04527
-5.04232
-5.03516
-5.0242
-5.013
-5.00207
-4.99317
-4.98646
-4.98486
-4.99065
-5.00164
-5.01842
-5.03533
-5.04946
-5.05893
-5.06036
-5.056
-5.04952
-5.04435
-5.04458
-5.04931
-5.0572
-5.06529
-5.07171
-5.07393
-5.07669
-5.08482
-5.0999
-5.11441
-5.12207
-5.11983
-5.10936
-5.09453
-5.07812
-5.06291
-5.04969
-5.03673
-5.02347
-5.00941
-4.9966
-4.98613
-4.98148
-4.98537
-4.99704
-5.01514
-5.03451
-5.05203
-5.06559
-5.07245
-5.07481
-5.07359
-5.06669
-5.05658
-5.04362
-5.02679
-5.01012
-4.99409
-4.98052
-4.9705
-4.96286
-4.95985
-4.96554
-4.97927
-5.00019
-5.02864
-5.06046
-5.09116
-5.11868
-5.13852
-5.14992
-5.15439
-5.15216
-5.14518
-5.13602
-5.12726
-5.11619
-5.10655
-5.09776
-5.08939
-5.0821
-5.07628
-5.07517
-5.07558
-5.07625
-5.07704
-5.07894
-5.08214
-5.08893
-5.09982
-5.11412
-5.12976
-5.14352
-5.15372
-5.15777
-5.15523
-5.14637
-5.13307
-5.11896
-5.10452
-5.09283
-5.08277
-5.07402
-5.06653
-5.06044
-5.05337
-5.04603
-5.03645
-5.0303
-5.02406
-5.02051
-5.01739
-5.0169
-5.01839
-5.02333
-5.03146
-5.04135
-5.05192
-5.05983
-5.06557
-5.06806
-5.06914
-5.06868
-5.06781
-5.06693
-5.06758
-5.0682
-5.06944
-5.07209
-5.07485
-5.07823
-5.08213
-5.08282
-5.08072
-5.07437
-5.06517
-5.05286
-5.03937
-5.02555
-5.01298
-5.00216
-4.99321
-4.98279
-4.97174
-4.96273
-4.95543
-4.95436
-4.96212
-4.98028
-5.00289
-5.02529
-5.04275
-5.05164
-5.05166
-5.04235
-5.02838
-5.0091
-4.98779
-4.96925
-4.95479
-4.94659
-4.94673
-4.95632
-4.9739
-4.99647
-5.02155
-5.04471
-5.06484
-5.07934
-5.08682
-5.0895
-5.08587
-5.07998
-5.07258
-5.06564
-5.06168
-5.06059
-5.06007
-5.06023
-5.06116
-5.06326
-5.0668
-5.07198
-5.07802
-5.08363
-5.0859
-5.08499
-5.079
-5.0706
-5.0599
-5.04868
-5.03625
-5.02321
-5.01171
-4.99998
-4.98798
-4.97716
-4.96621
-4.95582
-4.94827
-4.94357
-4.94162
-4.94596
-4.95604
-4.96998
-4.98672
-5.00459
-5.01861
-5.02714
-5.03107
-5.03086
-5.02762
-5.02507
-5.02658
-5.035
-5.05068
-5.07504
-5.10298
-5.13082
-5.15395
-5.17044
-5.1807
-5.18592
-5.187
-5.18752
-5.18484
-5.17907
-5.17265
-5.16241
-5.14819
-5.12868
-5.1032
-5.07481
-5.04606
-5.0194
-4.99819
-4.98431
-4.97922
-4.98341
-4.99725
-5.01852
-5.04741
-5.07905
-5.11197
-5.1417
-5.16536
-5.1829
-5.19142
-5.19004
-5.1818
-5.16684
-5.14787
-5.12587
-5.10376
-5.08454
-5.07133
-5.06421
-5.06288
-5.06746
-5.07621
-5.08488
-5.09498
-5.10537
-5.11773
-5.12992
-5.14078
-5.14894
-5.15391
-5.15504
-5.14988
-5.14171
-5.13328
-5.12826
-5.12386
-5.12111
-5.11408
-5.10099
-5.07819
-5.05091
-5.01888
-4.98732
-4.96
-4.93886
-4.92421
-4.91598
-4.91496
-4.9214
-4.93497
-4.95435
-4.98042
-5.01115
-5.04455
-5.07684
-5.10754
-5.13296
-5.15059
-5.16005
-5.16362
-5.16029
-5.1519
-5.14032
-5.12782
-5.11847
-5.11331
-5.11282
-5.11302
-5.11179
-5.10698
-5.09791
-5.08423
-5.06725
-5.04345
-5.01795
-4.99257
-4.97274
-4.96152
-4.96474
-4.98573
-5.02277
-5.06963
-5.11799
-5.16062
-5.19177
-5.20705
-5.20756
-5.19076
-5.16215
-5.12546
-5.08694
-5.05304
-5.02995
-5.02031
-5.02624
-5.04322
-5.0679
-5.09745
-5.12788
-5.15949
-5.191
-5.22311
-5.2521
-5.27729
-5.29538
-5.30705
-5.31155
-5.30822
-5.2985
-5.28395
-5.26561
-5.24552
-5.22645
-5.20866
-5.1947
-5.18488
-5.17886
-5.17811
-5.17887
-5.18292
-5.18508
-5.18408
-5.17731
-5.16705
-5.15444
-5.14535
-5.14136
-5.14358
-5.14997
-5.15763
-5.16309
-5.16259
-5.15711
-5.14583
-5.12991
-5.11148
-5.09179
-5.0721
-5.05404
-5.0377
-5.02179
-5.00598
-4.98679
-4.96973
-4.95569
-4.94731
-4.94471
-4.94836
-4.95691
-4.96622
-4.97538
-4.98364
-4.99027
-4.99421
-4.99953
-5.0064
-5.01839
-5.03699
-5.05978
-5.08256
-5.09859
-5.1047
-5.10355
-5.09754
-5.09458
-5.09446
-5.09872
-5.10506
-5.11175
-5.11314
-5.1082
-5.09572
-5.07624
-5.05622
-5.03608
-5.02166
-5.01254
-5.00915
-5.0089
-5.01015
-5.01425
-5.01947
-5.0278
-5.03504
-5.0426
-5.04615
-5.0462
-5.04194
-5.03335
-5.02034
-5.00553
-4.99089
-4.97812
-4.97115
-4.9711
-4.97924
-4.9932
-5.01052
-5.02842
-5.04358
-5.05228
-5.05773
-5.06103
-5.06427
-5.0672
-5.06842
-5.0665
-5.05941
-5.04508
-5.02397
-4.99602
-4.96571
-4.93821
-4.91831
-4.90742
-4.90813
-4.91658
-4.92842
-4.94265
-4.95412
-4.96158
-4.96433
-4.96095
-4.95395
-4.94247
-4.93111
-4.91879
-4.90711
-4.8974
-4.89227
-4.8903
-4.89508
-4.9062
-4.92213
-4.93922
-4.95653
-4.97109
-4.98131
-4.98502
-4.9824
-4.97252
-4.95763
-4.93933
-4.92323
-4.916
-4.91967
-4.93112
-4.94957
-4.97119
-4.99517
-5.01833
-5.03858
-5.05436
-5.06544
-5.06785
-5.06387
-5.05299
-5.03727
-5.01796
-4.9944
-4.96835
-4.94111
-4.91371
-4.89287
-4.88073
-4.8768
-4.88325
-4.89456
-4.90759
-4.91809
-4.92431
-4.92705
-4.92494
-4.9208
-4.91354
-4.90698
-4.90138
-4.90131
-4.90978
-4.92927
-4.95676
-4.9842
-5.00715
-5.02207
-5.02825
-5.02887
-5.02548
-5.02157
-5.01757
-5.01362
-5.00647
-4.99891
-4.99089
-4.98597
-4.98603
-4.99354
-5.00975
-5.03289
-5.06328
-5.09679
-5.13094
-5.16333
-5.1903
-5.21156
-5.22553
-5.23146
-5.22917
-5.21966
-5.20416
-5.1851
-5.16353
-5.14281
-5.12467
-5.1095
-5.10088
-5.09618
-5.0931
-5.08945
-5.08133
-5.0664
-5.04266
-5.01059
-4.97729
-4.94745
-4.92768
-4.92358
-4.93339
-4.95573
-4.98568
-5.01775
-5.04967
-5.07667
-5.09741
-5.11195
-5.11895
-5.12004
-5.11584
-5.10431
-5.08927
-5.07029
-5.04943
-5.02834
-5.00883
-4.99257
-4.97818
-4.96985
-4.96971
-4.97612
-4.98939
-5.0053
-5.02099
-5.03354
-5.03954
-5.0382
-5.02836
-5.01105
-4.98997
-4.96974
-4.95239
-4.93998
-4.93525
-4.93738
-4.94543
-4.95867
-4.97366
-4.98638
-4.99703
-5.00507
-5.01051
-5.01037
-5.00624
-4.99413
-4.97449
-4.94661
-4.91875
-4.89387
-4.87989
-4.88036
-4.8933
-4.91697
-4.94801
-4.98311
-5.01762
-5.04926
-5.07276
-5.08607
-5.09041
-5.08711
-5.07583
-5.05872
-5.04036
-5.02366
-5.00981
-5.00111
-4.99482
-4.9911
-4.98373
-4.97256
-4.95581
-4.93558
-4.91277
-4.89184
-4.87561
-4.86429
-4.85807
-4.85457
-4.85426
-4.85247
-4.85425
-4.85639
-4.86406
-4.87589
-4.89252
-4.90649
-4.91518
-4.91864
-4.91563
-4.91108
-4.9056
-4.89957
-4.89472
-4.89246
-4.8902
-4.89072
-4.88948
-4.88748
-4.88776
-4.89428
-4.90658
-4.92513
-4.94471
-4.96455
-4.98089
-4.99533
-5.00561
-5.01455
-5.02247
-5.02963
-5.03382
-5.03577
-5.03714
-5.03528
-5.02787
-5.01282
-4.98903
-4.95956
-4.93036
-4.90683
-4.89678
-4.90036
-4.91697
-4.94237
-4.97225
-4.9995
-5.02331
-5.03854
-5.04592
-5.04413
-5.03783
-5.0284
-5.01969
-5.01334
-5.0062
-4.99642
-4.98846
-4.98177
-4.97728
-4.97576
-4.97853
-4.9857
-4.9957
-5.00838
-5.0219
-5.03424
-5.04618
-5.05742
-5.0659
-5.07329
-5.07957
-5.08372
-5.08879
-5.09432
-5.09942
-5.10143
-5.10108
-5.0947
-5.08133
-5.06042
-5.03521
-5.00576
-4.97422
-4.94314
-4.91489
-4.89218
-4.87747
-4.87138
-4.87273
-4.87921
-4.88608
-4.89315
-4.90269
-4.91522
-4.9332
-4.95719
-4.98765
-5.01639
-5.04186
-5.0589
-5.06522
-5.06148
-5.04888
-5.03082
-5.01402
-5.00244
-5.00083
-5.00841
-5.02348
-5.04
-5.05622
-5.07008
-5.07989
-5.08697
-5.08851
-5.08591
-5.07711
-5.06654
-5.0522
-5.03586
-5.01821
-5.00096
-4.98363
-4.96735
-4.95505
-4.94749
-4.94565
-4.94974
-4.95603
-4.96669
-4.98018
-4.99776
-5.01823
-5.04233
-5.06848
-5.09554
-5.11945
-5.13966
-5.15471
-5.1631
-5.16615
-5.16412
-5.15597
-5.13961
-5.1138
-5.0816
-5.04762
-5.01951
-5.0037
-5.0075
-5.02866
-5.0609
-5.0946
-5.12686
-5.15232
-5.16786
-5.17355
-5.17099
-5.16197
-5.14932
-5.13385
-5.11817
-5.10127
-5.08634
-5.07544
-5.07044
-5.07496
-5.08602
-5.10183
-5.1186
-5.13159
-5.13726
-5.13532
-5.12425
-5.10471
-5.07563
-5.03828
-4.99351
-4.94455
-4.89711
-4.85749
-4.83229
-4.82574
-4.83783
-4.86393
-4.89395
-4.92158
-4.94142
-4.95133
-4.95198
-4.94358
-4.93241
-4.9201
-4.91136
-4.9094
-4.91394
-4.92778
-4.94694
-4.96791
-4.98831
-5.0056
-5.01809
-5.02695
-5.03198
-5.03399
-5.03533
-5.03523
-5.03451
-5.03201
-5.02771
-5.02416
-5.0223
-5.02014
-5.02006
-5.02256
-5.02447
-5.02677
-5.02778
-5.02594
-5.02283
-5.01909
-5.01382
-5.00981
-5.00778
-5.00743
-5.01191
-5.02008
-5.03195
-5.04792
-5.06744
-5.08833
-5.10925
-5.12625
-5.13966
-5.14968
-5.15294
-5.15095
-5.14405
-5.13103
-5.11289
-5.09181
-5.06852
-5.04346
-5.0199
-4.99597
-4.97746
-4.96439
-4.95772
-4.96111
-4.97366
-4.99325
-5.0175
-5.04321
-5.06375
-5.07763
-5.08214
-5.07894
-5.07111
-5.06073
-5.05042
-5.04171
-5.03797
-5.04108
-5.05155
-5.06604
-5.07827
-5.08687
-5.08909
-5.08312
-5.06997
-5.05348
-5.03418
-5.01611
-4.99964
-4.98552
-4.97376
-4.96664
-4.96356
-4.96483
-4.97
-4.97881
-4.98919
-5.00203
-5.01526
-5.02594
-5.03381
-5.03769
-5.03854
-5.03603
-5.02877
-5.01555
-4.99612
-4.97361
-4.95203
-4.93565
-4.92711
-4.92391
-4.92255
-4.92348
-4.92314
-4.92366
-4.92683
-4.93256
-4.94334
-4.95512
-4.96688
-4.9758
-4.97684
-4.96426
-4.93676
-4.89586
-4.8474
-4.798
-4.7571
-4.73424
-4.73225
-4.75374
-4.79689
-4.85538
-4.92245
-4.99376
-5.06298
-5.12614
-5.18194
-5.22491
-5.25609
-5.27446
-5.27641
-5.26485
-5.23906
-5.20485
-5.16611
-5.13008
-5.09902
-5.07235
-5.04667
-5.02146
-5.00262
-4.9916
-4.99097
-5.0003
-5.01908
-5.04618
-5.07698
-5.11053
-5.14219
-5.16782
-5.18458
-5.19056
-5.18716
-5.17252
-5.14784
-5.11987
-5.08701
-5.05297
-5.02022
-4.99107
-4.9678
-4.95217
-4.94849
-4.95508
-4.9719
-4.99756
-5.0258
-5.0536
-5.07791
-5.09955
-5.11761
-5.13236
-5.14295
-5.14743
-5.14273
-5.12846
-5.10662
-5.08317
-5.05945
-5.03989
-5.02549
-5.01428
-5.00639
-4.99854
-4.99353
-4.99235
-4.99143
-4.99305
-4.99266
-4.9884
-4.98375
-4.9793
-4.97774
-4.98103
-4.98868
-4.9978
-5.00909
-5.02254
-5.0349
-5.04599
-5.05686
-5.0668
-5.07884
-5.09215
-5.1056
-5.11753
-5.12451
-5.12637
-5.12441
-5.11628
-5.10629
-5.0954
-5.08695
-5.08296
-5.0857
-5.08906
-5.0925
-5.09227
-5.08896
-5.0803
-5.07156
-5.06501
-5.06147
-5.06034
-5.06187
-5.06301
-5.06715
-5.0754
-5.09071
-5.111
-5.13241
-5.15039
-5.15972
-5.15526
-5.14089
-5.11213
-5.075
-5.03206
-4.98945
-4.95089
-4.9179
-4.89136
-4.87136
-4.8565
-4.84825
-4.84433
-4.84599
-4.85043
-4.86022
-4.87152
-4.88513
-4.90482
-4.92689
-4.95259
-4.9802
-5.007
-5.03058
-5.04871
-5.05876
-5.06026
-5.05437
-5.04376
-5.03096
-5.0149
-4.99862
-4.98558
-4.97657
-4.97219
-4.97428
-4.98407
-5.00005
-5.02236
-5.04929
-5.07897
-5.10529
-5.12403
-5.13577
-5.14027
-5.1386
-5.13076
-5.1193
-5.10425
-5.08758
-5.06914
-5.05087
-5.03659
-5.02563
-5.02468
-5.03374
-5.05592
-5.08587
-5.11993
-5.15104
-5.17248
-5.17685
-5.16617
-5.14615
-5.12532
-5.10884
-5.10219
-5.10172
-5.10143
-5.09788
-5.08796
-5.07251
-5.05217
-5.03173
-5.01862
-5.01617
-5.02415
-5.0363
-5.0498
-5.06142
-5.0686
-5.07433
-5.08383
-5.09876
-5.11875
-5.14388
-5.17051
-5.19537
-5.21605
-5.23167
-5.24041
-5.24484
-5.24439
-5.2386
-5.22955
-5.21351
-5.19087
-5.16172
-5.12627
-5.08622
-5.04632
-5.01039
-4.9799
-4.95825
-4.94768
-4.9439
-4.94531
-4.94971
-4.95612
-4.96728
-4.98022
-4.99544
-5.00969
-5.02145
-5.03421
-5.04736
-5.06133
-5.07601
-5.08958
-5.09799
-5.10134
-5.0985
-5.09301
-5.08495
-5.07696
-5.06814
-5.05914
-5.05021
-5.03779
-5.02093
-4.9981
-4.97392
-4.95161
-4.9389
-4.93601
-4.93972
-4.94717
-4.95482
-4.95861
-4.95686
-4.95011
-4.93928
-4.92798
-4.91833
-4.91649
-4.9251
-4.9449
-4.97278
-5.0055
-5.0376
-5.06633
-5.0854
-5.09242
-5.08497
-5.06303
-5.02689
-4.98345
-4.94095
-4.90482
-4.87977
-4.86395
-4.85529
-4.85506
-4.86537
-4.88581
-4.91861
-4.95832
-4.99908
-5.03545
-5.06455
-5.08397
-5.09374
-5.09704
-5.09732
-5.09692
-5.09735
-5.09319
-5.07937
-5.0533
-5.02083
-4.98822
-4.96231
-4.94994
-4.95031
-4.96527
-4.99155
-5.02637
-5.05938
-5.08391
-5.10033
-5.1074
-5.10878
-5.10777
-5.10415
-5.09738
-5.08669
-5.06953
-5.04936
-5.02743
-5.00741
-4.99464
-4.98815
-4.98923
-4.99672
-5.00836
-5.01876
-5.02488
-5.02679
-5.02469
-5.01773
-5.01027
-5.00088
-4.99263
-4.98331
-4.97454
-4.96697
-4.96284
-4.96208
-4.96413
-4.96617
-4.96633
-4.96485
-4.9615
-4.95663
-4.94872
-4.93516
-4.91785
-4.89752
-4.87826
-4.86235
-4.85272
-4.8506
-4.85936
-4.8745
-4.89691
-4.92543
-4.9564
-4.98842
-5.01868
-5.04629
-5.07064
-5.08796
-5.09807
-5.09965
-5.0928
-5.07782
-5.05786
-5.03557
-5.01569
-4.99898
-4.98923
-4.98907
-4.99998
-5.02244
-5.05063
-5.07761
-5.09662
-5.10712
-5.10868
-5.1027
-5.09101
-5.07325
-5.05096
-5.02573
-4.99982
-4.97471
-4.95071
-4.93087
-4.91442
-4.90056
-4.89072
-4.88261
-4.87803
-4.87514
-4.87466
-4.87584
-4.88029
-4.88782
-4.89765
-4.90796
-4.91724
-4.92465
-4.9308
-4.93912
-4.95128
-4.96694
-4.98171
-4.99402
-4.99969
-5.00033
-4.99454
-4.98593
-4.97505
-4.96604
-4.95816
-4.95629
-4.95695
-4.96163
-4.96957
-4.9811
-4.99567
-5.01165
-5.02604
-5.03989
