-4.71475
-4.71475
-4.71475
-4.71475
-4.71369
-4.71112
-4.70825
-4.70538
-4.70342
-4.70176
-4.69979
-4.69738
-4.69707
-4.69722
-4.69571
-4.69631
-4.69646
-4.69797
-4.69827
-4.69888
-4.69888
-4.69979
-4.69994
-4.70024
-4.70055
-4.70025
-4.7007
-4.70115
-4.7013
-4.70161
-4.70115
-4.70175
-4.70175
-4.70191
-4.7016
-4.70221
-4.70281
-4.70266
-4.70266
-4.70236
-4.701
-4.70085
-4.70054
-4.7007
-4.70054
-4.70145
-4.7019
-4.70236
-4.70145
-4.70236
-4.70175
-4.70221
-4.70266
-4.70251
-4.70205
-4.70266
-4.70281
-4.70266
-4.70296
-4.70251
-4.70221
-4.70175
-4.7013
-4.7016
-4.70236
-4.70251
-4.70266
-4.70311
-4.70266
-4.7022
-4.7013
-4.7019
-4.70221
-4.70251
-4.70296
-4.70251
-4.70206
-4.701
-4.70145
-4.70205
-4.7013
-4.70115
-4.7013
-4.7019
-4.70251
-4.70341
-4.70281
-4.70296
-4.70387
-4.70402
-4.70417
-4.70432
-4.70432
-4.70432
-4.70417
-4.70432
-4.70462
-4.70553
-4.70538
-4.70508
-4.70508
-4.70583
-4.70568
-4.70583
-4.70628
-4.70598
-4.70583
-4.70568
-4.70583
-4.70568
-4.70598
-4.70644
-4.70659
-4.70674
-4.70674
-4.70613
-4.70644
-4.70568
-4.70493
-4.70493
-4.70568
-4.70629
-4.70599
-4.70644
-4.70599
-4.70629
-4.7069
-4.7072
-4.70674
-4.70704
-4.7075
-4.7075
-4.70795
-4.70795
-4.70795
-4.7075
-4.70629
-4.70614
-4.70644
-4.70689
-4.70719
-4.70719
-4.70719
-4.7075
-4.70659
-4.70614
-4.70705
-4.70735
-4.70705
-4.70659
-4.70599
-4.70599
-4.70614
-4.70705
-4.70705
-4.70704
-4.70704
-4.70674
-4.70704
-4.70674
-4.70629
-4.70659
-4.70614
-4.70598
-4.70583
-4.70568
-4.70583
-4.70523
-4.70478
-4.70508
-4.70448
-4.70448
-4.70493
-4.70448
-4.70417
-4.70417
-4.70402
-4.70372
-4.70357
-4.70281
-4.70387
-4.70341
-4.70402
-4.70417
-4.70417
-4.70447
-4.70432
-4.70387
-4.70236
-4.70327
-4.70281
-4.70266
-4.70266
-4.70312
-4.70417
-4.70417
-4.70417
-4.70357
-4.70357
-4.70311
-4.70296
-4.70251
-4.70251
-4.70236
-4.70221
-4.70236
-4.70251
-4.70281
-4.70342
-4.70327
-4.70312
-4.70281
-4.70266
-4.70236
-4.70266
-4.70296
-4.70251
-4.70236
-4.70236
-4.70191
-4.70145
-4.70115
-4.70221
-4.70115
-4.7013
-4.70145
-4.701
-4.70161
-4.7013
-4.70085
-4.70085
-4.70009
-4.70055
-4.701
-4.70085
-4.701
-4.70085
-4.70115
-4.70191
-4.70251
-4.70236
-4.70206
-4.70145
-4.701
-4.701
-4.70085
-4.701
-4.70115
-4.70085
-4.70115
-4.70115
-4.70145
-4.70176
-4.70221
-4.70206
-4.70176
-4.70161
-4.70085
-4.701
-4.70145
-4.70115
-4.70115
-4.70206
-4.70145
-4.70191
-4.70145
-4.7013
-4.70175
-4.70176
-4.701
-4.70085
-4.70115
-4.70145
-4.70191
-4.70221
-4.70297
-4.70221
-4.70221
-4.70191
-4.70297
-4.70282
-4.70342
-4.70372
-4.70251
-4.70236
-4.70372
-4.70342
-4.70311
-4.70402
-4.70508
-4.70508
-4.70432
-4.70357
-4.70372
-4.70281
-4.70206
-4.70206
-4.70312
-4.70266
-4.70266
-4.70266
-4.70281
-4.70312
-4.70417
-4.70463
-4.70493
-4.70372
-4.70372
-4.70372
-4.70433
-4.70433
-4.70402
-4.70448
-4.70448
-4.70448
-4.70478
-4.70508
-4.70508
-4.70448
-4.70463
-4.70327
-4.70312
-4.70266
-4.70312
-4.70342
-4.70342
-4.70372
-4.70417
-4.70372
-4.70372
-4.70432
-4.70417
-4.70342
-4.70387
-4.70402
-4.70387
-4.70357
-4.70296
-4.70342
-4.70281
-4.70296
-4.70311
-4.70251
-4.70266
-4.70251
-4.70206
-4.70236
-4.70327
-4.70282
-4.70251
-4.70297
-4.70221
-4.70191
-4.70312
-4.70266
-4.70266
-4.70282
-4.70327
-4.70327
-4.70342
-4.70327
-4.70251
-4.70206
-4.70145
-4.7013
-4.70145
-4.70145
-4.70115
-4.70055
-4.70115
-4.7016
-4.70145
-4.70161
-4.70146
-4.70221
-4.70206
-4.70297
-4.70297
-4.70266
-4.70191
-4.70282
-4.70357
-4.70327
-4.70327
-4.70372
-4.70296
-4.70266
-4.70176
-4.70281
-4.70281
-4.70281
-4.70251
-4.70221
-4.70266
-4.70327
-4.70297
-4.70372
-4.70387
-4.70372
-4.70357
-4.70418
-4.70387
-4.70493
-4.70508
-4.70568
-4.70508
-4.70493
-4.70448
-4.70508
-4.70493
-4.70553
-4.70523
-4.70599
-4.70644
-4.70568
-4.70599
-4.70553
-4.70553
-4.70538
-4.70568
-4.70523
-4.70508
-4.70614
-4.70493
-4.70508
-4.70584
-4.70553
-4.70568
-4.70614
-4.70659
-4.70629
-4.70584
-4.70568
-4.70538
-4.70553
-4.70432
-4.70402
-4.70387
-4.70342
-4.70342
-4.70251
-4.70281
-4.70251
-4.70281
-4.70266
-4.70221
-4.70206
-4.70221
-4.70145
-4.70145
-4.7007
-4.7013
-4.7016
-4.70175
-4.701
-4.70024
-4.7013
-4.701
-4.70115
-4.70055
-4.70024
-4.70085
-4.7007
-4.70176
-4.70191
-4.70206
-4.70311
-4.70417
-4.70463
-4.70387
-4.70417
-4.70448
-4.70463
-4.70448
-4.70417
-4.70448
-4.70432
-4.70463
-4.70538
-4.70523
-4.70508
-4.70553
-4.70553
-4.70493
-4.70478
-4.70463
-4.70432
-4.70387
-4.70372
-4.70387
-4.70447
-4.70417
-4.70432
-4.70478
-4.70417
-4.70402
-4.70387
-4.70372
-4.70342
-4.70417
-4.70357
-4.70251
-4.70206
-4.70176
-4.70191
-4.70191
-4.70115
-4.70131
-4.701
-4.70191
-4.70312
-4.70312
-4.70342
-4.70312
-4.70281
-4.70221
-4.70251
-4.70251
-4.70236
-4.70176
-4.70221
-4.70146
-4.70206
-4.70161
-4.7013
-4.7013
-4.70206
-4.70221
-4.70221
-4.70221
-4.70221
-4.70236
-4.70236
-4.70266
-4.70327
-4.70387
-4.70387
-4.70493
-4.70523
-4.70448
-4.70372
-4.70327
-4.70312
-4.70327
-4.70206
-4.70236
-4.70206
-4.70221
-4.70342
-4.70296
-4.70266
-4.70236
-4.70296
-4.70387
-4.70417
-4.70402
-4.70463
-4.70447
-4.70463
-4.70432
-4.70463
-4.70448
-4.70417
-4.70312
-4.70312
-4.70357
-4.70432
-4.70447
-4.70447
-4.70402
-4.70372
-4.70281
-4.70221
-4.70206
-4.70145
-4.70221
-4.70266
-4.70221
-4.70312
-4.70342
-4.70236
-4.70236
-4.70251
-4.70206
-4.70145
-4.70206
-4.70221
-4.70251
-4.70251
-4.70191
-4.70206
-4.70251
-4.70251
-4.70281
-4.70266
-4.70281
-4.70251
-4.70221
-4.70206
-4.70342
-4.70312
-4.70297
-4.70251
-4.70387
-4.70433
-4.70433
-4.70493
-4.70523
-4.70568
-4.70614
-4.70689
-4.7081
-4.70765
-4.7078
-4.70749
-4.70765
-4.70749
-4.70704
-4.70689
-4.70704
-4.70689
-4.70689
-4.70704
-4.70735
-4.7084
-4.7078
-4.70765
-4.7078
-4.70734
-4.7078
-4.70765
-4.70719
-4.70659
-4.70674
-4.70749
-4.70644
-4.70598
-4.70523
-4.70508
-4.70417
-4.70432
-4.70402
-4.70508
-4.70508
-4.70387
-4.70327
-4.70251
-4.70191
-4.70191
-4.70206
-4.70206
-4.70236
-4.70296
-4.70296
-4.70372
-4.70327
-4.70417
-4.70432
-4.70402
-4.70342
-4.70266
-4.70236
-4.70251
-4.70206
-4.70176
-4.70115
-4.70085
-4.70221
-4.701
-4.69964
-4.69919
-4.69888
-4.69964
-4.69979
-4.69979
-4.69949
-4.69858
-4.69858
-4.69888
-4.69828
-4.69843
-4.69798
-4.69873
-4.69888
-4.69889
-4.69858
-4.69783
-4.69813
-4.69737
-4.69722
-4.69632
-4.69677
-4.69631
-4.69647
-4.69677
-4.69692
-4.69798
-4.69828
-4.69767
-4.69828
-4.69782
-4.69843
-4.69813
-4.69798
-4.69843
-4.69934
-4.69903
-4.69934
-4.69919
-4.69904
-4.69979
-4.69934
-4.69994
-4.70039
-4.70024
-4.69994
-4.70024
-4.69949
-4.69949
-4.69949
-4.69994
-4.69918
-4.69858
-4.69858
-4.69979
-4.69933
-4.70009
-4.69964
-4.69964
-4.70024
-4.69979
-4.69949
-4.69949
-4.69964
-4.69934
-4.69964
-4.70009
-4.7004
-4.70085
-4.69979
-4.69994
-4.70009
-4.70039
-4.7007
-4.70009
-4.70039
-4.7016
-4.70145
-4.70175
-4.7019
-4.70175
-4.70145
-4.70145
-4.70206
-4.70221
-4.7007
-4.70146
-4.70146
-4.70236
-4.70266
-4.70357
-4.70387
-4.70357
-4.70342
-4.70266
-4.70236
-4.70266
-4.70251
-4.7019
-4.70296
-4.70281
-4.70357
-4.70357
-4.70372
-4.70311
-4.70357
-4.70342
-4.70523
-4.70523
-4.70478
-4.70463
-4.70432
-4.70417
-4.70417
-4.70508
-4.70508
-4.70493
-4.70508
-4.70447
-4.70372
-4.70447
-4.70432
-4.70372
-4.70311
-4.70221
-4.70221
-4.70221
-4.70236
-4.70221
-4.70236
-4.70206
-4.70115
-4.7007
-4.70024
-4.70085
-4.70115
-4.7013
-4.70085
-4.70115
-4.70069
-4.701
-4.7013
-4.70145
-4.70206
-4.70206
-4.7016
-4.7013
-4.701
-4.7013
-4.70085
-4.70039
-4.70039
-4.70039
-4.70039
-4.701
-4.701
-4.70054
-4.70069
-4.70024
-4.70039
-4.70024
-4.70024
-4.69964
-4.69949
-4.69949
-4.69919
-4.69903
-4.69919
-4.69903
-4.69798
-4.69828
-4.69828
-4.69828
-4.69903
-4.69903
-4.69813
-4.69873
-4.69873
-4.69918
-4.69919
-4.69949
-4.69994
-4.70024
-4.70039
-4.70115
-4.70115
-4.70145
-4.70039
-4.70055
-4.70055
-4.70024
-4.70055
-4.69994
-4.69964
-4.70024
-4.69979
-4.69934
-4.69994
-4.70039
-4.70024
-4.69994
-4.70039
-4.69994
-4.70039
-4.70009
-4.69994
-4.69919
-4.69904
-4.69919
-4.69934
-4.69994
-4.69994
-4.70055
-4.69994
-4.70009
-4.70054
-4.70039
-4.69994
-4.69873
-4.69873
-4.69888
-4.69888
-4.69873
-4.69873
-4.69813
-4.69813
-4.69813
-4.69843
-4.69888
-4.69888
-4.69918
-4.69949
-4.69964
-4.70039
-4.7007
-4.701
-4.7016
-4.7016
-4.7016
-4.70115
-4.701
-4.7013
-4.7016
-4.7019
-4.7019
-4.70221
-4.70145
-4.70175
-4.7016
-4.70251
-4.70175
-4.701
-4.70145
-4.7013
-4.70175
-4.70145
-4.7013
-4.70175
-4.7016
-4.70145
-4.70085
-4.70085
-4.70024
-4.7007
-4.69994
-4.69979
-4.69918
-4.69919
-4.69903
-4.69964
-4.70009
-4.69979
-4.70024
-4.69964
-4.69979
-4.7004
-4.7004
-4.7007
-4.7013
-4.7016
-4.7016
-4.7007
-4.70024
-4.70009
-4.69994
-4.69964
-4.69934
-4.69904
-4.69904
-4.69903
-4.69994
-4.69949
-4.70054
-4.70085
-4.701
-4.69964
-4.70024
-4.7007
-4.70115
-4.70055
-4.7013
-4.7016
-4.70191
-4.70191
-4.70176
-4.70297
-4.70281
-4.70236
-4.70251
-4.70236
-4.70176
-4.70191
-4.70191
-4.7004
-4.70055
-4.70085
-4.70085
-4.70085
-4.70055
-4.69995
-4.69979
-4.69979
-4.69904
-4.69995
-4.69964
-4.69979
-4.69843
-4.69723
-4.69738
-4.69708
-3.88279
-3.88369
-3.88369
-3.88354
-3.88399
-3.8846
-3.88444
-3.88429
-3.88475
-3.88414
-3.88444
-3.88475
-3.88505
-3.88414
-3.88414
-3.884
-3.8843
-3.88475
-3.88566
-3.88551
-3.88521
-3.88385
-3.88369
-3.88339
-3.88248
-3.88263
-3.88309
-3.88354
-3.88324
-3.88249
-3.88264
-3.88339
-3.884
-3.88324
-3.88415
-3.88385
-3.88324
-3.8837
-3.884
-3.8843
-3.8843
-3.88414
-3.8846
-3.88475
-3.88491
-3.88476
-3.88445
-3.8837
-3.8831
-3.884
-3.8837
-3.8843
-3.884
-3.88339
-3.8846
-3.88324
-3.88354
-3.88475
-3.88566
-3.8852
-3.88535
-3.88475
-3.88505
-3.88536
-3.88521
-3.88581
-3.8852
-3.88566
-3.88566
-3.88581
-3.88611
-3.88566
-3.88611
-3.88611
-3.88581
-3.88626
-3.88671
-3.88732
-3.88656
-3.88611
-3.88505
-3.88535
-3.8852
-3.8855
-3.88596
-3.88671
-3.88641
-3.88581
-3.88475
-3.88309
-3.88339
-3.88249
-3.88475
-3.8846
-3.88475
-3.88475
-3.88475
-3.88536
-3.88536
-3.88626
-3.88626
-3.88762
-3.88807
-3.88641
-3.88641
-3.88702
-3.88717
-3.88687
-3.88671
-3.88792
-3.88687
-3.88702
-3.88762
-3.88747
-3.88777
-3.88792
-3.88822
-3.88822
-3.88928
-3.88883
-3.88883
-3.88959
-3.88883
-3.88974
-3.89019
-3.89034
-3.89064
-3.89019
-3.8914
-3.892
-3.89155
-3.89064
-3.89155
-3.89125
-3.89155
-3.892
-3.89215
-3.892
-3.892
-3.89125
-3.89231
-3.89216
-3.8917
-3.8911
-3.8914
-3.8908
-3.8911
-3.8917
-3.89215
-3.892
-3.89049
-3.88973
-3.88928
-3.88973
-3.88973
-3.89019
-3.88974
-3.88974
-3.89079
-3.89064
-3.89155
-3.8917
-3.8917
-3.89155
-3.89125
-3.89125
-3.89125
-3.89109
-3.88958
-3.88958
-3.88943
-3.89004
-3.88974
-3.88928
-3.88913
-3.88747
-3.88732
-3.88717
-3.88626
-3.88566
-3.8849
-3.88581
-3.88641
-3.88687
-3.88641
-3.88626
-3.88581
-3.88551
-3.88581
-3.88611
-3.88732
-3.88747
-3.88687
-3.88717
-3.88717
-3.88808
-3.88687
-3.88657
-3.88596
-3.88596
-3.88581
-3.88536
-3.88551
-3.8852
-3.8849
-3.88445
-3.8852
-3.88475
-3.88536
-3.88536
-3.88566
-3.88536
-3.8849
-3.88505
-3.88551
-3.8852
-3.8849
-3.88475
-3.8846
-3.88611
-3.88475
-3.88415
-3.88385
-3.88415
-3.88581
-3.88777
-3.88777
-3.88883
-3.88822
-3.88868
-3.88868
-3.88898
-3.88868
-3.88807
-3.88868
-3.88822
-3.88853
-3.88853
-3.88853
-3.88974
-3.88959
-3.88989
-3.89019
-3.88989
-3.89019
-3.89034
-3.89125
-3.8917
-3.89155
-3.8923
-3.89351
-3.89276
-3.89185
-3.89275
-3.8923
-3.8923
-3.89185
-3.89185
-3.89094
-3.89079
-3.89064
-3.89004
-3.89065
-3.8908
-3.8902
-3.89095
-3.89034
-3.88974
-3.88928
-3.88898
-3.88928
-3.88928
-3.89019
-3.88989
-3.89064
-3.89004
-3.89019
-3.88974
-3.88928
-3.88943
-3.88943
-3.89019
-3.89019
-3.88913
-3.88913
-3.88989
-3.89049
-3.89019
-3.88989
-3.88943
-3.88837
-3.88807
-3.88807
-3.88823
-3.88732
-3.88732
-3.88777
-3.88823
-3.88732
-3.88687
-3.88868
-3.88747
-3.88732
-3.88747
-3.88792
-3.88747
-3.88792
-3.88808
-3.88687
-3.88777
-3.88777
-3.88747
-3.88702
-3.88792
-3.88702
-3.88732
-3.88792
-3.88807
-3.88777
-3.88822
-3.88853
-3.88792
-3.88853
-3.88913
-3.88898
-3.88913
-3.88928
-3.88944
-3.88928
-3.89004
-3.89065
-3.89019
-3.88913
-3.88944
-3.88883
-3.88914
-3.88944
-3.88974
-3.88959
-3.88883
-3.88808
-3.88793
-3.88853
-3.88883
-3.88898
-3.88913
-3.88868
-3.88853
-3.88823
-3.88913
-3.88913
-3.89019
-3.88959
-3.88853
-3.88747
-3.88702
-3.88717
-3.88657
-3.88672
-3.88702
-3.88626
-3.88581
-3.88581
-3.88581
-3.88581
-3.8855
-3.8843
-3.88415
-3.88385
-3.88385
-3.88324
-3.8834
-3.88264
-3.88264
-3.88279
-3.88294
-3.88249
-3.88294
-3.88264
-3.88369
-3.88369
-3.88309
-3.88399
-3.88339
-3.88445
-3.88415
-3.8843
-3.88354
-3.88279
-3.88339
-3.88128
-3.88143
-3.88113
-3.88143
-3.88097
-3.88218
-3.88233
-3.88158
-3.88158
-3.88203
-3.88279
-3.88248
-3.88188
-3.88128
-3.88188
-3.88249
-3.88279
-3.88369
-3.88293
-3.88323
-3.88323
-3.88308
-3.88248
-3.88354
-3.88324
-3.8837
-3.88355
-3.88324
-3.88324
-3.88234
-3.88188
-3.88219
-3.884
-3.88369
-3.88384
-3.88384
-3.88354
-3.88369
-3.88475
-3.88475
-3.8852
-3.88475
-3.8843
-3.8843
-3.884
-3.8846
-3.88415
-3.88324
-3.88339
-3.88249
-3.88128
-3.88128
-3.88173
-3.88158
-3.88128
-3.88233
-3.88158
-3.88188
-3.88173
-3.88188
-3.88128
-3.88143
-3.88112
-3.88128
-3.88037
-3.88067
-3.88037
-3.87976
-3.8787
-3.8775
-3.8781
-3.87901
-3.87931
-3.88007
-3.88128
-3.88098
-3.88098
-3.88264
-3.88218
-3.88309
-3.88173
-3.88112
-3.88142
-3.88187
-3.88248
-3.88233
-3.88309
-3.88369
-3.8843
-3.88536
-3.88536
-3.88505
-3.8846
-3.88566
-3.88415
-3.8846
-3.8846
-3.88536
-3.88611
-3.88626
-3.88611
-3.88656
-3.88641
-3.88671
-3.88596
-3.88581
-3.88566
-3.8849
-3.88415
-3.88324
-3.8843
-3.88324
-3.88279
-3.88324
-3.88294
-3.88294
-3.88415
-3.8849
-3.8849
-3.88535
-3.88566
-3.88581
-3.88641
-3.88656
-3.88641
-3.88686
-3.88656
-3.88686
-3.88717
-3.88717
-3.88671
-3.88686
-3.88596
-3.8852
-3.88429
-3.8849
-3.88444
-3.88475
-3.88475
-3.88399
-3.88399
-3.88354
-3.88354
-3.8846
-3.8846
-3.88429
-3.88324
-3.88218
-3.88218
-3.88218
-3.88188
-3.88097
-3.88067
-3.88127
-3.88082
-3.88021
-3.88112
-3.88157
-3.88142
-3.88188
-3.88173
-3.88188
-3.88248
-3.88218
-3.88188
-3.88293
-3.88354
-3.88354
-3.88354
-3.88429
-3.88429
-3.88429
-3.88444
-3.88429
-3.88459
-3.88339
-3.88369
-3.88475
-3.88505
-3.88535
-3.8852
-3.88535
-3.8852
-3.8846
-3.8846
-3.88445
-3.88414
-3.88505
-3.88535
-3.88551
-3.8849
-3.88445
-3.88521
-3.88475
-3.88445
-3.88309
-3.88324
-3.88324
-3.88339
-3.884
-3.88384
-3.88354
-3.884
-3.8837
-3.884
-3.88264
-3.88294
-3.88309
-3.88324
-3.8843
-3.88475
-3.88475
-3.8852
-3.88535
-3.88551
-3.88596
-3.88581
-3.88445
-3.8849
-3.88491
-3.88521
-3.88536
-3.88581
-3.88566
-3.88581
-3.88566
-3.88506
-3.88491
-3.88491
-3.88445
-3.88445
-3.8846
-3.88399
-3.88415
-3.8843
-3.8834
-3.88294
-3.88264
-3.88294
-3.88309
-3.88264
-3.88279
-3.88324
-3.88279
-3.88369
-3.88339
-3.88339
-3.88354
-3.88384
-3.8846
-3.8843
-3.8852
-3.88581
-3.88566
-3.88551
-3.88566
-3.88611
-3.8852
-3.88566
-3.88535
-3.88581
-3.88581
-3.88535
-3.88626
-3.88732
-3.88581
-3.88596
-3.88626
-3.88672
-3.88551
-3.88566
-3.88536
-3.88551
-3.88641
-3.88611
-3.88672
-3.88747
-3.88777
-3.88716
-3.88731
-3.88761
-3.88671
-3.88716
-3.88686
-3.88581
-3.88671
-3.88702
-3.88656
-3.88611
-3.88596
-3.88596
-3.88551
-3.88521
-3.88475
-3.8849
-3.88505
-3.8855
-3.88671
-3.88686
-3.8861
-3.8861
-3.8861
-3.88626
-3.88656
-3.88671
-3.88565
-3.8858
-3.88611
-3.8852
-3.88596
-3.88581
-3.88687
-3.88627
-3.88642
-3.88551
-3.88611
-3.88671
-3.88671
-3.8864
-3.88671
-3.88641
-3.88626
-3.88686
-3.8858
-3.88686
-3.88656
-3.88732
-3.88702
-3.88626
-3.88626
-3.88641
-3.88596
-3.88581
-3.88641
-3.88611
-3.88701
-3.88671
-3.88611
-3.88565
-3.8858
-3.88475
-3.88384
-3.88324
-3.88173
-3.88188
-3.88354
-3.88294
-3.88278
-3.88293
-3.88173
-3.88112
-3.88097
-3.88067
-3.88097
-3.88097
-3.88233
-3.88218
-3.88309
-3.88399
-3.88384
-3.88399
-3.8843
-3.8846
-3.88505
-3.88445
-3.88445
-3.8855
-3.8846
-3.88445
-3.88415
-3.88475
-3.88415
-3.88339
-3.88369
-3.88384
-3.88445
-3.88399
-3.88399
-3.88353
-3.88293
-3.88323
-3.88475
-3.8846
-3.88445
-3.88324
-3.88354
-3.88384
-3.8843
-3.88415
-3.8843
-3.88415
-3.88536
-3.88551
-3.88536
-3.88566
-3.88551
-3.88566
-3.88536
-3.88611
-3.88641
-3.88671
-3.88717
-3.88762
-3.88626
-3.88611
-3.88596
-3.88596
-3.88627
-3.88566
-3.88566
-3.88536
-3.8852
-3.8849
-3.8852
-3.88641
-3.88747
-3.88807
-3.88762
-3.88686
-3.88686
-3.88762
-3.88777
-3.88732
-3.88852
-3.88837
-3.88822
-3.88837
-3.88883
-3.88792
-3.88671
-3.88716
-3.88686
-3.88732
-3.88716
-3.88686
-3.88626
-3.88626
-3.88641
-3.88657
-3.88626
-3.88611
-3.88626
-3.88565
-3.8855
-3.88535
-3.88475
-3.8852
-3.88475
-3.8852
-3.88505
-3.88384
-3.88384
-3.88369
-3.88369
-3.88324
-3.88309
-3.88354
-3.88233
-3.88278
-3.88384
-3.88429
-3.88324
-3.88414
-3.8843
-3.8846
-3.88475
-3.88339
-3.88399
-3.88414
-3.88323
-3.88323
-3.88338
-3.88308
-3.88278
-3.88293
-3.88293
-3.88354
-3.88369
-3.88399
-3.88324
-3.88263
-3.88233
-3.88187
-3.88187
-3.88142
-3.88203
-3.88172
-3.88142
-3.88036
-3.88021
-3.88006
-3.88037
-3.88112
-3.88173
-3.88248
-3.88278
-3.88278
-3.88308
-3.88218
-3.88248
-3.88233
-3.88158
-3.88143
-3.88143
-3.88143
-3.88082
-3.88112
-3.88112
-3.88037
-3.88142
-3.88188
-3.88158
-3.88112
-3.88127
-3.88067
-3.88097
-3.88187
-3.88142
-3.88112
-3.88112
-3.88112
-3.88158
-3.88112
-3.88022
-3.88067
-3.88112
-3.88143
-3.88158
-3.884
-3.884
-3.88445
-3.88445
-3.88384
-3.88339
-3.88369
-3.88293
-3.88248
-3.88188
-3.88082
-3.88142
-3.88127
-3.88052
-3.88052
-3.88082
-3.88097
-3.88127
-3.88143
-3.88218
-3.88249
-3.88234
-3.88113
-3.88158
-3.88204
-3.88218
-3.88218
-3.88354
-3.88309
-3.88309
-3.88309
-3.88203
-3.88098
-3.88173
-3.88248
-3.88233
-3.88294
-3.88233
-3.88233
-3.88309
-3.88415
-3.88279
-3.88309
-3.88279
-3.88339
-3.88369
-3.88384
-3.88444
-3.88475
-3.88475
-3.88445
-3.88566
-3.88581
-3.8852
-3.8852
-3.8846
-3.8855
-3.88475
-3.88626
-3.88641
-3.88626
-3.88611
-3.88641
-3.88611
-3.88777
-3.88701
-3.88701
-3.88686
-3.88732
-3.88837
-3.88883
-3.88928
-3.88822
-3.88747
-3.88822
-3.88671
-3.8861
-3.88625
-3.88656
-3.88762
-3.88898
-3.88928
-3.67749
-3.67643
-3.67658
-3.67598
-3.67582
-3.67628
-3.67582
-3.67552
-3.67582
-3.67537
-3.67522
-3.67491
-3.67567
-3.67673
-3.67718
-3.67688
-3.67658
-3.67643
-3.67673
-3.67612
-3.67643
-3.67643
-3.67643
-3.67673
-3.67537
-3.67568
-3.67567
-3.67643
-3.67552
-3.67597
-3.67537
-3.67537
-3.67552
-3.67492
-3.67462
-3.67537
-3.67462
-3.67311
-3.6728
-3.67144
-3.67129
-3.67129
-3.6719
-3.67159
-3.67114
-3.67235
-3.67159
-3.67265
-3.67295
-3.67386
-3.67416
-3.67446
-3.67477
-3.67462
-3.67507
-3.67507
-3.67537
-3.67553
-3.67583
-3.67628
-3.67583
-3.67462
-3.67553
-3.67598
-3.67552
-3.67507
-3.67507
-3.67537
-3.67552
-3.67537
-3.67552
-3.67552
-3.67522
-3.67492
-3.67432
-3.67371
-3.67356
-3.67356
-3.67401
-3.67416
-3.67492
-3.67552
-3.67522
-3.67552
-3.67401
-3.67431
-3.67477
-3.67492
-3.67462
-3.67492
-3.67492
-3.67537
-3.67583
-3.67568
-3.67507
-3.67326
-3.67386
-3.6731
-3.67401
-3.67462
-3.67477
-3.67522
-3.67386
-3.67371
-3.67356
-3.6728
-3.67265
-3.6722
-3.6719
-3.67326
-3.67371
-3.67401
-3.67341
-3.67371
-3.67356
-3.67356
-3.67295
-3.67235
-3.6728
-3.67296
-3.67296
-3.67326
-3.67281
-3.67296
-3.67281
-3.67326
-3.67356
-3.67401
-3.67341
-3.67356
-3.67371
-3.6728
-3.6728
-3.67265
-3.6716
-3.67099
-3.67069
-3.67145
-3.67175
-3.67115
-3.67205
-3.67115
-3.67039
-3.67114
-3.66978
-3.66963
-3.67024
-3.67175
-3.67145
-3.67265
-3.67326
-3.67341
-3.67431
-3.67537
-3.67447
-3.67522
-3.67538
-3.67553
-3.67492
-3.67462
-3.67462
-3.67432
-3.67507
-3.67598
-3.67598
-3.67598
-3.67613
-3.67538
-3.67553
-3.67447
-3.67447
-3.67401
-3.67462
-3.67431
-3.67522
-3.67582
-3.67597
-3.67643
-3.67643
-3.67688
-3.67673
-3.67734
-3.67779
-3.67718
-3.67749
-3.67839
-3.67945
-3.67885
-3.67794
-3.67689
-3.67674
-3.67689
-3.67719
-3.67749
-3.67703
-3.67658
-3.67643
-3.67522
-3.67583
-3.67568
-3.67628
-3.67628
-3.67643
-3.67674
-3.67674
-3.67779
-3.6784
-3.67855
-3.67824
-3.67809
-3.67764
-3.67719
-3.67613
-3.67613
-3.67704
-3.67613
-3.67492
-3.67492
-3.67402
-3.67371
-3.67387
-3.67387
-3.67356
-3.67417
-3.67386
-3.67401
-3.67265
-3.6725
-3.67175
-3.67145
-3.67129
-3.67114
-3.67175
-3.67129
-3.6719
-3.6722
-3.6728
-3.67326
-3.67311
-3.67356
-3.67386
-3.67189
-3.67129
-3.67084
-3.67189
-3.67205
-3.67205
-3.67174
-3.67159
-3.67205
-3.6725
-3.67189
-3.6725
-3.67204
-3.6722
-3.67205
-3.67296
-3.67401
-3.67371
-3.67265
-3.67296
-3.67175
-3.67265
-3.6722
-3.67189
-3.67099
-3.67144
-3.6728
-3.67371
-3.67416
-3.67386
-3.67461
-3.67461
-3.67492
-3.67431
-3.67371
-3.6722
-3.67205
-3.67175
-3.67266
-3.67235
-3.67129
-3.67144
-3.67084
-3.67114
-3.67114
-3.67114
-3.67114
-3.67069
-3.67129
-3.67099
-3.67129
-3.67114
-3.67159
-3.67174
-3.6719
-3.6725
-3.67205
-3.67235
-3.6725
-3.6734
-3.67416
-3.6737
-3.6734
-3.67295
-3.67235
-3.67295
-3.67295
-3.67386
-3.6731
-3.6728
-3.6725
-3.67129
-3.67189
-3.67295
-3.67235
-3.67295
-3.67265
-3.6731
-3.6728
-3.6731
-3.67386
-3.67295
-3.6725
-3.6722
-3.67205
-3.67205
-3.67174
-3.67083
-3.67068
-3.66992
-3.66977
-3.66917
-3.66841
-3.66857
-3.66917
-3.66932
-3.66963
-3.66857
-3.66721
-3.66766
-3.66796
-3.66796
-3.66706
-3.66766
-3.66781
-3.66826
-3.66902
-3.66932
-3.66932
-3.67023
-3.67068
-3.67114
-3.67099
-3.67099
-3.67129
-3.67159
-3.6731
-3.67159
-3.67174
-3.67174
-3.67158
-3.67188
-3.67113
-3.67128
-3.67113
-3.67158
-3.67038
-3.67144
-3.67099
-3.67053
-3.67068
-3.67068
-3.67008
-3.67068
-3.67144
-3.67098
-3.66947
-3.66901
-3.67098
-3.67053
-3.67083
-3.67204
-3.67249
-3.6731
-3.67416
-3.6737
-3.67309
-3.67204
-3.67309
-3.6731
-3.6734
-3.6731
-3.67143
-3.67113
-3.67159
-3.67114
-3.67114
-3.67008
-3.67008
-3.67008
-3.67023
-3.66932
-3.67008
-3.66978
-3.66993
-3.66962
-3.66932
-3.66962
-3.67083
-3.67068
-3.67038
-3.67068
-3.67053
-3.67069
-3.67008
-3.67099
-3.67068
-3.67053
-3.67083
-3.67128
-3.67174
-3.67249
-3.67265
-3.6725
-3.67204
-3.67265
-3.67204
-3.67189
-3.6725
-3.67265
-3.67325
-3.6737
-3.6731
-3.67279
-3.67325
-3.67234
-3.67234
-3.67234
-3.6728
-3.6731
-3.6731
-3.6731
-3.67264
-3.67174
-3.67189
-3.67159
-3.67113
-3.67144
-3.67204
-3.67279
-3.6734
-3.67158
-3.67158
-3.67113
-3.67143
-3.67113
-3.67143
-3.67143
-3.67008
-3.67144
-3.67144
-3.67159
-3.67189
-3.67144
-3.67159
-3.67249
-3.67159
-3.67189
-3.67158
-3.67294
-3.6737
-3.67385
-3.67385
-3.67461
-3.67461
-3.67385
-3.6731
-3.674
-3.6737
-3.67294
-3.67219
-3.6731
-3.6737
-3.6737
-3.67174
-3.67234
-3.67173
-3.67022
-3.66962
-3.66962
-3.66992
-3.66946
-3.66977
-3.66962
-3.66947
-3.67129
-3.66978
-3.66962
-3.67038
-3.67023
-3.67053
-3.67098
-3.67113
-3.67204
-3.67173
-3.67203
-3.67113
-3.67143
-3.67234
-3.67143
-3.67053
-3.66932
-3.66901
-3.66871
-3.66901
-3.67037
-3.67022
-3.67007
-3.66962
-3.66947
-3.66962
-3.67022
-3.67098
-3.67158
-3.67052
-3.67113
-3.67128
-3.67128
-3.67098
-3.66962
-3.66932
-3.66947
-3.66947
-3.67037
-3.67098
-3.67022
-3.66947
-3.66931
-3.66962
-3.67022
-3.66962
-3.67022
-3.66931
-3.6675
-3.66826
-3.66796
-3.66826
-3.66735
-3.66781
-3.66736
-3.66781
-3.66781
-3.66856
-3.66871
-3.66886
-3.66871
-3.66931
-3.67052
-3.67067
-3.67052
-3.66992
-3.67007
-3.67098
-3.67128
-3.67128
-3.67143
-3.67113
-3.66962
-3.66962
-3.66962
-3.66947
-3.66932
-3.66962
-3.67053
-3.67144
-3.67068
-3.67128
-3.67098
-3.67112
-3.67157
-3.67157
-3.67097
-3.67067
-3.67023
-3.66993
-3.66993
-3.67053
-3.67189
-3.67219
-3.67158
-3.67098
-3.67188
-3.67158
-3.67128
-3.67052
-3.67083
-3.66977
-3.66947
-3.67098
-3.67068
-3.67083
-3.67113
-3.67128
-3.67052
-3.67067
-3.67112
-3.67203
-3.67203
-3.67249
-3.67279
-3.6734
-3.67355
-3.6737
-3.6731
-3.67325
-3.67294
-3.67219
-3.67249
-3.67264
-3.67219
-3.67234
-3.67219
-3.67128
-3.67068
-3.67173
-3.67173
-3.67219
-3.67309
-3.67294
-3.67324
-3.67158
-3.67158
-3.67219
-3.67234
-3.67249
-3.67234
-3.67279
-3.67174
-3.67159
-3.67204
-3.67234
-3.67295
-3.67234
-3.67234
-3.67324
-3.67233
-3.67203
-3.67082
-3.67052
-3.67052
-3.67113
-3.67082
-3.67098
-3.67022
-3.67007
-3.67038
-3.66962
-3.66932
-3.66962
-3.67023
-3.66977
-3.67053
-3.67098
-3.67037
-3.67037
-3.67068
-3.67053
-3.66992
-3.66932
-3.67098
-3.67053
-3.67023
-3.67008
-3.67068
-3.67098
-3.67083
-3.67098
-3.67143
-3.67188
-3.67218
-3.67203
-3.67249
-3.67309
-3.67294
-3.67219
-3.67265
-3.67235
-3.6722
-3.67159
-3.67129
-3.67189
-3.67264
-3.67234
-3.67159
-3.67068
-3.67007
-3.67068
-3.67053
-3.67068
-3.67083
-3.67158
-3.67128
-3.67023
-3.67023
-3.67008
-3.67008
-3.67008
-3.67053
-3.67053
-3.67023
-3.66992
-3.67007
-3.66962
-3.67038
-3.66992
-3.66977
-3.66932
-3.67007
-3.66947
-3.66932
-3.66841
-3.66886
-3.66962
-3.66947
-3.66947
-3.67052
-3.67067
-3.67037
-3.67113
-3.67068
-3.67037
-3.66886
-3.66871
-3.66992
-3.66886
-3.66917
-3.66932
-3.67022
-3.67053
-3.67038
-3.67174
-3.67143
-3.67037
-3.67037
-3.67037
-3.67052
-3.67173
-3.67128
-3.67083
-3.67128
-3.67204
-3.67174
-3.67355
-3.67385
-3.674
-3.67415
-3.67355
-3.674
-3.67415
-3.67566
-3.67627
-3.67566
-3.6743
-3.67476
-3.67521
-3.67446
-3.67461
-3.67431
-3.67476
-3.67385
-3.67249
-3.67264
-3.67325
-3.6743
-3.674
-3.67446
-3.67551
-3.67567
-3.67431
-3.67385
-3.67355
-3.67294
-3.67415
-3.67506
-3.67521
-3.67491
-3.67506
-3.674
-3.6734
-3.67234
-3.67189
-3.67204
-3.67189
-3.67174
-3.67174
-3.67174
-3.67113
-3.67294
-3.67325
-3.67309
-3.67279
-3.6737
-3.67369
-3.6743
-3.67535
-3.67475
-3.67445
-3.67506
-3.67627
-3.67506
-3.67551
-3.67506
-3.6743
-3.67476
-3.67506
-3.67445
-3.67491
-3.67355
-3.67355
-3.6734
-3.67249
-3.67234
-3.67219
-3.67219
-3.67264
-3.67264
-3.67219
-3.67324
-3.67385
-3.67415
-3.67279
-3.67264
-3.67264
-3.67249
-3.67339
-3.67354
-3.67324
-3.67233
-3.67173
-3.67203
-3.67158
-3.67189
-3.67249
-3.67249
-3.67158
-3.67219
-3.67219
-3.67279
-3.6734
-3.67309
-3.67415
-3.674
-3.67324
-3.67445
-3.67445
-3.67385
-3.6743
-3.6734
-3.67309
-3.67385
-3.67445
-3.67505
-3.67475
-3.67444
-3.67414
-3.6749
-3.67506
-3.67506
-3.67446
-3.67461
-3.6737
-3.67355
-3.6737
-3.67294
-3.67173
-3.67098
-3.67173
-3.67173
-3.67219
-3.67128
-3.67279
-3.6737
-3.67355
-3.6737
-3.6737
-3.67339
-3.67324
-3.67294
-3.67279
-3.67249
-3.67249
-3.67219
-3.67174
-3.67189
-3.67264
-3.67325
-3.67355
-3.6737
-3.6737
-3.67415
-3.67445
-3.6746
-3.67521
-3.67476
-3.67521
-3.67521
-3.67521
-3.67491
-3.67445
-3.67385
-3.674
-3.67339
-3.67355
-3.6734
-3.67279
-3.67174
-3.67249
-3.67234
-3.67219
-3.67128
-3.67083
-3.67038
-3.67129
-3.67113
-3.66992
-3.67007
-3.67037
-3.66977
-3.66962
-3.66932
-3.66917
-3.66947
-3.67068
-3.67113
-3.67128
-3.67158
-3.67249
-3.67324
-3.67309
-3.67415
-3.6743
-3.674
-3.6746
-3.6749
-3.67581
-3.67612
-3.67597
-3.67718
-3.67642
-3.67657
-3.67808
-3.67838
-3.67868
-3.67868
-3.67778
-3.67763
-3.67808
-3.67793
-3.67793
-3.67823
-3.67823
-3.67733
-3.67718
-3.67612
-3.67506
-3.67415
-3.67279
-3.67279
-3.67309
-3.674
-3.67325
-3.67279
-3.67234
-3.67249
-3.67295
-3.67159
-3.67234
-3.6728
-3.67295
-3.67355
-3.67385
-3.6737
-3.67355
-3.67265
-3.67265
-3.67295
-3.6728
-3.67295
-3.6728
-3.67264
-3.67204
-3.67174
-3.67159
-3.67189
-3.67219
-3.6722
-3.67159
-3.67174
-3.67189
-3.45017
-3.45032
-3.45107
-3.45077
-3.44986
-3.45017
-3.45093
-3.45032
-3.45093
-3.45153
-3.45108
-3.45078
-3.45033
-3.45123
-3.44987
-3.44987
-3.44912
-3.44821
-3.44776
-3.44791
-3.44866
-3.44866
-3.44867
-3.44836
-3.44821
-3.44806
-3.44821
-3.44791
-3.4467
-3.44564
-3.44564
-3.44579
-3.44519
-3.44534
-3.44564
-3.4464
-3.447
-3.447
-3.44685
-3.4473
-3.4467
-3.44685
-3.44654
-3.44685
-3.44745
-3.44745
-3.44685
-3.44715
-3.44745
-3.44715
-3.44594
-3.44639
-3.4473
-3.44669
-3.44684
-3.44609
-3.44624
-3.44594
-3.44489
-3.44535
-3.44519
-3.4458
-3.44655
-3.44715
-3.4473
-3.4467
-3.44715
-3.44715
-3.44625
-3.44595
-3.44534
-3.44594
-3.44594
-3.4467
-3.4461
-3.4467
-3.44731
-3.44715
-3.44761
-3.44806
-3.44791
-3.4476
-3.44836
-3.44972
-3.45047
-3.45108
-3.44972
-3.45018
-3.45003
-3.44913
-3.44867
-3.44807
-3.44822
-3.44746
-3.44791
-3.44926
-3.44926
-3.44926
-3.45017
-3.45078
-3.45169
-3.45093
-3.45048
-3.45017
-3.44972
-3.44912
-3.44927
-3.44852
-3.44761
-3.44625
-3.44701
-3.44701
-3.44882
-3.44897
-3.44911
-3.44806
-3.44806
-3.44881
-3.44897
-3.44897
-3.44882
-3.44927
-3.44912
-3.44957
-3.44987
-3.44987
-3.45032
-3.44912
-3.44912
-3.44957
-3.44912
-3.44912
-3.45063
-3.45033
-3.44987
-3.45033
-3.45003
-3.45018
-3.45018
-3.45018
-3.45123
-3.45138
-3.45093
-3.45153
-3.45093
-3.45093
-3.45093
-3.45047
-3.45138
-3.45183
-3.45199
-3.45259
-3.45139
-3.45063
-3.45078
-3.45154
-3.45093
-3.45063
-3.45033
-3.45033
-3.45093
-3.45063
-3.44942
-3.44881
-3.44821
-3.44851
-3.44882
-3.44942
-3.45048
-3.44972
-3.44942
-3.44927
-3.44836
-3.44806
-3.447
-3.44685
-3.447
-3.44791
-3.44821
-3.44791
-3.44685
-3.4473
-3.44625
-3.44549
-3.44595
-3.44625
-3.44761
-3.44746
-3.44761
-3.44791
-3.44776
-3.44791
-3.4473
-3.4479
-3.4476
-3.44806
-3.44851
-3.44942
-3.44942
-3.44988
-3.44912
-3.44942
-3.45003
-3.44912
-3.44942
-3.44911
-3.44896
-3.44897
-3.44836
-3.44912
-3.44973
-3.44867
-3.44822
-3.44928
-3.44912
-3.44897
-3.44822
-3.44806
-3.44776
-3.44776
-3.44761
-3.44776
-3.44822
-3.44897
-3.44882
-3.44912
-3.44882
-3.44867
-3.44776
-3.44882
-3.44927
-3.44943
-3.44973
-3.45018
-3.44973
-3.44836
-3.44867
-3.44821
-3.44791
-3.44821
-3.44836
-3.44882
-3.44942
-3.45018
-3.45048
-3.45003
-3.45018
-3.44927
-3.45033
-3.44988
-3.45003
-3.44972
-3.45063
-3.45093
-3.45078
-3.45018
-3.44927
-3.44943
-3.44928
-3.44867
-3.44777
-3.44626
-3.44625
-3.44716
-3.44685
-3.447
-3.447
-3.44655
-3.44655
-3.44625
-3.44641
-3.44596
-3.44551
-3.44581
-3.44565
-3.44595
-3.4452
-3.44534
-3.4458
-3.44625
-3.4464
-3.4467
-3.44806
-3.44867
-3.44882
-3.44882
-3.44913
-3.44927
-3.44942
-3.44972
-3.44912
-3.44897
-3.44927
-3.44852
-3.44927
-3.44943
-3.44958
-3.45064
-3.45049
-3.45033
-3.44958
-3.44943
-3.44958
-3.44988
-3.44958
-3.45018
-3.44973
-3.45049
-3.44912
-3.45003
-3.44973
-3.45018
-3.44973
-3.44958
-3.45049
-3.45109
-3.45034
-3.45154
-3.452
-3.45185
-3.45139
-3.45139
-3.452
-3.45094
-3.44942
-3.45093
-3.45124
-3.45109
-3.45184
-3.45275
-3.45275
-3.45321
-3.45245
-3.45154
-3.44958
-3.45184
-3.45169
-3.45199
-3.45199
-3.45169
-3.4523
-3.45169
-3.45094
-3.45109
-3.45033
-3.45064
-3.44928
-3.44928
-3.44868
-3.45004
-3.45019
-3.45064
-3.45079
-3.45078
-3.45169
-3.45124
-3.45154
-3.45109
-3.45019
-3.45019
-3.44988
-3.44973
-3.45064
-3.45034
-3.45079
-3.4517
-3.45276
-3.452
-3.45291
-3.45306
-3.45245
-3.45215
-3.45215
-3.45245
-3.45215
-3.45184
-3.45094
-3.45185
-3.45109
-3.4514
-3.45125
-3.45095
-3.4514
-3.45215
-3.45155
-3.45109
-3.45124
-3.45215
-3.45154
-3.4523
-3.452
-3.45124
-3.45094
-3.4517
-3.4523
-3.45245
-3.4523
-3.4523
-3.45306
-3.4523
-3.4517
-3.45154
-3.4523
-3.45169
-3.45245
-3.4526
-3.45154
-3.4517
-3.45291
-3.45351
-3.45306
-3.45261
-3.45261
-3.45458
-3.45442
-3.45563
-3.45578
-3.45578
-3.45563
-3.45593
-3.45533
-3.45608
-3.45699
-3.45653
-3.45729
-3.45713
-3.45714
-3.45608
-3.45563
-3.45532
-3.45487
-3.45411
-3.45336
-3.45276
-3.4523
-3.45321
-3.45366
-3.45336
-3.4523
-3.45306
-3.45426
-3.45427
-3.45215
-3.4517
-3.45185
-3.452
-3.45185
-3.45185
-3.45125
-3.45049
-3.45049
-3.45094
-3.44989
-3.45019
-3.45049
-3.45079
-3.45019
-3.45004
-3.44868
-3.44989
-3.44913
-3.44883
-3.45004
-3.45035
-3.45095
-3.45004
-3.44974
-3.44928
-3.45003
-3.45064
-3.4517
-3.45185
-3.45155
-3.45185
-3.45291
-3.45276
-3.45276
-3.45352
-3.45291
-3.45246
-3.4523
-3.452
-3.45215
-3.45184
-3.4523
-3.45139
-3.45109
-3.45109
-3.4523
-3.45305
-3.45396
-3.45441
-3.45396
-3.45366
-3.4532
-3.45396
-3.45411
-3.4535
-3.4532
-3.45275
-3.4523
-3.45139
-3.45215
-3.452
-3.45169
-3.45169
-3.45169
-3.45169
-3.45139
-3.45139
-3.45184
-3.45184
-3.45199
-3.45336
-3.45336
-3.45367
-3.45306
-3.45291
-3.45291
-3.45306
-3.45366
-3.45441
-3.45441
-3.45441
-3.45471
-3.45502
-3.45532
-3.45441
-3.45365
-3.4532
-3.45365
-3.45381
-3.4529
-3.45215
-3.45305
-3.45275
-3.4532
-3.45365
-3.45471
-3.45441
-3.45517
-3.45486
-3.45471
-3.45456
-3.45366
-3.45366
-3.4529
-3.4523
-3.45154
-3.45154
-3.45109
-3.45184
-3.45154
-3.45169
-3.45154
-3.45154
-3.45199
-3.45245
-3.4529
-3.45184
-3.45154
-3.45094
-3.45079
-3.45079
-3.45064
-3.45048
-3.44942
-3.45003
-3.44927
-3.45002
-3.45017
-3.45063
-3.45018
-3.44942
-3.45139
-3.45199
-3.45245
-3.45486
-3.45486
-3.45471
-3.45396
-3.45411
-3.45351
-3.4532
-3.45441
-3.45426
-3.45365
-3.4541
-3.45395
-3.4541
-3.45395
-3.45425
-3.4544
-3.45411
-3.4535
-3.45351
-3.45336
-3.4526
-3.45245
-3.45275
-3.45244
-3.45168
-3.45078
-3.45108
-3.45154
-3.45259
-3.45244
-3.4532
-3.45305
-3.4523
-3.4523
-3.45335
-3.4532
-3.45245
-3.45245
-3.4526
-3.45124
-3.45124
-3.45169
-3.45229
-3.45199
-3.45124
-3.45079
-3.45139
-3.45155
-3.45079
-3.45033
-3.44988
-3.45003
-3.44973
-3.44988
-3.45003
-3.44943
-3.44897
-3.44882
-3.44837
-3.44732
-3.44747
-3.44822
-3.44837
-3.44882
-3.44882
-3.45049
-3.45019
-3.44943
-3.44958
-3.45004
-3.44974
-3.45004
-3.45094
-3.45049
-3.45079
-3.45063
-3.45109
-3.45094
-3.45094
-3.45154
-3.45154
-3.45094
-3.45139
-3.45094
-3.45124
-3.45124
-3.45064
-3.45034
-3.4517
-3.45215
-3.45185
-3.45169
-3.45124
-3.45064
-3.45063
-3.45063
-3.45033
-3.45154
-3.45124
-3.45004
-3.45019
-3.45049
-3.45064
-3.45064
-3.45109
-3.45185
-3.45336
-3.45366
-3.45245
-3.4526
-3.45155
-3.45079
-3.45155
-3.45155
-3.45109
-3.45154
-3.45049
-3.45033
-3.45048
-3.45003
-3.45064
-3.45049
-3.45125
-3.452
-3.44988
-3.44852
-3.44837
-3.44897
-3.44897
-3.44913
-3.44943
-3.44988
-3.44913
-3.44852
-3.44913
-3.44837
-3.44747
-3.44837
-3.44837
-3.44762
-3.44792
-3.44701
-3.44777
-3.44822
-3.44656
-3.44717
-3.44792
-3.44822
-3.44731
-3.44762
-3.44852
-3.44807
-3.44807
-3.44777
-3.44822
-3.44777
-3.44641
-3.44762
-3.44747
-3.44687
-3.44671
-3.44747
-3.44717
-3.44686
-3.44792
-3.44898
-3.44973
-3.44989
-3.44883
-3.44883
-3.44898
-3.44973
-3.44958
-3.44943
-3.44882
-3.45048
-3.45079
-3.4511
-3.452
-3.45261
-3.45246
-3.45276
-3.45246
-3.45291
-3.45275
-3.45305
-3.4529
-3.45275
-3.45351
-3.45306
-3.45321
-3.45321
-3.45306
-3.4517
-3.45079
-3.45064
-3.45094
-3.45124
-3.452
-3.4529
-3.45305
-3.45336
-3.4523
-3.45184
-3.45185
-3.45185
-3.452
-3.45155
-3.45215
-3.45321
-3.45261
-3.45155
-3.45321
-3.45382
-3.45427
-3.45442
-3.45608
-3.45563
-3.45427
-3.45396
-3.45381
-3.45381
-3.45321
-3.45426
-3.45411
-3.45411
-3.45381
-3.45305
-3.45305
-3.45426
-3.45366
-3.45321
-3.45411
-3.45411
-3.45336
-3.45321
-3.4523
-3.452
-3.4517
-3.45155
-3.45049
-3.45003
-3.44868
-3.44838
-3.44792
-3.44732
-3.44763
-3.44687
-3.44702
-3.44732
-3.44717
-3.44762
-3.44731
-3.44626
-3.44626
-3.44716
-3.44717
-3.44686
-3.44596
-3.4452
-3.44551
-3.4452
-3.44445
-3.4443
-3.44475
-3.44354
-3.44399
-3.44369
-3.44354
-3.44339
-3.44354
-3.44399
-3.44384
-3.44475
-3.4452
-3.44505
-3.44535
-3.44641
-3.44671
-3.44732
-3.44565
-3.44611
-3.4458
-3.44505
-3.44581
-3.44535
-3.44596
-3.44565
-3.44611
-3.4455
-3.4452
-3.4458
-3.44626
-3.44701
-3.44807
-3.44838
-3.44792
-3.44822
-3.44853
-3.44717
-3.44641
-3.44701
-3.44625
-3.44686
-3.44731
-3.44671
-3.44656
-3.44642
-3.44748
-3.44687
-3.44733
-3.44763
-3.44762
-3.44807
-3.44883
-3.44852
-3.44867
-3.44943
-3.44958
-3.44943
-3.44988
-3.45049
-3.44943
-3.44928
-3.44928
-3.44928
-3.44868
-3.44883
-3.44837
-3.44928
-3.45003
-3.45033
-3.44958
-3.44943
-3.45064
-3.45139
-3.4526
-3.4517
-3.45245
-3.45321
-3.45321
-3.45276
-3.45321
-3.45305
-3.4523
-3.4523
-3.45184
-3.45094
-3.45018
-3.44958
-3.44989
-3.44898
-3.44928
-3.45034
-3.45003
-3.44988
-3.44882
-3.44837
-3.44821
-3.44806
-3.44761
-3.44761
-3.44746
-3.44777
-3.44777
-3.44792
-3.44868
-3.44928
-3.45004
-3.44988
-3.44973
-3.45003
-3.45018
-3.44972
-3.44912
-3.44927
-3.44988
-3.44973
-3.44973
-3.44988
-3.45003
-3.44912
-3.44958
-3.45018
-3.44913
-3.44792
-3.44777
-3.44701
-3.44822
-3.44792
-3.44671
-3.44701
-3.44656
-3.44641
-3.44565
-3.4455
-3.4452
-3.4449
-3.44596
-3.44641
-3.44747
-3.44807
-3.44777
-3.44777
-3.44731
-3.44807
-3.44883
-3.44913
-3.44852
-3.44867
-3.44913
-3.44867
-3.44913
-3.44883
-3.44882
-3.44913
-3.44943
-3.44882
-3.44942
-3.44973
-3.44973
-3.44928
-3.44913
-3.35296
-3.35296
-3.35251
-3.3519
-3.3516
-3.35145
-3.3519
-3.35206
-3.35206
-3.3519
-3.35251
-3.35205
-3.35235
-3.35281
-3.35326
-3.35341
-3.35386
-3.35371
-3.35357
-3.35447
-3.35402
-3.35402
-3.35372
-3.35312
-3.35281
-3.35221
-3.35206
-3.351
-3.35024
-3.35083
-3.35038
-3.35023
-3.34993
-3.35009
-3.35009
-3.35025
-3.3513
-3.35085
-3.3513
-3.35236
-3.35296
-3.35311
-3.35447
-3.35462
-3.35553
-3.35507
-3.35492
-3.35387
-3.35402
-3.35417
-3.35386
-3.35356
-3.35402
-3.35462
-3.35402
-3.35493
-3.35523
-3.35462
-3.35356
-3.35311
-3.3522
-3.35265
-3.35281
-3.35356
-3.35356
-3.35417
-3.35356
-3.35341
-3.35296
-3.35296
-3.35387
-3.3522
-3.3525
-3.35265
-3.35265
-3.35205
-3.3525
-3.3519
-3.35115
-3.35009
-3.35024
-3.34874
-3.34949
-3.34919
-3.34889
-3.34889
-3.34889
-3.34918
-3.34994
-3.35084
-3.3519
-3.3519
-3.3513
-3.35356
-3.35326
-3.35311
-3.35266
-3.35251
-3.35161
-3.35191
-3.35085
-3.35191
-3.35236
-3.35311
-3.35311
-3.35296
-3.35266
-3.35296
-3.35311
-3.35266
-3.35371
-3.35371
-3.35401
-3.35417
-3.35417
-3.35493
-3.35448
-3.35357
-3.35267
-3.35297
-3.35358
-3.35357
-3.35387
-3.35266
-3.35402
-3.35492
-3.35507
-3.35492
-3.35538
-3.35568
-3.35553
-3.35493
-3.35508
-3.35523
-3.35402
-3.35523
-3.35538
-3.35447
-3.35462
-3.35493
-3.35508
-3.35448
-3.35448
-3.35402
-3.35403
-3.35388
-3.35448
-3.35478
-3.35433
-3.35373
-3.35297
-3.35297
-3.35282
-3.35463
-3.35402
-3.35432
-3.35447
-3.35478
-3.35403
-3.35478
-3.35539
-3.35508
-3.35569
-3.35553
-3.35372
-3.35312
-3.35297
-3.35266
-3.35251
-3.35433
-3.35493
-3.35432
-3.35432
-3.35432
-3.35538
-3.35508
-3.35432
-3.35387
-3.35341
-3.35281
-3.35281
-3.35281
-3.35356
-3.35296
-3.35266
-3.35221
-3.35266
-3.35282
-3.35191
-3.35161
-3.35085
-3.35009
-3.35115
-3.3522
-3.35221
-3.35251
-3.35297
-3.35297
-3.35387
-3.35387
-3.35417
-3.35341
-3.35296
-3.3522
-3.3513
-3.35281
-3.35281
-3.35312
-3.35282
-3.35206
-3.35236
-3.35221
-3.35175
-3.35251
-3.3516
-3.35206
-3.35281
-3.35387
-3.35553
-3.35387
-3.35386
-3.35447
-3.35492
-3.35477
-3.35493
-3.35387
-3.35372
-3.35387
-3.35312
-3.35251
-3.35176
-3.35145
-3.35115
-3.35266
-3.35236
-3.35311
-3.35372
-3.35371
-3.35462
-3.35402
-3.35433
-3.35464
-3.35358
-3.35267
-3.35312
-3.35251
-3.35236
-3.35191
-3.35175
-3.35281
-3.35161
-3.35191
-3.35207
-3.35237
-3.35267
-3.35373
-3.35297
-3.35236
-3.35145
-3.3504
-3.3507
-3.351
-3.35161
-3.35282
-3.35388
-3.35358
-3.35327
-3.35448
-3.35388
-3.35327
-3.35267
-3.35327
-3.35267
-3.35312
-3.35267
-3.35357
-3.35206
-3.35206
-3.35311
-3.35387
-3.35327
-3.35372
-3.35236
-3.35327
-3.35448
-3.35448
-3.35418
-3.35297
-3.35237
-3.35297
-3.35343
-3.35373
-3.35327
-3.35312
-3.35191
-3.35161
-3.351
-3.34995
-3.35025
-3.35025
-3.35115
-3.35116
-3.35055
-3.35131
-3.35101
-3.35116
-3.35086
-3.3504
-3.35176
-3.35146
-3.35115
-3.35206
-3.35161
-3.35206
-3.35236
-3.35206
-3.35281
-3.35251
-3.35327
-3.35372
-3.35508
-3.35448
-3.35478
-3.35463
-3.35554
-3.35614
-3.35584
-3.35523
-3.35523
-3.35372
-3.35326
-3.35387
-3.35356
-3.35447
-3.35523
-3.35493
-3.35553
-3.35478
-3.35554
-3.35599
-3.35524
-3.35508
-3.35523
-3.35553
-3.35613
-3.35493
-3.35447
-3.35402
-3.35236
-3.35251
-3.35311
-3.35236
-3.35236
-3.3507
-3.3507
-3.3501
-3.34979
-3.35055
-3.3504
-3.35085
-3.35055
-3.34858
-3.34994
-3.35024
-3.34994
-3.34994
-3.34964
-3.35025
-3.34964
-3.34994
-3.35115
-3.3507
-3.3507
-3.35085
-3.3513
-3.351
-3.35069
-3.35145
-3.3519
-3.35099
-3.35039
-3.35024
-3.34994
-3.35024
-3.34994
-3.34979
-3.3501
-3.3507
-3.35085
-3.3504
-3.35009
-3.35009
-3.34979
-3.34843
-3.34979
-3.35145
-3.35099
-3.35069
-3.35099
-3.35114
-3.35024
-3.35024
-3.34964
-3.34904
-3.34859
-3.34798
-3.34889
-3.34843
-3.34813
-3.34797
-3.34812
-3.34782
-3.34903
-3.34782
-3.34737
-3.34783
-3.34738
-3.34708
-3.34738
-3.34828
-3.34828
-3.34827
-3.34812
-3.34873
-3.34919
-3.34934
-3.34994
-3.35024
-3.34979
-3.34903
-3.34903
-3.34919
-3.34949
-3.34979
-3.34858
-3.34707
-3.34828
-3.34813
-3.34918
-3.34933
-3.34933
-3.34948
-3.34979
-3.35115
-3.35205
-3.35205
-3.35266
-3.35236
-3.3516
-3.35055
-3.35039
-3.34978
-3.34948
-3.35008
-3.35114
-3.35175
-3.35251
-3.35266
-3.35205
-3.35251
-3.3525
-3.35175
-3.351
-3.3519
-3.35175
-3.35039
-3.34948
-3.34918
-3.34948
-3.34857
-3.34828
-3.34873
-3.34813
-3.34918
-3.34964
-3.35024
-3.34903
-3.34872
-3.34722
-3.34677
-3.34707
-3.34768
-3.34828
-3.34857
-3.34857
-3.34872
-3.34797
-3.34857
-3.34933
-3.34918
-3.34949
-3.34979
-3.34949
-3.35025
-3.3504
-3.35009
-3.3513
-3.35099
-3.35084
-3.35068
-3.35114
-3.35008
-3.35009
-3.35069
-3.35114
-3.3516
-3.35386
-3.35417
-3.35432
-3.35342
-3.35206
-3.35175
-3.35236
-3.35296
-3.35401
-3.35341
-3.35386
-3.35416
-3.35355
-3.3531
-3.3525
-3.3528
-3.3525
-3.35265
-3.35145
-3.3525
-3.35205
-3.3522
-3.3522
-3.35129
-3.35099
-3.3513
-3.35129
-3.3516
-3.35099
-3.34978
-3.35054
-3.35023
-3.34978
-3.34812
-3.34767
-3.34888
-3.34933
-3.34993
-3.34948
-3.34993
-3.35008
-3.35008
-3.35023
-3.35008
-3.35024
-3.35069
-3.34978
-3.34933
-3.34948
-3.34978
-3.34978
-3.35008
-3.35114
-3.35114
-3.35098
-3.35053
-3.35083
-3.3525
-3.35174
-3.35114
-3.35054
-3.35024
-3.34978
-3.35069
-3.35144
-3.35159
-3.35144
-3.35069
-3.35009
-3.34963
-3.35008
-3.34978
-3.34993
-3.34963
-3.34978
-3.34902
-3.34887
-3.34963
-3.35023
-3.34948
-3.34903
-3.34933
-3.34903
-3.34903
-3.35024
-3.35069
-3.35129
-3.35099
-3.35053
-3.35114
-3.35083
-3.35144
-3.35174
-3.35235
-3.35326
-3.35356
-3.35326
-3.35266
-3.35129
-3.35114
-3.35099
-3.35129
-3.35114
-3.35098
-3.35219
-3.35235
-3.35235
-3.35175
-3.35129
-3.35175
-3.3519
-3.3525
-3.35144
-3.3525
-3.35204
-3.3525
-3.3528
-3.3519
-3.3519
-3.3516
-3.35099
-3.35205
-3.35129
-3.35129
-3.35204
-3.3522
-3.35235
-3.3525
-3.3522
-3.3522
-3.35326
-3.35281
-3.3525
-3.35235
-3.35326
-3.35235
-3.35417
-3.35356
-3.35446
-3.35507
-3.35597
-3.35598
-3.35537
-3.35492
-3.35538
-3.35553
-3.35613
-3.35583
-3.35688
-3.35613
-3.35673
-3.35688
-3.35597
-3.35597
-3.35522
-3.35462
-3.35432
-3.35447
-3.35372
-3.35341
-3.35417
-3.35311
-3.35402
-3.35326
-3.35417
-3.35431
-3.35507
-3.35476
-3.35506
-3.35522
-3.35582
-3.35553
-3.35523
-3.35372
-3.35402
-3.35433
-3.35312
-3.35236
-3.35206
-3.3519
-3.3513
-3.35251
-3.35145
-3.3513
-3.35145
-3.35069
-3.3516
-3.35144
-3.35054
-3.35069
-3.3507
-3.35115
-3.3513
-3.3513
-3.34994
-3.35161
-3.35176
-3.35145
-3.3504
-3.3516
-3.35221
-3.35175
-3.35205
-3.35296
-3.35235
-3.35251
-3.35341
-3.35357
-3.35341
-3.35311
-3.35387
-3.35432
-3.35402
-3.35372
-3.35402
-3.35478
-3.35508
-3.35613
-3.35613
-3.35658
-3.35628
-3.35598
-3.35734
-3.35749
-3.35674
-3.35734
-3.35704
-3.35704
-3.35674
-3.35658
-3.35734
-3.35734
-3.35644
-3.35614
-3.35569
-3.35675
-3.35644
-3.35675
-3.35659
-3.35614
-3.35735
-3.3578
-3.3572
-3.35614
-3.35554
-3.35523
-3.35613
-3.35523
-3.35477
-3.35478
-3.35448
-3.35372
-3.35388
-3.35312
-3.35327
-3.35388
-3.35448
-3.35372
-3.35418
-3.35327
-3.35266
-3.35251
-3.35176
-3.35146
-3.35085
-3.35146
-3.35161
-3.3507
-3.35025
-3.35055
-3.35191
-3.35221
-3.35161
-3.3501
-3.35009
-3.35009
-3.3513
-3.35145
-3.3507
-3.35115
-3.3504
-3.34994
-3.34934
-3.34919
-3.34964
-3.3507
-3.351
-3.35055
-3.34979
-3.34964
-3.34874
-3.34949
-3.34919
-3.34904
-3.34889
-3.34889
-3.34994
-3.35085
-3.35085
-3.3516
-3.35145
-3.35206
-3.35161
-3.35161
-3.35131
-3.35237
-3.35267
-3.35176
-3.35222
-3.35101
-3.351
-3.35115
-3.35236
-3.35281
-3.35191
-3.35161
-3.35267
-3.35297
-3.35267
-3.35313
-3.35267
-3.35358
-3.35357
-3.35373
-3.35357
-3.35327
-3.35282
-3.35297
-3.35387
-3.35417
-3.35296
-3.35342
-3.35312
-3.35312
-3.35297
-3.35342
-3.35418
-3.35373
-3.35403
-3.35282
-3.35298
-3.35298
-3.35298
-3.35297
-3.35282
-3.35282
-3.35267
-3.35267
-3.35252
-3.35252
-3.35176
-3.35206
-3.35267
-3.35251
-3.351
-3.35039
-3.35085
-3.35161
-3.351
-3.35161
-3.35161
-3.35146
-3.35177
-3.35177
-3.35177
-3.35146
-3.35252
-3.35251
-3.35206
-3.35176
-3.35146
-3.35115
-3.35206
-3.35176
-3.35176
-3.35176
-3.35146
-3.35145
-3.35281
-3.35251
-3.35236
-3.35297
-3.35191
-3.35282
-3.35403
-3.35433
-3.35327
-3.35282
-3.35372
-3.35312
-3.35251
-3.35251
-3.3519
-3.35266
-3.35327
-3.35237
-3.35312
-3.35207
-3.35146
-3.35115
-3.34994
-3.34949
-3.34934
-3.34994
-3.35025
-3.3507
-3.34979
-3.34934
-3.3504
-3.351
-3.35055
-3.3507
-3.35055
-3.351
-3.34994
-3.351
-3.351
-3.35085
-3.35206
-3.35297
-3.35267
-3.35327
-3.35312
-3.35281
-3.35372
-3.35372
-3.35387
-3.35447
-3.35341
-3.35296
-3.35221
-3.35251
-3.35161
-3.35251
-3.35146
-3.35101
-3.35131
-3.35101
-3.34995
-3.35146
-3.35161
-3.35115
-3.35145
-3.35145
-3.3516
-3.351
-3.35055
-3.35009
-3.35085
-3.35085
-3.3501
-3.3504
-3.35116
-3.3504
-3.34965
-3.3495
-3.34904
-3.34874
-3.34843
-3.34979
-3.34949
-3.34964
-3.34994
-3.34994
-3.3507
-3.35009
-3.34949
-3.34934
-3.34843
-3.34934
-3.34813
-3.34798
-3.34783
-3.34692
-3.34752
-3.34722
-3.34783
-3.34828
-3.34919
-3.34828
-3.34949
-3.34949
-3.34828
-3.34828
-3.34813
-3.34722
-3.34707
-3.34677
-3.34738
-3.34632
-3.34587
-3.34738
-3.34874
-3.34888
-3.41932
-3.41901
-3.42022
-3.42128
-3.42098
-3.42144
-3.42129
-3.42008
-3.42023
-3.41947
-3.41962
-3.41962
-3.42008
-3.41993
-3.42023
-3.42023
-3.42068
-3.41963
-3.42038
-3.42023
-3.41947
-3.42098
-3.42053
-3.42008
-3.42083
-3.42038
-3.42083
-3.42083
-3.42099
-3.42084
-3.42023
-3.42039
-3.42069
-3.42099
-3.4219
-3.42159
-3.42144
-3.42249
-3.42219
-3.42294
-3.42294
-3.42355
-3.42325
-3.42355
-3.42355
-3.42431
-3.42446
-3.42431
-3.42462
-3.42477
-3.42401
-3.42356
-3.42356
-3.42265
-3.4225
-3.42235
-3.42174
-3.4231
-3.42325
-3.4234
-3.42219
-3.42083
-3.42068
-3.42038
-3.42039
-3.42023
-3.41918
-3.41978
-3.41963
-3.41902
-3.41948
-3.41917
-3.41933
-3.41902
-3.41842
-3.41766
-3.41796
-3.41857
-3.41963
-3.42069
-3.42114
-3.42038
-3.42038
-3.42023
-3.41962
-3.41947
-3.41947
-3.41902
-3.41933
-3.41933
-3.41918
-3.41872
-3.41857
-3.41947
-3.42007
-3.42022
-3.42053
-3.42023
-3.42023
-3.42129
-3.42083
-3.42083
-3.42129
-3.42113
-3.42234
-3.4225
-3.4225
-3.4231
-3.42265
-3.42311
-3.42326
-3.42356
-3.42341
-3.42325
-3.42339
-3.42324
-3.42204
-3.42129
-3.42099
-3.42175
-3.42175
-3.42145
-3.42099
-3.42144
-3.42174
-3.4222
-3.42311
-3.42311
-3.42356
-3.4231
-3.42265
-3.424
-3.4231
-3.42415
-3.42385
-3.4237
-3.4231
-3.4225
-3.42296
-3.42341
-3.42326
-3.42296
-3.42311
-3.42265
-3.42371
-3.42461
-3.424
-3.4234
-3.4231
-3.4231
-3.42325
-3.42356
-3.42371
-3.42371
-3.42492
-3.42476
-3.42386
-3.42431
-3.42507
-3.42507
-3.42522
-3.42567
-3.42522
-3.42521
-3.42446
-3.42476
-3.42446
-3.42417
-3.42386
-3.42371
-3.42386
-3.42416
-3.42356
-3.42341
-3.42416
-3.42371
-3.42432
-3.42386
-3.42341
-3.42235
-3.42174
-3.42265
-3.42265
-3.4228
-3.42265
-3.42325
-3.4231
-3.42356
-3.42371
-3.42326
-3.42387
-3.42478
-3.42477
-3.42538
-3.42537
-3.42401
-3.42341
-3.42326
-3.42447
-3.42416
-3.42432
-3.42431
-3.42356
-3.42477
-3.42401
-3.42447
-3.42341
-3.42341
-3.42296
-3.42205
-3.4216
-3.4213
-3.42205
-3.42235
-3.42281
-3.42266
-3.42145
-3.42024
-3.41948
-3.42024
-3.42069
-3.42144
-3.42129
-3.42129
-3.42235
-3.4228
-3.4231
-3.42386
-3.42401
-3.42462
-3.42492
-3.42553
-3.42598
-3.42613
-3.42689
-3.42704
-3.42779
-3.42794
-3.42808
-3.42823
-3.42672
-3.42657
-3.42673
-3.42628
-3.42538
-3.42432
-3.42401
-3.42477
-3.42522
-3.42491
-3.42612
-3.42537
-3.42628
-3.42658
-3.42658
-3.42492
-3.42492
-3.42537
-3.42537
-3.42597
-3.42552
-3.42476
-3.42552
-3.42538
-3.42553
-3.42568
-3.42538
-3.42507
-3.42401
-3.4228
-3.42295
-3.42294
-3.4234
-3.42371
-3.42326
-3.42326
-3.42356
-3.42371
-3.42356
-3.42371
-3.42325
-3.42431
-3.42431
-3.42461
-3.42567
-3.42522
-3.42492
-3.42461
-3.42401
-3.42401
-3.42401
-3.42416
-3.42356
-3.42341
-3.42356
-3.42341
-3.42341
-3.4225
-3.4225
-3.42295
-3.42295
-3.4225
-3.42159
-3.42114
-3.42008
-3.42008
-3.41978
-3.41917
-3.42008
-3.42069
-3.42069
-3.42144
-3.42174
-3.42205
-3.42265
-3.42341
-3.42492
-3.42446
-3.4234
-3.42204
-3.42279
-3.42264
-3.42204
-3.42099
-3.42175
-3.42175
-3.4216
-3.42084
-3.42038
-3.41963
-3.41963
-3.41948
-3.42038
-3.42099
-3.42054
-3.41978
-3.41994
-3.41948
-3.41918
-3.42038
-3.41978
-3.42053
-3.42098
-3.42023
-3.42038
-3.42038
-3.41993
-3.41993
-3.41888
-3.41872
-3.41918
-3.42039
-3.42008
-3.41993
-3.41993
-3.42069
-3.41963
-3.41902
-3.41978
-3.41917
-3.41917
-3.41917
-3.41918
-3.41857
-3.42039
-3.42039
-3.41948
-3.41963
-3.41918
-3.41963
-3.41902
-3.41917
-3.41842
-3.41827
-3.41766
-3.41736
-3.41691
-3.41751
-3.41842
-3.41888
-3.41888
-3.41812
-3.41857
-3.41887
-3.41691
-3.41751
-3.41781
-3.41917
-3.41902
-3.41887
-3.41857
-3.41887
-3.41887
-3.41796
-3.41842
-3.41857
-3.41872
-3.41947
-3.42144
-3.42234
-3.4231
-3.42234
-3.42113
-3.42219
-3.42174
-3.42234
-3.42204
-3.42174
-3.42265
-3.42189
-3.42235
-3.42144
-3.4222
-3.42356
-3.42491
-3.42401
-3.42551
-3.42582
-3.42567
-3.42506
-3.42431
-3.42461
-3.42476
-3.42446
-3.42537
-3.42461
-3.42401
-3.42386
-3.4231
-3.4228
-3.42295
-3.42461
-3.42461
-3.42355
-3.42325
-3.42264
-3.4228
-3.42325
-3.4225
-3.42159
-3.42038
-3.42114
-3.42204
-3.42159
-3.42249
-3.42264
-3.42325
-3.42476
-3.424
-3.42446
-3.42597
-3.42582
-3.42658
-3.42537
-3.42537
-3.42597
-3.42567
-3.42446
-3.42446
-3.42401
-3.42386
-3.42416
-3.42416
-3.42355
-3.42295
-3.42265
-3.42235
-3.42265
-3.42295
-3.42265
-3.4228
-3.42219
-3.42189
-3.42159
-3.4225
-3.4222
-3.42234
-3.42279
-3.42279
-3.42143
-3.42128
-3.42113
-3.42098
-3.42098
-3.42083
-3.42083
-3.42174
-3.42204
-3.4231
-3.42295
-3.42371
-3.42371
-3.42295
-3.42265
-3.42356
-3.4228
-3.42265
-3.4228
-3.42219
-3.42159
-3.42189
-3.42174
-3.42084
-3.42039
-3.42054
-3.42054
-3.42084
-3.42099
-3.41993
-3.42038
-3.41948
-3.41872
-3.41918
-3.41918
-3.41888
-3.41857
-3.41902
-3.41857
-3.41781
-3.41872
-3.41918
-3.41933
-3.42039
-3.42008
-3.42069
-3.42129
-3.42159
-3.42129
-3.42129
-3.42144
-3.42083
-3.42053
-3.42023
-3.42054
-3.42069
-3.4219
-3.42069
-3.41963
-3.42023
-3.41978
-3.41948
-3.41948
-3.42069
-3.42099
-3.42129
-3.42144
-3.42144
-3.42114
-3.42129
-3.42189
-3.42174
-3.42235
-3.4222
-3.42295
-3.42341
-3.42235
-3.42311
-3.42417
-3.42402
-3.42205
-3.42205
-3.4222
-3.42325
-3.42295
-3.4231
-3.42189
-3.42205
-3.4219
-3.42205
-3.42356
-3.42356
-3.42386
-3.42431
-3.42416
-3.42537
-3.42552
-3.42522
-3.42553
-3.42522
-3.42598
-3.42462
-3.42477
-3.42567
-3.42522
-3.42446
-3.42431
-3.4234
-3.42295
-3.42265
-3.4222
-3.4228
-3.42401
-3.42401
-3.42371
-3.42402
-3.42371
-3.42341
-3.42356
-3.42356
-3.42356
-3.42235
-3.42281
-3.4222
-3.42235
-3.42084
-3.42008
-3.42145
-3.42099
-3.42114
-3.42038
-3.42069
-3.42129
-3.42099
-3.42114
-3.42251
-3.4222
-3.4219
-3.4219
-3.42235
-3.4228
-3.42325
-3.4228
-3.4225
-3.4225
-3.42265
-3.42175
-3.4216
-3.42144
-3.42144
-3.42098
-3.42128
-3.42189
-3.42249
-3.42143
-3.42128
-3.42144
-3.42068
-3.42068
-3.42144
-3.42249
-3.424
-3.42385
-3.42355
-3.42265
-3.42175
-3.4219
-3.42266
-3.42235
-3.42144
-3.42099
-3.42129
-3.41932
-3.42008
-3.41978
-3.41993
-3.41917
-3.41887
-3.41827
-3.41796
-3.41736
-3.41766
-3.4166
-3.4163
-3.4157
-3.41495
-3.41676
-3.41631
-3.41676
-3.41812
-3.41797
-3.41842
-3.41872
-3.41751
-3.41827
-3.41857
-3.41917
-3.41963
-3.41993
-3.42054
-3.42084
-3.42129
-3.42114
-3.42069
-3.42008
-3.42084
-3.42099
-3.42129
-3.42159
-3.42265
-3.42174
-3.4225
-3.42265
-3.42265
-3.42265
-3.42417
-3.42356
-3.42311
-3.42356
-3.42401
-3.42461
-3.42597
-3.42506
-3.42566
-3.42506
-3.42582
-3.42522
-3.42507
-3.42582
-3.42507
-3.42416
-3.42431
-3.42462
-3.42432
-3.42492
-3.42447
-3.42417
-3.42371
-3.42386
-3.4231
-3.42491
-3.42446
-3.42401
-3.42401
-3.42371
-3.42401
-3.42552
-3.42552
-3.42507
-3.42477
-3.42522
-3.42522
-3.42537
-3.42552
-3.42627
-3.42522
-3.42552
-3.42597
-3.42733
-3.42718
-3.42733
-3.42673
-3.42643
-3.42582
-3.42537
-3.42507
-3.42507
-3.42431
-3.42462
-3.42401
-3.42401
-3.42476
-3.42476
-3.42522
-3.42461
-3.42416
-3.42325
-3.42189
-3.42129
-3.42235
-3.42265
-3.42204
-3.4225
-3.4228
-3.4231
-3.42265
-3.42325
-3.4237
-3.42431
-3.42325
-3.42355
-3.42461
-3.42521
-3.42461
-3.4237
-3.4228
-3.42265
-3.42325
-3.42416
-3.42446
-3.42462
-3.42582
-3.42537
-3.42552
-3.42386
-3.42476
-3.42476
-3.4237
-3.424
-3.42295
-3.42431
-3.42385
-3.42386
-3.42371
-3.42386
-3.4225
-3.4228
-3.42325
-3.42325
-3.424
-3.42385
-3.42476
-3.42416
-3.42476
-3.42461
-3.42491
-3.42476
-3.42416
-3.42416
-3.42416
-3.42295
-3.42235
-3.42189
-3.42189
-3.42235
-3.42265
-3.42204
-3.42189
-3.42219
-3.4228
-3.4231
-3.42325
-3.4228
-3.42311
-3.42296
-3.42326
-3.42311
-3.42326
-3.42356
-3.42325
-3.4231
-3.42356
-3.42386
-3.4228
-3.42235
-3.42235
-3.4222
-3.42235
-3.4231
-3.4228
-3.42235
-3.42204
-3.42295
-3.42401
-3.4237
-3.4237
-3.4234
-3.42265
-3.42265
-3.4225
-3.42099
-3.42083
-3.42144
-3.42114
-3.42114
-3.42099
-3.42129
-3.42114
-3.42114
-3.42174
-3.42114
-3.42159
-3.42159
-3.42264
-3.424
-3.4237
-3.42446
-3.42386
-3.4228
-3.4228
-3.42204
-3.42249
-3.42159
-3.42038
-3.42024
-3.42069
-3.4216
-3.4225
-3.42174
-3.42083
-3.42038
-3.41948
-3.41903
-3.41827
-3.41918
-3.41797
-3.41767
-3.41661
-3.41661
-3.41585
-3.4154
-3.41631
-3.41752
-3.41721
-3.41676
-3.4166
-3.41736
-3.41691
-3.41751
-3.41751
-3.41781
-3.41887
-3.41857
-3.41887
-3.41857
-3.41872
-3.41888
-3.41827
-3.41797
-3.41797
-3.41933
-3.41842
-3.41796
-3.41766
-3.41781
-3.41872
-3.41918
-3.41994
-3.42024
-3.42009
-3.42129
-3.42099
-3.42084
-3.42098
-3.42159
-3.42189
-3.42174
-3.42325
-3.42386
-3.42326
-3.42371
-3.42341
-3.42356
-3.42431
-3.42492
-3.42492
-3.42583
-3.42582
-3.42507
-3.42612
-3.42522
-3.42552
-3.42507
-3.42431
-3.42325
-3.42326
-3.42281
-3.4222
-3.4219
-3.42175
-3.4219
-3.4222
-3.4219
-3.42326
-3.42325
-3.42341
-3.42461
-3.42522
-3.42446
-3.42431
-3.42446
-3.42522
-3.42401
-3.42386
-3.42386
-3.42371
-3.42341
-3.42356
-3.42311
-3.42295
-3.42144
-3.42098
-3.42053
-3.42114
-3.42008
-3.42008
-3.41918
-3.41933
-3.41812
-3.41872
-3.41827
-3.41766
-3.41766
-3.41811
-3.41811
-3.41751
-3.41751
-3.41706
-3.41706
-3.41751
-3.41797
-3.41872
-3.41797
-3.41812
-3.41812
-3.41887
-3.41797
-3.41736
-3.41782
-3.41887
-3.41918
-3.48947
-3.48917
-3.48901
-3.48901
-3.48992
-3.48916
-3.49007
-3.48946
-3.49007
-3.49022
-3.48992
-3.48992
-3.49082
-3.49188
-3.49264
-3.49294
-3.49158
-3.49204
-3.49128
-3.49007
-3.48932
-3.49007
-3.49037
-3.48992
-3.48946
-3.48931
-3.48991
-3.49067
-3.48961
-3.48886
-3.48841
-3.48932
-3.48992
-3.49022
-3.49083
-3.49098
-3.49113
-3.49053
-3.49083
-3.49128
-3.49144
-3.49174
-3.49159
-3.49113
-3.49098
-3.49113
-3.49234
-3.49203
-3.49113
-3.49052
-3.49052
-3.49098
-3.48992
-3.48916
-3.48826
-3.4878
-3.4875
-3.4875
-3.48765
-3.48811
-3.4878
-3.4881
-3.48795
-3.48825
-3.48614
-3.48599
-3.48599
-3.48599
-3.48569
-3.48478
-3.48583
-3.48613
-3.48659
-3.48689
-3.48659
-3.48719
-3.48689
-3.48765
-3.48735
-3.48735
-3.48795
-3.4884
-3.4878
-3.4884
-3.4875
-3.4884
-3.48916
-3.48916
-3.48946
-3.49006
-3.49142
-3.49203
-3.49188
-3.49173
-3.49203
-3.49263
-3.49294
-3.49324
-3.49339
-3.49369
-3.49369
-3.49475
-3.49475
-3.49354
-3.49233
-3.49188
-3.49128
-3.49083
-3.49128
-3.49113
-3.49127
-3.49067
-3.49203
-3.49218
-3.49279
-3.49294
-3.49324
-3.49188
-3.49173
-3.49218
-3.49248
-3.49263
-3.49415
-3.49324
-3.49173
-3.49128
-3.49082
-3.49037
-3.49068
-3.49113
-3.49219
-3.49143
-3.49143
-3.49173
-3.49143
-3.49203
-3.49233
-3.49324
-3.49339
-3.49142
-3.49142
-3.49067
-3.49067
-3.49143
-3.49052
-3.48962
-3.48977
-3.49037
-3.49098
-3.49098
-3.49113
-3.49037
-3.49022
-3.49037
-3.49098
-3.49053
-3.49052
-3.49067
-3.49052
-3.49143
-3.49173
-3.49203
-3.49218
-3.49234
-3.49188
-3.49203
-3.49219
-3.49249
-3.49309
-3.49355
-3.49415
-3.49415
-3.49355
-3.49324
-3.49324
-3.49384
-3.49324
-3.49369
-3.49354
-3.494
-3.49339
-3.494
-3.49476
-3.49385
-3.49309
-3.494
-3.4943
-3.49279
-3.49234
-3.49173
-3.49188
-3.49097
-3.49037
-3.49113
-3.49143
-3.49188
-3.49204
-3.49219
-3.49128
-3.49128
-3.49007
-3.49098
-3.49113
-3.49143
-3.49204
-3.49264
-3.49279
-3.49234
-3.49279
-3.49399
-3.49384
-3.49414
-3.49415
-3.49249
-3.49279
-3.49279
-3.49249
-3.49294
-3.49294
-3.49249
-3.49234
-3.49128
-3.49204
-3.49189
-3.49234
-3.4931
-3.4937
-3.49325
-3.49325
-3.494
-3.494
-3.4943
-3.49551
-3.49581
-3.49461
-3.49536
-3.49566
-3.49581
-3.49566
-3.49506
-3.49415
-3.49415
-3.49354
-3.49369
-3.49369
-3.49385
-3.49309
-3.4934
-3.49385
-3.49355
-3.49401
-3.4931
-3.4937
-3.4943
-3.494
-3.49445
-3.49536
-3.49476
-3.49491
-3.49596
-3.49551
-3.49597
-3.49597
-3.49597
-3.49597
-3.49643
-3.49612
-3.49612
-3.49597
-3.49521
-3.49475
-3.4946
-3.4949
-3.49339
-3.494
-3.4937
-3.49219
-3.49098
-3.49174
-3.49053
-3.49068
-3.49099
-3.49174
-3.49219
-3.49189
-3.49234
-3.49158
-3.49053
-3.48992
-3.48962
-3.49008
-3.48993
-3.49038
-3.49128
-3.49159
-3.49158
-3.49143
-3.49128
-3.49067
-3.49113
-3.49083
-3.49158
-3.49159
-3.49234
-3.49249
-3.4928
-3.49295
-3.49279
-3.49249
-3.49249
-3.49189
-3.49249
-3.49204
-3.49219
-3.49218
-3.49264
-3.49188
-3.49143
-3.49098
-3.49144
-3.49159
-3.49068
-3.49098
-3.49083
-3.49098
-3.49023
-3.48992
-3.48978
-3.49008
-3.48993
-3.49023
-3.49083
-3.49038
-3.49038
-3.49007
-3.49007
-3.48962
-3.49038
-3.49098
-3.49084
-3.49068
-3.49174
-3.49189
-3.49159
-3.49204
-3.49204
-3.49218
-3.49249
-3.49339
-3.49279
-3.4943
-3.49385
-3.4934
-3.49355
-3.4934
-3.4931
-3.4931
-3.49295
-3.49234
-3.49249
-3.49264
-3.49264
-3.49203
-3.49158
-3.49158
-3.49174
-3.4931
-3.49431
-3.49491
-3.49431
-3.49476
-3.4928
-3.4931
-3.49219
-3.49143
-3.49158
-3.49083
-3.49113
-3.49068
-3.49174
-3.49189
-3.49219
-3.49234
-3.49158
-3.49143
-3.49113
-3.49113
-3.49068
-3.49143
-3.49083
-3.49083
-3.49098
-3.49113
-3.49053
-3.49128
-3.49204
-3.49129
-3.49159
-3.49128
-3.49204
-3.49174
-3.49174
-3.49204
-3.49159
-3.49249
-3.49128
-3.49097
-3.49097
-3.49173
-3.49114
-3.49174
-3.49099
-3.4913
-3.49235
-3.49386
-3.49326
-3.49386
-3.49386
-3.49461
-3.49506
-3.4946
-3.4943
-3.4934
-3.49264
-3.49385
-3.49461
-3.49356
-3.49295
-3.49386
-3.49355
-3.4928
-3.49355
-3.49295
-3.49235
-3.4928
-3.49219
-3.49249
-3.4937
-3.49401
-3.49416
-3.49491
-3.49446
-3.49551
-3.49581
-3.49717
-3.49793
-3.49763
-3.49748
-3.49718
-3.49643
-3.49643
-3.49612
-3.49627
-3.49642
-3.49536
-3.4943
-3.494
-3.49355
-3.49355
-3.49295
-3.49371
-3.49401
-3.4928
-3.49204
-3.49204
-3.49144
-3.49159
-3.49143
-3.49264
-3.49249
-3.4928
-3.4928
-3.49401
-3.4934
-3.4937
-3.4931
-3.49355
-3.49295
-3.49355
-3.4928
-3.4931
-3.49355
-3.49415
-3.4946
-3.4946
-3.49506
-3.49491
-3.49355
-3.49461
-3.49521
-3.49476
-3.49506
-3.49476
-3.49536
-3.49627
-3.49476
-3.49431
-3.49552
-3.49567
-3.49687
-3.49702
-3.49642
-3.49702
-3.49747
-3.49626
-3.49551
-3.49475
-3.49476
-3.49506
-3.49476
-3.49415
-3.4943
-3.494
-3.494
-3.49385
-3.49355
-3.49264
-3.49355
-3.49476
-3.49506
-3.49521
-3.49596
-3.49702
-3.49747
-3.49657
-3.49627
-3.49627
-3.49597
-3.49672
-3.49687
-3.49823
-3.49763
-3.49672
-3.49597
-3.49566
-3.49491
-3.49521
-3.49491
-3.49566
-3.49612
-3.49627
-3.49566
-3.49566
-3.49491
-3.49461
-3.49295
-3.49219
-3.49204
-3.49234
-3.49249
-3.49325
-3.49415
-3.49385
-3.49324
-3.49385
-3.4937
-3.49294
-3.49309
-3.494
-3.494
-3.49324
-3.49385
-3.49476
-3.49445
-3.4946
-3.4943
-3.4943
-3.49536
-3.49491
-3.49597
-3.49657
-3.49627
-3.49672
-3.49627
-3.49657
-3.49748
-3.49793
-3.49732
-3.49732
-3.49762
-3.49732
-3.49672
-3.49611
-3.49626
-3.49747
-3.49672
-3.49657
-3.49566
-3.49551
-3.49536
-3.49642
-3.49521
-3.49521
-3.49626
-3.49596
-3.49551
-3.49626
-3.49687
-3.49657
-3.49612
-3.49596
-3.49551
-3.49581
-3.49536
-3.49461
-3.49446
-3.4943
-3.4937
-3.4931
-3.49204
-3.4928
-3.49279
-3.49295
-3.49264
-3.49249
-3.49204
-3.49173
-3.49309
-3.49234
-3.49204
-3.49159
-3.49099
-3.49099
-3.49174
-3.49174
-3.49234
-3.49234
-3.49234
-3.49143
-3.49113
-3.49234
-3.49249
-3.4937
-3.4937
-3.4937
-3.49506
-3.49552
-3.49582
-3.49612
-3.49581
-3.49612
-3.49551
-3.49461
-3.49386
-3.49446
-3.49416
-3.49385
-3.49325
-3.49355
-3.49325
-3.49311
-3.49295
-3.4928
-3.4928
-3.49234
-3.49219
-3.49264
-3.49249
-3.49204
-3.49113
-3.49098
-3.49053
-3.49037
-3.49098
-3.49128
-3.49204
-3.49189
-3.49159
-3.49174
-3.49053
-3.48993
-3.49038
-3.48963
-3.48993
-3.49098
-3.49038
-3.49038
-3.48992
-3.48977
-3.49038
-3.48977
-3.48886
-3.48992
-3.49068
-3.49007
-3.49023
-3.49038
-3.49008
-3.49084
-3.49069
-3.49008
-3.49038
-3.49053
-3.49053
-3.49083
-3.49235
-3.49144
-3.49159
-3.4922
-3.4925
-3.49235
-3.49114
-3.49174
-3.49159
-3.49069
-3.48978
-3.48963
-3.48902
-3.48872
-3.48857
-3.48872
-3.48918
-3.48933
-3.48993
-3.49009
-3.49008
-3.48978
-3.48948
-3.49053
-3.49098
-3.49219
-3.4925
-3.49204
-3.49174
-3.49265
-3.49295
-3.4934
-3.49159
-3.4925
-3.49204
-3.4928
-3.4925
-3.4931
-3.4931
-3.4931
-3.49295
-3.49265
-3.49325
-3.4931
-3.49341
-3.49295
-3.49295
-3.4925
-3.49204
-3.49159
-3.4925
-3.4931
-3.4937
-3.49461
-3.4943
-3.49385
-3.49446
-3.49401
-3.49416
-3.49401
-3.49476
-3.49521
-3.49567
-3.49521
-3.4943
-3.49355
-3.49416
-3.49385
-3.49355
-3.49461
-3.49415
-3.49355
-3.49279
-3.49324
-3.49234
-3.49129
-3.49084
-3.49054
-3.49069
-3.48963
-3.49008
-3.48917
-3.48781
-3.48826
-3.48901
-3.48947
-3.48962
-3.48992
-3.49007
-3.48977
-3.49008
-3.48993
-3.49068
-3.49114
-3.49038
-3.49053
-3.48947
-3.48993
-3.49038
-3.49023
-3.49038
-3.49083
-3.49053
-3.49053
-3.49083
-3.49098
-3.49053
-3.48977
-3.48902
-3.48872
-3.48781
-3.48781
-3.48705
-3.48751
-3.48796
-3.48886
-3.48871
-3.48781
-3.48841
-3.48886
-3.48901
-3.48992
-3.48992
-3.48932
-3.48977
-3.49022
-3.48931
-3.48946
-3.48992
-3.48977
-3.48992
-3.49128
-3.49143
-3.49068
-3.49068
-3.49113
-3.49098
-3.49082
-3.49067
-3.49052
-3.48931
-3.48946
-3.48932
-3.48977
-3.49007
-3.49023
-3.49068
-3.49143
-3.49173
-3.4937
-3.49385
-3.49234
-3.49249
-3.49249
-3.4934
-3.49445
-3.49445
-3.49475
-3.49521
-3.49505
-3.49475
-3.49415
-3.49354
-3.49294
-3.49279
-3.49173
-3.49189
-3.49128
-3.49174
-3.49189
-3.49144
-3.49219
-3.49234
-3.49114
-3.49098
-3.49083
-3.49159
-3.49174
-3.49128
-3.49037
-3.49007
-3.48962
-3.48901
-3.48947
-3.49068
-3.48977
-3.48932
-3.48872
-3.48977
-3.49053
-3.49053
-3.48978
-3.48947
-3.49023
-3.48962
-3.48932
-3.48917
-3.49023
-3.48917
-3.48932
-3.48872
-3.48903
-3.48782
-3.48887
-3.48857
-3.48811
-3.48796
-3.48811
-3.48811
-3.48781
-3.48796
-3.48871
-3.48977
-3.49007
-3.49113
-3.49204
-3.49264
-3.49174
-3.49174
-3.49174
-3.49114
-3.49038
-3.49144
-3.49219
-3.49264
-3.49234
-3.49098
-3.49037
-3.49022
-3.49128
-3.49143
-3.49113
-3.49038
-3.48962
-3.48902
-3.49008
-3.48887
-3.48887
-3.48871
-3.48946
-3.48916
-3.48886
-3.48916
-3.48962
-3.48977
-3.48962
-3.48993
-3.49069
-3.49069
-3.49189
-3.49084
-3.49038
-3.48992
-3.48977
-3.48961
-3.48961
-3.48901
-3.48991
-3.49052
-3.49113
-3.49218
-3.49203
-3.49218
-3.49203
-3.49309
-3.49324
-3.49385
-3.49355
-3.49415
-3.49521
-3.49566
-3.49596
-3.49642
-3.49642
-3.49626
-3.49687
-3.49671
-3.49687
-3.49671
-3.49566
-3.49566
-3.49415
-3.49475
-3.4946
-3.49476
-3.494
-3.49415
-3.49369
-3.4946
-3.49505
-3.49505
-3.49445
-3.494
-3.494
-3.49324
-3.4937
-3.49415
-3.49445
-3.4949
-3.49475
-3.49369
-3.49279
-3.49248
-3.49233
-3.49248
-3.35319
-3.35303
-3.35288
-3.35303
-3.35258
-3.35258
-3.35349
-3.35349
-3.35364
-3.3544
-3.35515
-3.35409
-3.35394
-3.35288
-3.35213
-3.35183
-3.35122
-3.35123
-3.35093
-3.35017
-3.35017
-3.3488
-3.34926
-3.34865
-3.3485
-3.34851
-3.35002
-3.35062
-3.35168
-3.35259
-3.35228
-3.35379
-3.35349
-3.35409
-3.35409
-3.3547
-3.35485
-3.35409
-3.35424
-3.35364
-3.35455
-3.35364
-3.35379
-3.35243
-3.35153
-3.35107
-3.35107
-3.35062
-3.35077
-3.35122
-3.35092
-3.35107
-3.35092
-3.35137
-3.35152
-3.35183
-3.35304
-3.35455
-3.35379
-3.35349
-3.35319
-3.35349
-3.35364
-3.35319
-3.35274
-3.35259
-3.35243
-3.35304
-3.35273
-3.35228
-3.35197
-3.35197
-3.35091
-3.35122
-3.35122
-3.35017
-3.35077
-3.35077
-3.35077
-3.35107
-3.35047
-3.35092
-3.35032
-3.35153
-3.35183
-3.35168
-3.35152
-3.35273
-3.35213
-3.35198
-3.35198
-3.35228
-3.35183
-3.35228
-3.35289
-3.35379
-3.3541
-3.3547
-3.3547
-3.35515
-3.3547
-3.35409
-3.35484
-3.3562
-3.3559
-3.35606
-3.35575
-3.35636
-3.35651
-3.35606
-3.35546
-3.35621
-3.35546
-3.35561
-3.3553
-3.3553
-3.35576
-3.35545
-3.3556
-3.35606
-3.355
-3.3553
-3.3556
-3.35394
-3.35394
-3.35379
-3.35455
-3.35515
-3.35545
-3.35636
-3.35575
-3.35545
-3.35364
-3.35333
-3.35288
-3.35303
-3.35242
-3.35212
-3.35273
-3.35274
-3.35334
-3.35379
-3.35334
-3.35319
-3.35228
-3.35213
-3.35258
-3.35409
-3.35379
-3.35409
-3.35364
-3.35379
-3.35378
-3.35378
-3.35378
-3.35258
-3.35258
-3.35258
-3.35303
-3.35409
-3.35424
-3.35485
-3.35545
-3.3559
-3.3559
-3.35575
-3.35545
-3.35575
-3.35575
-3.3565
-3.35741
-3.35695
-3.35786
-3.35817
-3.35771
-3.35757
-3.35742
-3.35787
-3.35817
-3.35742
-3.35817
-3.35831
-3.35756
-3.35725
-3.35575
-3.35514
-3.3553
-3.35515
-3.35606
-3.35606
-3.35576
-3.35621
-3.35621
-3.35696
-3.35847
-3.35802
-3.35847
-3.35817
-3.35772
-3.35726
-3.35726
-3.35802
-3.35666
-3.35575
-3.35605
-3.3556
-3.3559
-3.35545
-3.355
-3.3553
-3.35576
-3.35697
-3.35757
-3.35681
-3.3556
-3.3553
-3.35484
-3.35393
-3.35394
-3.35378
-3.35348
-3.35424
-3.35515
-3.35455
-3.35409
-3.35379
-3.3541
-3.35304
-3.35395
-3.35455
-3.35576
-3.355
-3.35606
-3.3556
-3.3556
-3.3562
-3.3556
-3.35484
-3.35439
-3.3547
-3.3547
-3.35561
-3.3553
-3.3541
-3.3541
-3.35576
-3.35636
-3.35515
-3.35409
-3.35379
-3.35333
-3.35379
-3.35303
-3.35379
-3.35304
-3.35304
-3.35273
-3.35303
-3.35227
-3.35182
-3.35197
-3.35182
-3.35197
-3.35152
-3.35258
-3.35152
-3.35318
-3.35273
-3.35318
-3.35258
-3.35379
-3.35349
-3.35243
-3.35183
-3.34971
-3.34941
-3.34971
-3.34926
-3.34865
-3.34911
-3.34865
-3.35092
-3.35183
-3.35167
-3.35137
-3.35212
-3.35197
-3.35258
-3.35183
-3.35213
-3.35152
-3.35198
-3.35077
-3.35016
-3.35032
-3.35153
-3.35153
-3.35077
-3.35107
-3.35123
-3.35153
-3.35229
-3.35274
-3.35319
-3.35394
-3.35348
-3.35408
-3.35378
-3.35363
-3.35364
-3.35455
-3.35379
-3.3541
-3.35289
-3.35243
-3.35138
-3.35213
-3.35212
-3.35197
-3.35288
-3.35318
-3.35182
-3.35228
-3.35243
-3.35212
-3.35152
-3.35152
-3.35212
-3.35227
-3.35288
-3.35333
-3.35273
-3.35273
-3.35364
-3.35364
-3.35424
-3.355
-3.35424
-3.35439
-3.35469
-3.35484
-3.35379
-3.35439
-3.35485
-3.35515
-3.35455
-3.35515
-3.3553
-3.35515
-3.35499
-3.35469
-3.35424
-3.35393
-3.35378
-3.35393
-3.35469
-3.35394
-3.35288
-3.35318
-3.35318
-3.35288
-3.35212
-3.35348
-3.35288
-3.35334
-3.35334
-3.35273
-3.35258
-3.35258
-3.35243
-3.35333
-3.35348
-3.35378
-3.35333
-3.35348
-3.35258
-3.35243
-3.35288
-3.35288
-3.35394
-3.35364
-3.35379
-3.35228
-3.35288
-3.35258
-3.35213
-3.35152
-3.35198
-3.35228
-3.35228
-3.35303
-3.35348
-3.35379
-3.35454
-3.35318
-3.35288
-3.35243
-3.35273
-3.35228
-3.35212
-3.35198
-3.35273
-3.35258
-3.35288
-3.35334
-3.35288
-3.35288
-3.35379
-3.35515
-3.35576
-3.35485
-3.35424
-3.35424
-3.35484
-3.35393
-3.35393
-3.35408
-3.35439
-3.35273
-3.35259
-3.35304
-3.35319
-3.35334
-3.35379
-3.35425
-3.3553
-3.3559
-3.35726
-3.35711
-3.35711
-3.35726
-3.35696
-3.35801
-3.35771
-3.35711
-3.35681
-3.35636
-3.3553
-3.355
-3.35455
-3.35485
-3.35485
-3.3553
-3.3553
-3.3547
-3.35409
-3.35348
-3.35302
-3.35242
-3.35182
-3.35213
-3.35168
-3.35183
-3.35198
-3.35198
-3.35228
-3.35122
-3.35197
-3.35227
-3.35288
-3.35378
-3.35303
-3.35363
-3.35379
-3.35333
-3.35333
-3.35364
-3.35349
-3.35379
-3.35348
-3.35242
-3.35227
-3.35197
-3.35227
-3.35197
-3.35076
-3.35061
-3.35167
-3.35121
-3.35121
-3.35227
-3.35182
-3.35197
-3.35227
-3.35197
-3.35258
-3.35393
-3.35393
-3.35424
-3.35454
-3.35363
-3.35393
-3.35378
-3.35303
-3.35242
-3.35242
-3.35242
-3.35288
-3.35167
-3.35061
-3.35107
-3.35046
-3.35061
-3.35167
-3.35182
-3.35122
-3.35122
-3.35167
-3.35182
-3.35333
-3.35242
-3.35303
-3.35333
-3.35257
-3.35302
-3.35348
-3.35318
-3.35288
-3.35363
-3.35333
-3.35394
-3.35409
-3.35424
-3.35469
-3.35484
-3.35529
-3.35544
-3.35574
-3.35559
-3.3556
-3.35575
-3.35469
-3.35515
-3.35636
-3.35666
-3.3559
-3.35605
-3.35544
-3.35605
-3.35665
-3.35711
-3.3568
-3.35741
-3.35771
-3.35786
-3.35786
-3.35832
-3.35801
-3.35877
-3.35968
-3.35922
-3.35847
-3.35711
-3.35651
-3.35666
-3.35681
-3.35666
-3.35605
-3.35605
-3.3562
-3.35605
-3.35635
-3.3562
-3.35499
-3.3553
-3.35424
-3.35348
-3.35363
-3.35333
-3.35439
-3.35348
-3.35212
-3.35167
-3.35198
-3.35153
-3.35092
-3.35032
-3.35061
-3.35061
-3.3506
-3.35181
-3.35166
-3.35151
-3.35211
-3.35227
-3.35136
-3.35122
-3.35076
-3.35016
-3.35107
-3.35016
-3.35016
-3.35137
-3.35107
-3.35213
-3.35212
-3.35273
-3.35182
-3.35136
-3.35167
-3.35333
-3.35439
-3.35363
-3.35423
-3.35438
-3.35453
-3.35393
-3.35332
-3.35378
-3.35333
-3.35409
-3.35484
-3.355
-3.3547
-3.35394
-3.3547
-3.3544
-3.35258
-3.35379
-3.35394
-3.35424
-3.35469
-3.35514
-3.35545
-3.35499
-3.35605
-3.3559
-3.3553
-3.35575
-3.3553
-3.355
-3.35425
-3.3544
-3.35409
-3.35364
-3.35349
-3.35395
-3.35395
-3.35349
-3.35274
-3.35379
-3.35349
-3.35303
-3.35273
-3.35213
-3.35319
-3.35304
-3.35334
-3.3541
-3.35259
-3.3535
-3.3544
-3.35395
-3.35425
-3.35364
-3.35289
-3.35319
-3.35425
-3.35379
-3.35349
-3.35455
-3.35501
-3.35531
-3.35621
-3.35591
-3.35636
-3.35682
-3.35757
-3.35893
-3.35909
-3.35863
-3.35909
-3.35773
-3.35772
-3.35772
-3.35802
-3.35817
-3.35999
-3.35924
-3.35863
-3.35743
-3.35758
-3.35606
-3.35576
-3.35621
-3.35651
-3.35606
-3.35621
-3.35485
-3.3547
-3.35455
-3.3553
-3.35546
-3.35501
-3.35486
-3.35486
-3.3532
-3.35486
-3.35426
-3.3544
-3.35365
-3.35364
-3.3544
-3.355
-3.35515
-3.35485
-3.35334
-3.35304
-3.35243
-3.35319
-3.35274
-3.35394
-3.35319
-3.35138
-3.35228
-3.35213
-3.35244
-3.35259
-3.35214
-3.35169
-3.35199
-3.35229
-3.35229
-3.35184
-3.35169
-3.35274
-3.35244
-3.35183
-3.35198
-3.35168
-3.35047
-3.34987
-3.35077
-3.35107
-3.35092
-3.35047
-3.35153
-3.35229
-3.35183
-3.35229
-3.35319
-3.3544
-3.3544
-3.35455
-3.3541
-3.35425
-3.35379
-3.35304
-3.35364
-3.35228
-3.35273
-3.35258
-3.35394
-3.35334
-3.35259
-3.35259
-3.35411
-3.35395
-3.3535
-3.35319
-3.35379
-3.35349
-3.3547
-3.35561
-3.35516
-3.35501
-3.35501
-3.35606
-3.35621
-3.35561
-3.35621
-3.35726
-3.35847
-3.35772
-3.35788
-3.35939
-3.35984
-3.35938
-3.35953
-3.35938
-3.35832
-3.35833
-3.35878
-3.35939
-3.35999
-3.3609
-3.36044
-3.36075
-3.36059
-3.35923
-3.35923
-3.35803
-3.35727
-3.35757
-3.35803
-3.35757
-3.35742
-3.35787
-3.35727
-3.35651
-3.35696
-3.35606
-3.35561
-3.35576
-3.35515
-3.3553
-3.35395
-3.3541
-3.35455
-3.35394
-3.35455
-3.3544
-3.35364
-3.35349
-3.3544
-3.35455
-3.35515
-3.3547
-3.3553
-3.3553
-3.35591
-3.3553
-3.35425
-3.3544
-3.35455
-3.35561
-3.35561
-3.35576
-3.35409
-3.35394
-3.35424
-3.35395
-3.3541
-3.35501
-3.35546
-3.35546
-3.35576
-3.35591
-3.35651
-3.3556
-3.35515
-3.35485
-3.35485
-3.3541
-3.35349
-3.35259
-3.35335
-3.35335
-3.35335
-3.3532
-3.35365
-3.35305
-3.35274
-3.35304
-3.35258
-3.35334
-3.35395
-3.35334
-3.35274
-3.35304
-3.35258
-3.35394
-3.3547
-3.35425
-3.35305
-3.35275
-3.3529
-3.35274
-3.35259
-3.35229
-3.35168
-3.35274
-3.35365
-3.35381
-3.35245
-3.35244
-3.35289
-3.35274
-3.35394
-3.35409
-3.3547
-3.3541
-3.35516
-3.35562
-3.35501
-3.35577
-3.35516
-3.3541
-3.3538
-3.35365
-3.35395
-3.35501
-3.35455
-3.35485
-3.35455
-3.35379
-3.35455
-3.35379
-3.35273
-3.35198
-3.35243
-3.35213
-3.35092
-3.35047
-3.35108
-3.35062
-3.35168
-3.35153
-3.35274
-3.35289
-3.35289
-3.35213
-3.35168
-3.35122
-3.35138
-3.35123
-3.35047
-3.35002
-3.34972
-3.35032
-3.35123
-3.35062
-3.35017
-3.34911
-3.34896
-3.3488
-3.3485
-3.34714
-3.34759
-3.34639
-3.34608
-3.34714
-3.34744
-3.34744
-3.34654
-3.34609
-3.34729
-3.34775
-3.34835
-3.34865
-3.34911
-3.34911
-3.34941
-3.34926
-3.35001
-3.34971
-3.34971
-3.34985
-3.3494
-3.34956
-3.34956
-3.34956
-3.34836
-3.3479
-3.34775
-3.34805
-3.34911
-3.34926
-3.34896
-3.34865
-3.3491
-3.35001
-3.35001
-3.35107
-3.35182
-3.35137
-3.35137
-3.35016
-3.35031
-3.35046
-3.35122
-3.35107
-3.35092
-3.35062
-3.35047
-3.35047
-3.35077
-3.35107
-3.35077
-3.35092
-3.35137
-3.35213
-3.35137
-3.35107
-3.34987
-3.35047
-3.35062
-3.35168
-3.35137
-3.35137
-3.34941
-3.34986
-3.34941
-3.34971
-3.34986
-3.35016
-3.35062
-3.35107
-3.35047
-3.35107
