-0.475271   0.347159   -0.16436
-0.00778538   -0.0749262   0.47623
0.0818907   0.35605   0.356485
0.488827   -0.3979   -0.446798
0.132689   0.291486   0.44419
-0.101657   -0.460291   -0.470045
0.324295   -0.281933   -0.0645353
-0.0399454   -0.33122   -0.175688
0.296133   0.328925   -0.372611
0.319632   -0.328962   0.273243
-0.404609   0.371796   0.199875
-0.0440267   0.160782   0.00535134
-0.228096   0.451182   -0.0555298
-0.420376   -0.291347   0.117801
0.322529   0.406088   0.223211
-0.200911   -0.225849   0.00802086
0.259643   -0.360186   0.00219433
0.00832808   -0.256088   -0.462139
0.0744878   -0.264345   -0.121464
-0.226688   0.304208   -0.00141216
0.132039   -0.397617   0.314164
-0.418113   0.099691   -0.158515
-0.208449   -0.14966   0.0871518
0.0508332   -0.428889   -0.382667
0.097903   -0.0339377   -0.489805
0.193182   0.23016   0.0437156
-0.484758   -0.369298   0.0847052
-0.351923   0.291576   -0.422754
0.416533   -0.126879   -0.435985
0.164078   -0.479369   -0.0456687
0.454123   0.454009   0.261484
0.0172274   -0.355171   -0.227337
-0.137044   -0.330994   -0.460278
0.163411   0.228966   -0.0505338
0.322501   0.422088   0.299014
-0.230119   0.0430889   0.437455
-0.0627613   -0.315637   0.434852
0.0485344   -0.120603   -0.486933
0.428423   -0.226152   0.269442
-0.352322   0.0670821   0.471345
-0.119163   -0.256331   -0.202004
0.46224   -0.196953   -0.213578
0.0305191   0.299643   0.387491
0.489088   -0.419106   0.365375
0.465019   0.372067   0.146515
-0.40265   -0.271906   -0.0148858
0.0353751   -0.428045   -0.167346
0.0940399   0.0977861   -0.468167
-0.325058   0.27493   0.165422
0.152871   -0.251203   0.0545254
0.218987   -0.41139   -0.0892379
-0.129023   -0.239999   -0.431116
0.286573   0.300259   -0.23259
-0.236217   -0.476959   -0.357402
0.458734   -0.0220229   0.0289986
-0.219021   -0.260616   -0.103425
0.147965   0.204571   0.256388
0.0843945   0.150787   -0.101903
-0.462308   -0.369397   -0.37389
0.25236   0.206417   0.190883
0.323246   0.206923   0.33094
-0.0642459   -0.391573   -0.295072
-0.0863165   0.131052   0.171816
0.150604   -0.49594   0.35678
0.00286404   -0.0932609   -0.0253599
-0.281554   0.0304534   -0.240778
-0.120848   0.137179   0.355852
-0.120136   -0.175224   -0.334253
-0.0613717   -0.365062   0.365975
0.419771   -0.144896   0.0288801
-0.268843   -0.19868   0.119548
0.10784   0.415828   0.170733
-0.0197826   0.103774   0.0538664
0.2126   0.143645   0.362427
0.25982   0.342279   0.254172
0.383455   0.152376   0.153609
0.197968   -0.183534   -0.0764395
0.346968   0.413598   -0.362324
0.146267   0.353575   -0.103801
0.315564   0.190369   -0.0591413
0.178979   0.195882   0.447238
0.489241   -0.304328   0.2697
-0.48083   0.482078   0.300325
0.459444   -0.140939   0.237427
0.0788238   0.0834115   0.329726
0.471784   0.00500473   -0.389827
0.0874441   -0.389786   -0.455878
0.0909773   0.299668   0.146321
-0.379704   0.415539   0.268439
-0.312757   0.473441   0.0782676
-0.0170369   0.290845   0.296689
-0.483727   -0.436555   0.281803
-0.267833   0.350267   -0.206878
-0.0128808   0.244672   0.495505
-0.307432   -0.451683   0.147653
-0.218457   0.215952   0.019344
-0.346418   -0.291517   0.498702
-0.320143   0.0677332   -0.305537
-0.218044   0.0743726   -0.170694
0.339403   0.0939724   0.20242
-0.377448   -0.47622   0.110431
-0.413379   0.391906   0.0321046
-0.351058   0.00344568   -0.0563809
0.36265   0.235406   -0.256502
-0.233932   -0.0787019   -0.116981
-0.241766   -0.363524   0.46176
0.0627626   -0.308755   0.100363
0.221153   -0.147037   0.031071
