-7.84084
-7.80504
-7.73227
-7.6466
-7.54361
-7.42712
-7.30675
-7.18833
-7.0787
-6.98526
-6.91274
-6.86841
-6.85064
-6.85677
-6.88428
-6.92422
-6.96986
-7.015
-7.05891
-7.09581
-7.12285
-7.14314
-7.15875
-7.16549
-7.16547
-7.16036
-7.15442
-7.14926
-7.14633
-7.14446
-7.14566
-7.14768
-7.15336
-7.16044
-7.16922
-7.18091
-7.19349
-7.20624
-7.21665
-7.22614
-7.23567
-7.24231
-7.24835
-7.25323
-7.25253
-7.24934
-7.24269
-7.23384
-7.22376
-7.21283
-7.20105
-7.18912
-7.18319
-7.17972
-7.18405
-7.19217
-7.20495
-7.2151
-7.23027
-7.24441
-7.25616
-7.26702
-7.27044
-7.27122
-7.26866
-7.2651
-7.25503
-7.24298
-7.2309
-7.21778
-7.20786
-7.19595
-7.18665
-7.17921
-7.17166
-7.16389
-7.15898
-7.15568
-7.15587
-7.16065
-7.16592
-7.17281
-7.18226
-7.18588
-7.19207
-7.19588
-7.19781
-7.20085
-7.2044
-7.20462
-7.20739
-7.20634
-7.20372
-7.19721
-7.19261
-7.18521
-7.17619
-7.1709
-7.16234
-7.15776
-7.15043
-7.14594
-7.14213
-7.14193
-7.14423
-7.1493
-7.15491
-7.16507
-7.17367
-7.18426
-7.1956
-7.20629
-7.21645
-7.22402
-7.23146
-7.23572
-7.23884
-7.24417
-7.24503
-7.24291
-7.23949
-7.23346
-7.22654
-7.22097
-7.21413
-7.20694
-7.20013
-7.1945
-7.19067
-7.18814
-7.1866
-7.1867
-7.18426
-7.18401
-7.1824
-7.18035
-7.17865
-7.17851
-7.17968
-7.18722
-7.19345
-7.20155
-7.20864
-7.21296
-7.21551
-7.2176
-7.21453
-7.21221
-7.20616
-7.1983
-7.19082
-7.18456
-7.17777
-7.17187
-7.1664
-7.15773
-7.15059
-7.14431
-7.13698
-7.13414
-7.13259
-7.13603
-7.14063
-7.15049
-7.16276
-7.17848
-7.19435
-7.21064
-7.22744
-7.24211
-7.25252
-7.26421
-7.27406
-7.27937
-7.28131
-7.28121
-7.27689
-7.27114
-7.26262
-7.25233
-7.2403
-7.22776
-7.2146
-7.20268
-7.18386
-7.16898
-7.15349
-7.14005
-7.12997
-7.12411
-7.12175
-7.12064
-7.1225
-7.12566
-7.12943
-7.13701
-7.14227
-7.15045
-7.1584
-7.16847
-7.17746
-7.18511
-7.19701
-7.2068
-7.21512
-7.22231
-7.23109
-7.23959
-7.24753
-7.25382
-7.25916
-7.26733
-7.27144
-7.27427
-7.27292
-7.26838
-7.26402
-7.25626
-7.24403
-7.22987
-7.21551
-7.19957
-7.18554
-7.1751
-7.16395
-7.15637
-7.1514
-7.14913
-7.14853
-7.15086
-7.159
-7.16737
-7.1795
-7.18889
-7.19881
-7.20906
-7.21451
-7.21698
-7.21695
-7.21583
-7.21004
-7.2024
-7.19493
-7.18522
-7.1779
-7.1697
-7.16433
-7.16152
-7.15962
-7.16014
-7.16606
-7.17277
-7.17964
-7.19118
-7.20145
-7.21327
-7.22271
-7.22927
-7.23664
-7.24256
-7.24808
-7.24937
-7.25194
-7.25239
-7.25208
-7.24652
-7.23946
-7.2333
-7.22483
-7.21403
-7.20232
-7.19006
-7.18237
-7.17247
-7.165
-7.16074
-7.16046
-7.15841
-7.15632
-7.15002
-7.14652
-7.14585
-7.14684
-7.15212
-7.15798
-7.16491
-7.17362
-7.18431
-7.19369
-7.20523
-7.21152
-7.21559
-7.21536
-7.2142
-7.21294
-7.20932
-7.2033
-7.19778
-7.19725
-7.19621
-7.1932
-7.19219
-7.19231
-7.19337
-7.19465
-7.19647
-7.19728
-7.19781
-7.20001
-7.20252
-7.2055
-7.20499
-7.20856
-7.20949
-7.20733
-7.20242
-7.19513
-7.18569
-7.17979
-7.1717
-7.16671
-7.16277
-7.16289
-7.16355
-7.16815
-7.17463
-7.18096
-7.18998
-7.19574
-7.20006
-7.20076
-7.20221
-7.20191
-7.20095
-7.20152
-7.20452
-7.2087
-7.2097
-7.21204
-7.21721
-7.22177
-7.22447
-7.22565
-7.22599
-7.22219
-7.21778
-7.20883
-7.19904
-7.19171
-7.18426
-7.17729
-7.1737
-7.17493
-7.17729
-7.18471
-7.18996
-7.19891
-7.20641
-7.2127
-7.216
-7.21721
-7.21372
-7.20785
-7.19789
-7.1888
-7.18095
-7.17173
-7.16013
-7.15222
-7.14809
-7.14526
-7.1457
-7.14729
-7.15468
-7.16531
-7.17878
-7.19511
-7.21147
-7.22626
-7.23982
-7.25046
-7.25735
-7.26069
-7.2578
-7.25293
-7.24456
-7.23243
-7.22036
-7.20852
-7.19855
-7.19212
-7.18511
-7.18273
-7.18124
-7.18242
-7.18531
-7.18647
-7.18666
-7.18585
-7.18109
-7.17761
-7.17449
-7.16981
-7.16271
-7.1574
-7.15346
-7.15185
-7.15371
-7.15623
-7.16103
-7.1645
-7.17261
-7.1831
-7.19334
-7.2047
-7.21755
-7.22665
-7.23259
-7.23842
-7.24147
-7.241
-7.23905
-7.23371
-7.22745
-7.22249
-7.21919
-7.21431
-7.20903
-7.20458
-7.201
-7.20043
-7.20083
-7.20006
-7.19914
-7.19556
-7.19315
-7.18732
-7.18023
-7.17402
-7.16827
-7.16305
-7.15969
-7.15766
-7.15887
-7.16525
-7.17268
-7.18081
-7.18961
-7.19485
-7.19611
-7.1966
-7.19949
-7.20075
-7.20431
-7.20789
-7.21567
-7.22357
-7.22962
-7.23376
-7.23629
-7.23612
-7.23433
-7.23304
-7.23205
-7.22603
-7.21881
-7.2136
-7.20504
-7.19762
-7.19188
-7.18855
-7.18481
-7.18047
-7.17542
-7.17391
-7.17251
-7.1726
-7.17958
-7.18726
-7.20005
-7.20979
-7.22126
-7.22998
-7.24003
-7.24481
-7.24578
-7.24119
-7.22979
-7.216
-7.19918
-7.1811
-7.16126
-7.146
-7.13282
-7.12658
-7.12388
-7.12937
-7.13848
-7.1508
-7.16407
-7.17834
-7.18922
-7.19802
-7.19938
-7.19955
-7.19627
-7.19018
-7.18117
-7.17444
-7.17117
-7.1702
-7.17424
-7.1804
-7.18442
-7.19079
-7.19439
-7.1972
-7.19799
-7.19883
-7.19854
-7.19518
-7.19365
-7.19196
-7.1928
-7.19503
-7.19728
-7.20393
-7.20956
-7.21561
-7.22259
-7.23131
-7.2409
-7.24755
-7.25472
-7.26134
-7.26475
-7.26558
-7.26734
-7.26458
-7.25807
-7.2516
-7.24429
-7.23492
-7.2232
-7.21029
-7.19724
-7.18581
-7.17416
-7.16399
-7.15241
-7.14187
-7.13117
-7.12107
-7.11312
-7.10834
-7.10415
-7.10358
-7.10426
-7.10937
-7.1187
-7.1292
-7.14167
-7.15651
-7.17176
-7.18841
-7.20356
-7.21499
-7.22539
-7.23485
-7.24163
-7.24646
-7.24988
-7.2481
-7.24127
-7.23325
-7.22216
-7.2104
-7.19921
-7.18545
-7.17253
-7.16298
-7.15288
-7.14782
-7.14611
-7.14776
-7.15585
-7.16675
-7.17795
-7.19054
-7.20281
-7.21466
-7.21939
-7.22303
-7.22484
-7.22495
-7.22256
-7.2186
-7.21397
-7.21114
-7.20896
-7.20637
-7.20658
-7.20643
-7.21053
-7.21017
-7.20775
-7.20585
-7.2064
-7.20823
-7.20762
-7.20767
-7.20721
-7.20694
-7.20838
-7.21125
-7.21343
-7.21265
-7.21092
-7.2042
-7.1981
-7.1892
-7.17933
-7.1687
-7.16034
-7.15281
-7.14648
-7.14491
-7.1435
-7.1482
-7.15396
-7.16155
-7.17124
-7.17671
-7.18645
-7.19065
-7.19284
-7.19225
-7.18756
-7.18025
-7.17224
-7.16844
-7.16829
-7.1698
-7.17449
-7.18415
-7.19615
-7.21033
-7.2242
-7.2351
-7.24598
-7.25146
-7.25735
-7.25591
-7.25158
-7.24854
-7.2437
-7.23446
-7.22708
-7.22164
-7.21275
-7.20454
-7.19673
-7.18991
-7.18476
-7.18156
-7.18008
-7.18012
-7.18147
-7.18709
-7.19324
-7.19768
-7.20054
-7.20405
-7.20364
-7.20021
-7.19684
-7.19188
-7.18641
-7.17997
-7.17504
-7.17024
-7.16512
-7.16253
-7.164
-7.1664
-7.17137
-7.17805
-7.18723
-7.19875
-7.2108
-7.22544
-7.23688
-7.24879
-7.2577
-7.26137
-7.26326
-7.26025
-7.25073
-7.23889
-7.22323
-7.20536
-7.1877
-7.17003
-7.15892
-7.15319
-7.15158
-7.157
-7.16867
-7.18264
-7.19646
-7.21045
-7.22201
-7.23084
-7.23729
-7.23739
-7.23419
-7.22871
-7.21811
-7.20633
-7.19182
-7.17712
-7.16578
-7.15309
-7.14532
-7.14067
-7.13895
-7.14028
-7.14456
-7.15022
-7.15716
-7.16498
-7.17183
-7.17865
-7.18538
-7.19383
-7.19901
-7.20567
-7.21321
-7.21924
-7.226
-7.23008
-7.23451
-7.23779
-7.23783
-7.23786
-7.23518
-7.22957
-7.2172
-7.20644
-7.1917
-7.17848
-7.16686
-7.15917
-7.15434
-7.15216
-7.1525
-7.15731
-7.16124
-7.16656
-7.17374
-7.18004
-7.18423
-7.18489
-7.18422
-7.18364
-7.18369
-7.1867
-7.19082
-7.19664
-7.20506
-7.21348
-7.21888
-7.22483
-7.23019
-7.2336
-7.2357
-7.23398
-7.23331
-7.22912
-7.22248
-7.21519
-7.20615
-7.19487
-7.18435
-7.17646
-7.17406
-7.17257
-7.17607
-7.18188
-7.18868
-7.19643
-7.20378
-7.2081
-7.2082
-7.20716
-7.20375
-7.19856
-7.19251
-7.19008
-7.1859
-7.18102
-7.17968
-7.18122
-7.18032
-7.18318
-7.18991
-7.19654
-7.20336
-7.21026
-7.21672
-7.22136
-7.22242
-7.22045
-7.21472
-7.21088
-7.20527
-7.20027
-7.19605
-7.19121
-7.18807
-7.18908
-7.19043
-7.19312
-7.20101
-7.20842
-7.2145
-7.22078
-7.22669
-7.22962
-7.23114
-7.2317
-7.23095
-7.22958
-7.22775
-7.22408
-7.21875
-7.21487
-7.20762
-7.20023
-7.19263
-7.18263
-7.17635
-7.1709
-7.16793
-7.16683
-7.16584
-7.16524
-7.1661
-7.16265
-7.16089
-7.16155
-7.16309
-7.16843
-7.17446
-7.18104
-7.19001
-7.19724
-7.20596
-7.21131
-7.21658
-7.22001
-7.22191
-7.22017
-7.21905
-7.21684
-7.20908
-7.20122
-7.19399
-7.1862
-7.17954
-7.17417
-7.17165
-7.17121
-7.17257
-7.176
-7.18235
-7.1894
-7.19708
-7.20502
-7.21435
-7.22128
-7.22788
-7.22936
-7.22801
-7.22525
-7.21924
-7.21275
-7.20449
-7.19699
-7.18819
-7.18085
-7.17446
-7.16723
-7.16341
-7.16346
-7.1653
-7.1681
-7.17075
-7.17011
-7.17049
-7.17066
-7.1682
-7.16158
-7.15602
-7.15037
-7.14942
-7.14999
-7.15418
-7.16569
-7.18256
-7.20088
-7.22114
-7.2401
-7.25561
-7.2672
-7.27312
-7.27428
-7.27033
-7.26342
-7.25398
-7.24142
-7.23202
-7.2225
-7.21444
-7.20914
-7.20364
-7.20304
-7.20233
-7.2016
-7.20102
-7.20017
-7.19953
-7.196
-7.19061
-7.18243
-7.1707
-7.1586
-7.14392
-7.13191
-7.12135
-7.1137
-7.10818
-7.1057
-7.1095
-7.11797
-7.12581
-7.1409
-7.15717
-7.17435
-7.19154
-7.20909
-7.2279
-7.24718
-7.26177
-7.27389
-7.27846
-7.28066
-7.27825
-7.27165
-7.25703
-7.24196
-7.22357
-7.20531
-7.18571
-7.16756
-7.15173
-7.14091
-7.13455
-7.13404
-7.13743
-7.15023
-7.16417
-7.17899
-7.19389
-7.20858
-7.22172
-7.23156
-7.23762
-7.24095
-7.23939
-7.23561
-7.22765
-7.21625
-7.20411
-7.19389
-7.18375
-7.17451
-7.16722
-7.16182
-7.1609
-7.16124
-7.16322
-7.17021
-7.17773
-7.18724
-7.19744
-7.20617
-7.21585
-7.22331
-7.23265
-7.23997
-7.23271
-7.20719
-7.16804
-7.12025
-7.06104
-6.99613
-6.93122
-6.86949
-6.8202
-6.78179
-6.75708
-6.74956
-6.751
-6.76514
-6.78427
-6.80966
-6.83457
-6.85736
-6.87555
-6.88663
-6.89009
-6.88748
-6.87961
-6.86889
-6.855
-6.84014
-6.83108
-6.82543
-6.82488
-6.83332
-6.84558
-6.86673
-6.88919
-6.91432
-6.93863
-6.95705
-6.97362
-6.98483
-6.98997
-6.99193
-6.98816
-6.98349
-6.97903
-6.97887
-6.97844
-6.9804
-6.98451
-6.98989
-6.99177
-6.9952
-6.99322
-6.98797
-6.97935
-6.96356
-6.94355
-6.91958
-6.90081
-6.88391
-6.87257
-6.86488
-6.86298
-6.86529
-6.87474
-6.88689
-6.90768
-6.93033
-6.95288
-6.97204
-6.98951
-7.00024
-7.00408
-7.00228
-6.99485
-6.98417
-6.97221
-6.96395
-6.95408
-6.94595
-6.94509
-6.94446
-6.94199
-6.94023
-6.93844
-6.93466
-6.93238
-6.92744
-6.92198
-6.91624
-6.90968
-6.90392
-6.90379
-6.90808
-6.91733
-6.92746
-6.94237
-6.95294
-6.95641
-6.95539
-6.94453
-6.92835
-6.90299
-6.87476
-6.84632
-6.81637
-6.79132
-6.77464
-6.76562
-6.76735
-6.78007
-6.7983
-6.82609
-6.86106
-6.89746
-6.93099
-6.96317
-6.99196
-7.01563
-7.03476
-7.04465
-7.04972
-7.04553
-7.03543
-7.02023
-7.0013
-6.98093
-6.96419
-6.95071
-6.93854
-6.92873
-6.92524
-6.92717
-6.93057
-6.93914
-6.94714
-6.95731
-6.96619
-6.97243
-6.97663
-6.97488
-6.96821
-6.95735
-6.94361
-6.92596
-6.90583
-6.88848
-6.87696
-6.86527
-6.86175
-6.86123
-6.86607
-6.87301
-6.88462
-6.89179
-6.89962
-6.90699
-6.914
-6.92354
-6.93498
-6.94627
-6.95773
-6.96632
-6.9751
-6.98189
-6.99122
-6.99928
-7.00684
-7.01443
-7.0195
-7.02429
-7.02421
-7.02248
-7.01957
-7.00998
-6.9976
-6.98187
-6.96136
-6.94075
-6.91787
-6.8936
-6.87014
-6.84996
-6.83248
-6.82427
-6.82198
-6.82528
-6.83656
-6.85204
-6.87235
-6.89325
-6.91611
-6.93239
-6.9426
-6.94421
-6.93679
-6.92037
-6.90152
-6.88141
-6.86284
-6.85451
-6.85636
-6.86551
-6.88037
-6.90163
-6.92606
-6.9486
-6.97017
-6.99068
-7.00059
-7.00764
-7.00998
-7.01031
-7.00627
-7.00389
-7.00109
-6.99987
-6.9991
-6.99999
-7.00421
-7.00906
-7.01087
-7.00389
-6.99405
-6.97889
-6.95818
-6.93836
-6.92344
-6.91324
-6.90612
-6.90456
-6.90907
-6.91673
-6.92601
-6.93737
-6.94728
-6.95149
-6.95287
-6.94957
-6.94002
-6.92615
-6.90843
-6.88942
-6.87114
-6.8564
-6.84763
-6.85182
-6.86069
-6.8748
-6.89403
-6.91725
-6.93735
-6.94836
-6.95457
-6.95801
-6.95292
-6.94743
-6.94073
-6.93235
-6.92553
-6.91812
-6.91472
-6.91072
-6.91034
-6.91052
-6.90951
-6.91173
-6.91559
-6.92142
-6.92915
-6.93621
-6.94228
-6.95098
-6.95382
-6.95636
-6.9587
-6.95847
-6.96116
-6.96012
-6.96117
-6.95879
-6.95508
-6.95289
-6.94944
-6.94529
-6.94401
-6.9442
-6.94106
-6.94058
-6.94164
-6.9414
-6.93662
-6.93485
-6.93375
-6.93292
-6.93071
-6.9286
-6.92721
-6.92567
-6.92363
-6.92178
-6.91777
-6.91449
-6.91214
-6.90838
-6.90672
-6.90292
-6.90153
-6.89799
-6.8972
-6.89478
-6.89502
-6.89494
-6.89644
-6.89838
-6.90357
-6.90543
-6.91154
-6.9211
-6.92389
-6.92786
-6.92926
-6.92759
-6.91995
-6.91024
-6.89738
-6.87984
-6.86741
-6.85298
-6.84433
-6.84108
-6.84435
-6.85496
-6.87138
-6.89181
-6.91387
-6.93641
-6.95753
-6.97661
-6.99358
-7.00689
-7.01619
-7.0226
-7.02625
-7.02719
-7.02579
-7.01847
-7.00983
-6.99628
-6.98358
-6.96988
-6.95831
-6.946
-6.93698
-6.93228
-6.9328
-6.93395
-6.93683
-6.93814
-6.93784
-6.93533
-6.93091
-6.92412
-6.91747
-6.91401
-6.91025
-6.90362
-6.89652
-6.89057
-6.88751
-6.89092
-6.89752
-6.90744
-6.92314
-6.94086
-6.95856
-6.97432
-6.98654
-6.99131
-6.99328
-6.98755
-6.97855
-6.96585
-6.95276
-6.94072
-6.92889
-6.91878
-6.90612
-6.89694
-6.88806
-6.88155
-6.87503
-6.8697
-6.86732
-6.86581
-6.86499
-6.86723
-6.87055
-6.87378
-6.87849
-6.88455
-6.89077
-6.89888
-6.90626
-6.91614
-6.92468
-6.93258
-6.9383
-6.94532
-6.95007
-6.95638
-6.96454
-6.97517
-6.98719
-6.9984
-7.00734
-7.01322
-7.01501
-7.01067
-6.99767
-6.97957
-6.95895
-6.93546
-6.90809
-6.88616
-6.87033
-6.86148
-6.8629
-6.87586
-6.89523
-6.92225
-6.95472
-6.987
-7.01354
-7.0316
-7.04271
-7.04396
-7.03975
-7.02816
-7.00965
-6.98462
-6.95464
-6.92278
-6.89066
-6.86245
-6.84107
-6.82625
-6.8223
-6.82688
-6.84122
-6.864
-6.8881
-6.91284
-6.93431
-6.94763
-6.95344
-6.95262
-6.94153
-6.92524
-6.90381
-6.88571
-6.86981
-6.86014
-6.85921
-6.86655
-6.88207
-6.90042
-6.92075
-6.94082
-6.96038
-6.97795
-6.99456
-7.0063
-7.01702
-7.02462
-7.03192
-7.03611
-7.03658
-7.02875
-7.01625
-6.99673
-6.97607
-6.9514
-6.92708
-6.90539
-6.89019
-6.8797
-6.88192
-6.88998
-6.90758
-6.93298
-6.9554
-6.9739
-6.98678
-6.99184
-6.98784
-6.9757
-6.95723
-6.93791
-6.91728
-6.89592
-6.88498
-6.87601
-6.87343
-6.87837
-6.88606
-6.8963
-6.90913
-6.92254
-6.93861
-6.95316
-6.96339
-6.97013
-6.97087
-6.9684
-6.95908
-6.94564
-6.92935
-6.91436
-6.90322
-6.89551
-6.89368
-6.89755
-6.90443
-6.91321
-6.91696
-6.9185
-6.91703
-6.91192
-6.90331
-6.89205
-6.8781
-6.86704
-6.85672
-6.84926
-6.84604
-6.84855
-6.85861
-6.87251
-6.8911
-6.91412
-6.93426
-6.95443
-6.97271
-6.98811
-7.0038
-7.01736
-7.03127
-7.03818
-7.04149
-7.03852
-7.02891
-7.01884
-7.006
-6.98775
-6.96787
-6.94875
-6.93014
-6.91349
-6.89823
-6.8861
-6.8779
-6.87639
-6.88024
-6.88781
-6.89935
-6.91434
-6.93199
-6.94806
-6.95927
-6.96692
-6.9662
-6.96071
-6.94733
-6.93007
-6.91069
-6.89056
-6.87374
-6.86276
-6.85414
-6.85426
-6.86018
-6.87136
-6.88809
-6.90811
-6.92802
-6.94642
-6.96662
-6.98396
-6.99016
-6.99252
-6.98949
-6.97793
-6.96108
-6.94491
-6.92768
-6.91775
-6.90845
-6.90303
-6.90105
-6.90051
-6.90457
-6.90949
-6.91389
-6.91685
-6.91939
-6.92567
-6.93173
-6.93651
-6.94039
-6.93902
-6.93563
-6.93317
-6.92983
-6.92464
-6.91857
-6.9133
-6.90953
-6.90696
-6.90203
-6.89892
-6.8993
-6.90061
-6.90477
-6.9091
-6.91739
-6.92584
-6.93375
-6.94036
-6.94585
-6.95102
-6.95647
-6.96431
-6.97208
-6.97987
-6.98917
-6.99074
-6.99171
-6.98936
-6.98235
-6.97208
-6.95996
-6.94201
-6.92231
-6.90352
-6.88224
-6.86244
-6.84743
-6.837
-6.83065
-6.83019
-6.83438
-6.84057
-6.85474
-6.87354
-6.89606
-6.91542
-6.93662
-6.95529
-6.96845
-6.98092
-6.98735
-6.9927
-6.99333
-6.99153
-6.98497
-6.97564
-6.96576
-6.9546
-6.94604
-6.93916
-6.93392
-6.93399
-6.93986
-6.94634
-6.95437
-6.96181
-6.96555
-6.96713
-6.97028
-6.96925
-6.96971
-6.96912
-6.96966
-6.96725
-6.96412
-6.95517
-6.94195
-6.9283
-6.91231
-6.89435
-6.87935
-6.86821
-6.85844
-6.85552
-6.85644
-6.86339
-6.87434
-6.88522
-6.89679
-6.91048
-6.92199
-6.93072
-6.93715
-6.94079
-6.94187
-6.94003
-6.93295
-6.92498
-6.91604
-6.907
-6.89887
-6.8925
-6.88648
-6.88347
-6.87974
-6.87838
-6.88246
-6.88622
-6.89317
-6.90326
-6.91563
-6.92759
-6.93748
-6.93861
-6.93776
-6.93721
-6.93149
-6.92526
-6.91684
-6.9094
-6.90374
-6.89723
-6.89406
-6.89492
-6.89801
-6.90396
-6.91273
-6.92283
-6.93258
-6.9411
-6.94803
-6.95379
-6.9554
-6.95929
-6.9617
-6.9619
-6.96204
-6.95887
-6.95753
-6.95538
-6.94933
-6.94502
-6.94019
-6.93724
-6.93779
-6.93785
-6.93971
-6.9386
-6.93826
-6.93203
-6.92756
-6.91969
-6.91075
-6.90416
-6.90113
-6.90287
-6.90625
-6.91465
-6.92511
-6.93291
-6.93666
-6.93953
-6.93963
-6.93623
-6.92911
-6.91725
-6.90874
-6.90017
-6.89261
-6.88979
-6.88803
-6.8891
-6.89527
-6.90254
-6.9091
-6.91652
-6.92211
-6.9273
-6.93044
-6.93098
-6.931
-6.92689
-6.92094
-6.91252
-6.9017
-6.88991
-6.88038
-6.87173
-6.86533
-6.8608
-6.86119
-6.86596
-6.87241
-6.88132
-6.89369
-6.9099
-6.92753
-6.9445
-6.95787
-6.97009
-6.97788
-6.98339
-6.98397
-6.98289
-6.98471
-6.98474
-6.98733
-6.99072
-6.99679
-7.00286
-7.00624
-7.00585
-7.00296
-7.00129
-6.99803
-6.99527
-6.99352
-6.99039
-6.98291
-6.97444
-6.96109
-6.94226
-6.92023
-6.8979
-6.87904
-6.8613
-6.84969
-6.84714
-6.85203
-6.86367
-6.87868
-6.89355
-6.90511
-6.91316
-6.91438
-6.90819
-6.89661
-6.88298
-6.86859
-6.8552
-6.84137
-6.83039
-6.82303
-6.8196
-6.8212
-6.8296
-6.84188
-6.85736
-6.87299
-6.89184
-6.90975
-6.92602
-6.94235
-6.95596
-6.96947
-6.98012
-6.99104
-7.0028
-7.01237
-7.01889
-7.0242
-7.02533
-7.02344
-7.01413
-7.00042
-6.98063
-6.95733
-6.93395
-6.90687
-6.88473
-6.87121
-6.86625
-6.87175
-6.88673
-6.90877
-6.93582
-6.96376
-6.99274
-7.0165
-7.03446
-7.04484
-7.05047
-7.04575
-7.03656
-7.02149
-7.00281
-6.98528
-6.96632
-6.94985
-6.93727
-6.92995
-6.92289
-6.9167
-6.90907
-6.90267
-6.89546
-6.88355
-6.87333
-6.8605
-6.84686
-6.83461
-6.81915
-6.80501
-6.78921
-6.77604
-6.76439
-6.75463
-6.7455
-6.74142
-6.74822
-6.76338
-6.78851
-6.8215
-6.85983
-6.89806
-6.9356
-6.96465
-6.98827
-7.00511
-7.01633
-7.02036
-7.01976
-7.01616
-7.01107
-7.00533
-6.99884
-6.99228
-6.98365
-6.97466
-6.96495
-6.95283
-6.93953
-6.92773
-6.91754
-6.90971
-6.90825
-6.90907
-6.91402
-6.92065
-6.92648
-6.93243
-6.93678
-6.94163
-6.94113
-6.94113
-6.94485
-6.94653
-6.9477
-6.94986
-6.95163
-6.95244
-6.95025
-6.94728
-6.94416
-6.94096
-6.93658
-6.93357
-6.9334
-6.93751
-6.94286
-6.95126
-6.95752
-6.96228
-6.96062
-6.958
-6.94741
-6.93554
-6.92555
-6.91406
-6.90339
-6.898
-6.89503
-6.89494
-6.89777
-6.90095
-6.90506
-6.9106
-6.91015
-6.90994
-6.90569
-6.90059
-6.89441
-6.88781
-6.88433
-6.88326
-6.88669
-6.89203
-6.90129
-6.91045
-6.92147
-6.92477
-6.91606
-6.8981
-6.86959
-6.83141
-6.79013
-6.74982
-6.71778
-6.68898
-6.66823
-6.65401
-6.64955
-6.64956
-6.65638
-6.6701
-6.6871
-6.71281
-6.73984
-6.76918
-6.79395
-6.8196
-6.83917
-6.85277
-6.85978
-6.85394
-6.84059
-6.81958
-6.79053
-6.76215
-6.73412
-6.71205
-6.69882
-6.69558
-6.7025
-6.72014
-6.74398
-6.76947
-6.79321
-6.81248
-6.82819
-6.83545
-6.83265
-6.82587
-6.81277
-6.79573
-6.77829
-6.76627
-6.75586
-6.75358
-6.75757
-6.77072
-6.78957
-6.8147
-6.84068
-6.86254
-6.88151
-6.89409
-6.90123
-6.90036
-6.8944
-6.88172
-6.86626
-6.84908
-6.83248
-6.8136
-6.79678
-6.77963
-6.76413
-6.75024
-6.73762
-6.72818
-6.72194
-6.71615
-6.71575
-6.72056
-6.72765
-6.73653
-6.73986
-6.74451
-6.7453
-6.73933
-6.73466
-6.72806
-6.72091
-6.71376
-6.70709
-6.70332
-6.70052
-6.6968
-6.69659
-6.69833
-6.70438
-6.71302
-6.72764
-6.74447
-6.7684
-6.7936
-6.82042
-6.84782
-6.87306
-6.8935
-6.90891
-6.91913
-6.92064
-6.91823
-6.91093
-6.90004
-6.8876
-6.87523
-6.86036
-6.84608
-6.8293
-6.81439
-6.79947
-6.78254
-6.76564
-6.74839
-6.73321
-6.71602
-6.70354
-6.69178
-6.68865
-6.68545
-6.6842
-6.68434
-6.68797
-6.69168
-6.69502
-6.70251
-6.71275
-6.72786
-6.74999
-6.77521
-6.80235
-6.83522
-6.86758
-6.89285
-6.91216
-6.92224
-6.92139
-6.90538
-6.87587
-6.83633
-6.7871
-6.7321
-6.68203
-6.6433
-6.62288
-6.61985
-6.63427
-6.66225
-6.69765
-6.73315
-6.76895
-6.79891
-6.82525
-6.84455
-6.86027
-6.86944
-6.87161
-6.86562
-6.85456
-6.84323
-6.83189
-6.82163
-6.81386
-6.80728
-6.80402
-6.797
-6.78934
-6.78203
-6.7699
-6.7556
-6.73673
-6.71732
-6.69801
-6.67893
-6.6664
-6.65841
-6.66111
-6.6738
-6.69414
-6.71918
-6.7458
-6.76974
-6.79271
-6.81027
-6.8246
-6.83384
-6.83705
-6.83664
-6.83259
-6.82921
-6.82325
-6.81587
-6.80478
-6.79006
-6.77665
-6.76486
-6.75687
-6.75111
-6.74856
-6.75218
-6.76153
-6.77413
-6.79007
-6.80794
-6.82723
-6.8406
-6.85119
-6.86288
-6.87006
-6.87477
-6.87424
-6.86804
-6.85275
-6.83282
-6.80762
-6.78371
-6.76044
-6.74724
-6.74176
-6.74204
-6.74766
-6.75607
-6.76372
-6.76755
-6.76919
-6.76778
-6.7662
-6.76518
-6.76794
-6.77007
-6.77407
-6.77709
-6.78207
-6.78584
-6.78492
-6.78402
-6.78091
-6.77968
-6.77601
-6.76981
-6.76696
-6.76167
-6.75629
-6.74693
-6.74017
-6.73363
-6.72947
-6.73032
-6.73164
-6.73937
-6.74892
-6.76307
-6.7733
-6.78104
-6.78635
-6.78591
-6.78217
-6.77548
-6.76782
-6.75978
-6.7586
-6.7619
-6.77013
-6.78288
-6.79816
-6.81463
-6.83287
-6.85085
-6.86508
-6.8755
-6.87996
-6.88189
-6.87732
-6.86901
-6.85629
-6.84179
-6.82653
-6.81101
-6.79791
-6.79445
-6.79724
-6.80117
-6.80471
-6.80431
-6.79943
-6.79057
-6.77832
-6.76132
-6.7428
-6.72585
-6.71364
-6.70759
-6.70855
-6.71599
-6.72807
-6.73999
-6.74985
-6.76073
-6.76844
-6.77614
-6.78465
-6.79092
-6.79366
-6.79418
-6.78822
-6.77656
-6.76455
-6.75579
-6.74998
-6.74657
-6.74537
-6.74657
-6.75267
-6.7603
-6.76555
-6.7736
-6.77975
-6.78517
-6.7897
-6.79245
-6.79587
-6.79733
-6.79823
-6.79753
-6.79389
-6.78869
-6.78188
-6.77365
-6.76816
-6.7632
-6.76265
-6.76802
-6.77444
-6.78152
-6.78609
-6.78768
-6.78418
-6.77747
-6.76733
-6.75448
-6.74119
-6.72864
-6.72186
-6.71924
-6.72129
-6.7263
-6.73651
-6.75272
-6.77352
-6.79687
-6.82296
-6.84651
-6.86541
-6.8789
-6.88141
-6.87652
-6.86341
-6.84912
-6.83064
-6.8181
-6.80898
-6.8028
-6.80481
-6.81191
-6.81863
-6.82992
-6.8352
-6.83458
-6.82561
-6.80751
-6.78171
-6.75157
-6.72447
-6.70514
-6.69816
-6.71036
-6.73499
-6.76867
-6.80147
-6.82731
-6.84541
-6.85497
-6.85446
-6.84557
-6.83189
-6.81592
-6.79995
-6.78785
-6.78297
-6.78405
-6.79486
-6.80936
-6.82291
-6.83178
-6.83443
-6.83222
-6.82066
-6.80321
-6.78243
-6.76033
-6.74078
-6.72588
-6.7158
-6.71524
-6.72182
-6.73672
-6.75316
-6.77085
-6.78769
-6.80514
-6.82044
-6.83825
-6.85286
-6.86471
-6.8732
-6.87232
-6.86151
-6.84073
-6.81356
-6.78498
-6.75676
-6.73461
-6.71775
-6.70734
-6.70782
-6.71022
-6.71584
-6.72291
-6.72859
-6.74171
-6.75765
-6.7759
-6.79649
-6.81478
-6.82886
-6.83645
-6.83548
-6.82397
-6.80719
-6.79045
-6.77413
-6.76028
-6.74921
-6.74267
-6.73977
-6.74222
-6.74895
-6.75749
-6.76841
-6.78044
-6.79446
-6.80561
-6.81668
-6.824
-6.82851
-6.82898
-6.82967
-6.82757
-6.82539
-6.81972
-6.81227
-6.80154
-6.79002
-6.78132
-6.77439
-6.77352
-6.77568
-6.78176
-6.79002
-6.80203
-6.81405
-6.82902
-6.84229
-6.85285
-6.86067
-6.85833
-6.85548
-6.84586
-6.82982
-6.80989
-6.78881
-6.76823
-6.75623
-6.74913
-6.74961
-6.75418
-6.75946
-6.76465
-6.76774
-6.77012
-6.77178
-6.77446
-6.77824
-6.78157
-6.78668
-6.79199
-6.79791
-6.79794
-6.79453
-6.78726
-6.77568
-6.76057
-6.74415
-6.72795
-6.71478
-6.70058
-6.6885
-6.67829
-6.67138
-6.66964
-6.67468
-6.68528
-6.69931
-6.71724
-6.73796
-6.75576
-6.77549
-6.79175
-6.80429
-6.81734
-6.82665
-6.83015
-6.83408
-6.83373
-6.83047
-6.82225
-6.81424
-6.80225
-6.78821
-6.78072
-6.77672
-6.77665
-6.78536
-6.79829
-6.8157
-6.83123
-6.84422
-6.85511
-6.85722
-6.84903
-6.83714
-6.82109
-6.80313
-6.784
-6.7639
-6.74573
-6.72874
-6.71263
-6.69989
-6.69452
-6.69194
-6.69365
-6.69711
-6.70711
-6.71901
-6.73168
-6.74619
-6.75997
-6.77636
-6.79093
-6.80579
-6.82127
-6.83594
-6.84655
-6.85245
-6.85329
-6.8489
-6.83896
-6.8251
-6.8073
-6.78831
-6.77079
-6.75522
-6.74637
-6.74426
-6.74919
-6.75849
-6.77419
-6.78845
-6.80417
-6.81574
-6.82566
-6.82891
-6.82897
-6.82457
-6.81678
-6.80276
-6.78744
-6.77275
-6.75559
-6.74059
-6.72744
-6.72084
-6.7195
-6.72357
-6.72971
-6.73882
-6.75008
-6.76291
-6.77805
-6.78984
-6.80031
-6.81051
-6.82129
-6.82905
-6.83425
-6.83784
-6.83841
-6.83427
-6.82887
-6.81964
-6.80689
-6.79028
-6.7794
-6.76795
-6.7629
-6.76307
-6.76727
-6.77312
-6.78079
-6.78792
-6.79145
-6.79248
-6.79378
-6.79142
-6.78809
-6.78137
-6.77192
-6.76544
-6.76244
-6.76039
-6.76007
-6.76258
-6.76309
-6.76642
-6.77146
-6.77936
-6.78468
-6.78875
-6.79177
-6.79002
-6.78477
-6.77954
-6.77106
-6.76368
-6.75995
-6.76194
-6.76758
-6.77805
-6.7922
-6.80542
-6.80996
-6.81301
-6.8074
-6.79761
-6.78293
-6.76705
-6.7558
-6.74474
-6.74059
-6.7405
-6.74629
-6.75586
-6.77131
-6.78911
-6.80842
-6.82505
-6.83637
-6.84243
-6.84329
-6.84261
-6.83596
-6.83076
-6.82411
-6.81608
-6.80868
-6.80376
-6.79751
-6.79263
-6.78579
-6.77796
-6.76943
-6.76554
-6.76346
-6.76484
-6.76855
-6.77674
-6.78441
-6.79247
-6.79719
-6.79849
-6.79357
-6.7837
-6.76831
-6.75306
-6.73558
-6.72183
-6.71447
-6.71292
-6.7155
-6.72563
-6.74036
-6.76403
-6.78818
-6.81187
-6.82649
-6.83522
-6.83642
-6.83185
-6.82073
-6.80436
-6.79292
-6.77927
-6.76987
-6.76407
-6.76125
-6.76266
-6.76526
-6.76879
-6.77013
-6.77286
-6.77377
-6.77231
-6.7676
-6.75988
-6.74981
-6.73653
-6.72715
-6.71881
-6.71237
-6.71386
-6.72304
-6.73857
-6.75879
-6.77834
-6.8009
-6.81793
-6.82876
-6.83727
-6.84047
-6.8407
-6.83925
-6.83503
-6.83005
-6.82545
-6.82342
-6.82252
-6.82341
-6.82635
-6.82548
-6.8226
-6.81633
-6.8066
-6.79034
-6.76853
-6.75228
-6.73771
-6.7241
-6.71384
-6.71415
-6.71549
-6.72022
-6.72547
-6.73372
-6.74138
-6.7493
-6.75215
-6.7524
-6.75113
-6.7463
-6.74327
-6.7422
-6.74591
-6.75464
-6.76557
-6.77845
-6.79164
-6.80225
-6.811
-6.81552
-6.81894
-6.81987
-6.81541
-6.809
-6.80439
-6.797
-6.78788
-6.77569
-6.76247
-6.75088
-6.73936
-6.72849
-6.72107
-6.72248
-6.72423
-6.72975
-6.73963
-6.75164
-6.76672
-6.78311
-6.79886
-6.81355
-6.82187
-6.83267
-6.83775
-6.84019
-6.84086
-6.8403
-6.83702
-6.83266
-6.82623
-6.81389
-6.79869
-6.77796
-6.75715
-6.74268
-6.73411
-6.73705
-6.75019
-6.77107
-6.79621
-6.81868
-6.83331
-6.84145
-6.84526
-6.84706
-6.84625
-6.84866
-6.85131
-6.85358
-6.85464
-6.85719
-6.85284
-6.84215
-6.8245
-6.80722
-6.78555
-6.76014
-6.73611
-6.71307
-6.68951
-6.66941
-6.65522
-6.64948
-6.65206
-6.66212
-6.6817
-6.70637
-6.73136
-6.75396
-6.77156
-6.78479
-6.7932
-6.80093
-6.80596
-6.80638
-6.80934
-6.81023
-6.81032
-6.80854
-6.80563
-6.80368
-6.80199
-6.80094
-6.80289
-6.80512
-6.80779
-6.8121
-6.81514
-6.81473
-6.8142
-6.81342
-6.80443
-6.79531
-6.78361
-6.77235
-6.76245
-6.75424
-6.75085
-6.74897
-6.75068
-6.7591
-6.7711
-6.78273
-6.79699
-6.81045
-6.82017
-6.82733
-6.83274
-6.83019
-6.82165
-6.81568
-6.80817
-6.79755
-6.79276
-6.7886
-6.78651
-6.78581
-6.7827
-6.77974
-6.77834
-6.77592
-6.76925
-6.76308
-6.75407
-6.74347
-6.73205
-6.72399
-6.71773
-6.72089
-6.72797
-6.74028
-6.75605
-6.7716
-6.78688
-6.8021
-6.81995
-6.83738
-6.85211
-6.86405
-6.87121
-6.87427
-6.8741
-6.86896
-6.85726
-6.83503
-6.80694
-6.77422
-6.7375
-6.69575
-6.65896
-6.62537
-6.60155
-6.58745
-6.58701
-6.59541
-6.61466
-6.63692
-6.66028
-6.68594
-6.71096
-6.73709
-6.76334
-6.79156
-6.82128
-6.84947
-6.87702
-6.89744
-6.9121
-6.91974
-6.92047
-6.91256
-6.9023
-6.88812
-6.87513
-6.86628
-6.85613
-6.84866
-6.84125
-6.83494
-6.82872
-6.82102
-6.81149
-6.80326
-6.79088
-6.78202
-6.77055
-6.76072
-6.75105
-6.74442
-6.73771
-6.72942
-6.71909
-6.70822
-6.69823
-6.68924
-6.68826
-6.69683
-6.71754
-6.75022
-6.78795
-6.82649
-6.8607
-6.88444
-6.89324
-6.88688
-6.87151
-6.84542
-6.81513
-6.78237
-6.75307
-6.72557
-6.70465
-6.69074
-6.6844
-6.68329
-6.68617
-6.69401
-6.69629
-6.69477
-6.69207
-6.68613
-6.67785
-6.6689
-6.65914
-6.65554
-6.65361
-6.65195
-6.65378
-6.65639
-6.65984
-6.66306
-6.66729
-6.67085
-6.67174
-6.66877
-6.66425
-6.65906
-6.65296
-6.64443
-6.63663
-6.62506
-6.61674
-6.60425
-6.59297
-6.58462
-6.58022
-6.57906
-6.58132
-6.58117
-6.58043
-6.58531
-6.5967
-6.61299
-6.63656
-6.67058
-6.70213
-6.73246
-6.75591
-6.77181
-6.78112
-6.78139
-6.76999
-6.75594
-6.73502
-6.71366
-6.6952
-6.67609
-6.66117
-6.64435
-6.62997
-6.61448
-6.60236
-6.58902
-6.58081
-6.57909
-6.58426
-6.59541
-6.6116
-6.62905
-6.64443
-6.65706
-6.66929
-6.67621
-6.68392
-6.691
-6.69918
-6.70692
-6.71323
-6.71757
-6.71864
-6.72291
-6.72952
-6.73647
-6.7463
-6.76158
-6.77571
-6.78879
-6.79631
-6.79754
-6.79412
-6.78354
-6.77158
-6.75584
-6.73975
-6.72395
-6.71104
-6.70293
-6.69379
-6.68507
-6.67909
-6.67219
-6.66301
-6.65287
-6.64434
-6.63735
-6.62911
-6.6227
-6.61818
-6.61261
-6.60429
-6.59181
-6.57508
-6.55651
-6.53685
-6.52258
-6.51572
-6.51917
-6.53381
-6.55869
-6.58954
-6.62243
-6.65608
-6.68796
-6.71695
-6.73886
-6.75459
-6.7612
-6.76265
-6.75702
-6.74799
-6.73281
-6.71999
-6.70267
-6.68801
-6.67857
-6.67222
-6.67428
-6.68637
-6.7031
-6.72002
-6.73747
-6.75143
-6.75589
-6.75526
-6.74155
-6.72061
-6.69433
-6.66755
-6.63839
-6.61296
-6.59204
-6.5759
-6.56914
-6.56874
-6.57864
-6.59223
-6.60884
-6.63165
-6.65668
-6.6852
-6.71381
-6.74164
-6.76674
-6.78988
-6.80757
-6.81841
-6.82369
-6.82286
-6.8074
-6.78053
-6.74703
-6.7038
-6.65847
-6.61504
-6.57867
-6.55421
-6.54138
-6.53505
-6.53731
-6.53968
-6.54505
-6.55582
-6.5647
-6.57692
-6.5906
-6.60312
-6.61271
-6.61978
-6.62616
-6.63305
-6.63652
-6.64307
-6.65265
-6.66573
-6.67935
-6.69661
-6.7146
-6.73222
-6.74456
-6.75215
-6.75566
-6.75837
-6.75704
-6.75222
-6.7458
-6.73709
-6.7249
-6.71433
-6.70372
-6.69085
-6.67597
-6.66028
-6.64649
-6.63281
-6.62632
-6.62879
-6.63976
-6.65708
-6.67689
-6.69468
-6.70774
-6.71799
-6.72237
-6.7183
-6.71001
-6.69562
-6.68063
-6.66012
-6.64664
-6.63822
-6.63741
-6.64303
-6.6513
-6.6643
-6.67557
-6.68925
-6.69999
-6.71167
-6.72043
-6.72544
-6.72558
-6.72103
-6.71491
-6.70616
-6.69961
-6.69393
-6.68873
-6.68471
-6.67852
-6.67511
-6.66877
-6.66105
-6.65824
-6.65831
-6.6648
-6.67592
-6.68605
-6.69542
-6.69869
-6.69653
-6.68478
-6.66328
-6.63775
-6.61251
-6.59305
-6.58471
-6.58844
-6.60626
-6.63249
-6.66833
-6.7039
-6.73775
-6.76478
-6.7842
-6.79304
-6.79229
-6.78152
-6.76483
-6.74431
-6.72546
-6.70489
-6.68637
-6.67344
-6.66444
-6.65782
-6.65039
-6.6451
-6.64128
-6.64128
-6.64443
-6.64768
-6.64965
-6.65552
-6.65666
-6.65834
-6.66103
-6.66887
-6.67927
-6.69079
-6.70291
-6.71584
-6.72597
-6.73211
-6.7297
-6.71942
-6.70164
-6.67704
-6.65214
-6.63028
-6.61123
-6.59943
-6.59214
-6.59042
-6.59004
-6.59144
-6.59191
-6.59009
-6.58644
-6.58403
-6.58005
-6.58038
-6.58075
-6.58393
-6.5855
-6.5883
-6.58775
-6.58143
-6.57029
-6.55496
-6.54186
-6.53487
-6.54565
-6.56862
-6.60667
-6.65203
-6.69998
-6.74617
-6.78675
-6.81687
-6.84077
-6.85463
-6.85785
-6.85199
-6.84086
-6.8265
-6.80825
-6.79136
-6.77421
-6.75989
-6.7523
-6.74278
-6.73148
-6.71831
-6.70247
-6.68434
-6.66474
-6.65154
-6.63928
-6.636
-6.64075
-6.65384
-6.67465
-6.70005
-6.72518
-6.74785
-6.75951
-6.762
-6.75158
-6.72918
-6.69887
-6.66394
-6.62406
-6.58837
-6.55807
-6.53863
-6.53088
-6.53144
-6.54276
-6.56074
-6.58388
-6.60684
-6.6307
-6.64742
-6.65881
-6.66538
-6.66822
-6.6664
-6.66946
-6.67217
-6.6821
-6.6923
-6.70931
-6.72922
-6.746
-6.75514
-6.75698
-6.75243
-6.73658
-6.71173
-6.68022
-6.64618
-6.61112
-6.58356
-6.55965
-6.54514
-6.54103
-6.54823
-6.5627
-6.5846
-6.61082
-6.63663
-6.66551
-6.69218
-6.71503
-6.73316
-6.74
-6.74016
-6.73081
-6.71593
-6.69961
-6.68598
-6.67345
-6.66898
-6.66804
-6.67507
-6.68878
-6.70181
-6.7171
-6.72803
-6.73311
-6.72885
-6.72208
-6.71117
-6.69876
-6.68494
-6.66892
-6.65378
-6.63953
-6.63127
-6.62377
-6.61889
-6.61499
-6.61553
-6.61584
-6.61774
-6.62131
-6.62748
-6.63123
-6.6342
-6.63995
-6.6436
-6.64415
-6.64154
-6.63439
-6.62291
-6.61092
-6.59907
-6.58998
-6.58321
-6.58022
-6.58103
-6.58878
-6.59701
-6.60604
-6.61731
-6.6305
-6.64617
-6.66177
-6.67558
-6.68967
-6.70225
-6.71306
-6.72714
-6.74135
-6.75888
-6.77996
-6.7992
-6.81556
-6.82652
-6.83127
-6.82427
-6.80706
-6.77818
-6.74436
-6.71055
-6.67953
-6.65588
-6.64233
-6.63458
-6.63624
-6.64332
-6.65896
-6.67409
-6.68603
-6.6962
-6.69852
-6.69602
-6.68616
-6.67119
-6.65315
-6.64022
-6.62923
-6.62185
-6.62107
-6.62234
-6.62302
-6.6253
-6.62993
-6.63824
-6.64762
-6.65803
-6.66669
-6.67786
-6.68388
-6.68863
-6.68689
-6.68313
-6.67722
-6.66634
-6.65319
-6.64175
-6.62758
-6.61402
-6.6028
-6.59511
-6.59509
-6.59875
-6.61083
-6.63179
-6.65572
-6.68115
-6.70663
-6.73091
-6.75288
-6.76915
-6.78019
-6.78339
-6.77958
-6.77299
-6.76184
-6.7482
-6.72886
-6.71205
-6.69486
-6.6852
-6.6841
-6.68939
-6.6987
-6.70415
-6.70439
-6.69775
-6.68653
-6.66871
-6.65426
-6.64059
-6.63371
-6.63179
-6.63625
-6.64547
-6.65806
-6.66368
-6.66516
-6.65826
-6.64311
-6.62718
-6.60791
-6.59071
-6.58206
-6.58057
-6.58884
-6.60806
-6.63594
-6.66686
-6.70003
-6.72936
-6.75333
-6.76578
-6.76985
-6.76585
-6.75264
-6.73511
-6.71931
-6.69695
-6.67935
-6.66312
-6.6537
-6.64784
-6.64905
-6.64838
-6.65275
-6.65557
-6.66066
-6.66643
-6.67229
-6.67759
-6.68564
-6.69239
-6.7012
-6.7096
-6.72336
-6.7328
-6.74167
-6.74486
-6.74512
-6.73995
-6.7291
-6.71599
-6.70231
-6.68705
-6.67479
-6.6655
-6.65904
-6.64953
-6.63887
-6.62925
-6.62091
-6.61471
-6.6091
-6.60461
-6.6002
-6.59591
-6.59676
-6.59855
-6.6054
-6.61197
-6.62093
-6.63151
-6.64858
-6.66815
-6.69029
-6.71664
-6.73809
-6.75444
-6.76218
-6.75671
-6.74381
-6.71858
-6.68666
-6.64912
-6.61415
-6.58586
-6.57384
-6.57772
-6.59569
-6.61798
-6.64364
-6.66652
-6.68633
-6.70305
-6.71309
-6.71987
-6.71873
-6.71436
-6.70718
-6.69678
-6.6842
-6.67132
-6.66294
-6.65836
-6.66159
-6.67034
-6.68708
-6.70441
-6.724
-6.73918
-6.75264
-6.76275
-6.76926
-6.7709
-6.77125
-6.76169
-6.74774
-6.72942
-6.70846
-6.68231
-6.65223
-6.62597
-6.60274
-6.58468
-6.56741
-6.55794
-6.55275
-6.55452
-6.55992
-6.56958
-6.5819
-6.5959
-6.61088
-6.62234
-6.63515
-6.64445
-6.65162
-6.658
-6.66353
-6.66822
-6.67395
-6.67737
-6.67801
-6.67535
-6.66994
-6.66276
-6.65549
-6.64765
-6.64348
-6.64459
-6.65476
-6.67363
-6.6993
-6.72578
-6.75487
-6.77658
-6.78642
-6.78583
-6.77583
-6.75313
-6.73111
-6.70537
-6.68589
-6.66354
-6.64886
-6.63797
-6.63601
-6.63923
-6.65065
-6.66438
-6.67978
-6.69554
-6.70669
-6.7149
-6.71943
-6.72163
-6.72406
-6.7326
-6.749
-6.76958
-6.79199
-6.80755
-6.81608
-6.81354
-6.80012
-6.77527
-6.73806
-6.69797
-6.65314
-6.61147
-6.57982
-6.55955
-6.55859
-6.57476
-6.60109
-6.63031
-6.6541
-6.67392
-6.6863
-6.6909
-6.69504
-6.69672
-6.69558
-6.69332
-6.68829
-6.68179
-6.675
-6.66478
-6.64665
-6.625
-6.59911
-6.57173
-6.5449
-6.52581
-6.51427
-6.5147
-6.52721
-6.54575
-6.57068
-6.59398
-6.61907
-6.64518
-6.66664
-6.68529
-6.70115
-6.71382
-6.72472
-6.73043
-6.73677
-6.73838
-6.73223
-6.72124
-6.70278
-6.68791
-6.67518
-6.66867
-6.66584
-6.67185
-6.68531
-6.70153
-6.71793
-6.73314
-6.74725
-6.75898
-6.76661
-6.77124
-6.77182
-6.76341
-6.75446
-6.73884
-6.7177
-6.69562
-6.66746
-6.64384
-6.6225
-6.60218
-6.58642
-6.579
-6.57449
-6.57782
-6.58714
-6.60452
-6.62442
-6.65065
-6.67656
-6.7035
-6.72243
-6.73261
-6.72824
-6.70844
-6.6831
-6.65166
-6.6237
-6.60196
-6.5883
-6.58448
-6.58828
-6.59852
-6.60877
-6.62173
-6.63248
-6.6418
-6.64693
-6.64992
-6.65195
-6.65515
-6.66091
-6.66821
-6.68226
-6.69957
-6.71879
-6.7347
-6.7431
-6.7446
-6.73868
-6.7296
-6.71738
-6.7018
-6.68852
-6.67402
-6.6616
-6.65872
-6.66045
-6.66524
-6.67869
-6.6938
-6.71275
-6.73233
-6.74539
-6.75433
-6.75455
-6.74824
-6.73732
-6.72081
-6.70045
-6.67422
-6.64734
-6.62162
-6.6011
-6.59094
-6.59271
-6.60238
-6.61658
-6.63297
-6.64829
-6.66108
-6.67305
-6.67812
-6.68379
-6.68399
-6.67688
-6.66789
-6.66022
-6.64901
-6.63895
-6.62716
-6.62279
-6.62244
-6.62749
-6.63395
-6.64018
-6.64214
-6.64267
-6.63904
-6.62879
-6.61743
-6.605
-6.59127
-6.58386
-6.58561
-6.59895
-6.62308
-6.65502
-6.68817
-6.71767
-6.74269
-6.76216
-6.76887
-6.77109
-6.76963
-6.76443
-6.76139
-6.75766
-6.75691
-6.75399
-6.75033
-6.74398
-6.73453
-6.71736
-6.69506
-6.66992
-6.64674
-6.62498
-6.60674
-6.5972
-6.59398
-6.59741
-6.6072
-6.61854
-6.6315
-6.64475
-6.65479
-6.66573
-6.67359
-6.67909
-6.6839
-6.68696
-6.68961
-6.68912
-6.68725
-6.68471
-6.68007
-6.67431
-6.67085
-6.66558
-6.65866
-6.65411
-6.65263
-6.64924
-6.64906
-6.64758
-6.64565
-6.64295
-6.63873
-6.63681
-6.63886
-6.64749
-6.66224
-6.68027
-6.69701
-6.71427
-6.72432
-6.73309
-6.7389
-6.74063
-6.74221
-6.73976
-6.7347
-6.73156
-6.72655
-6.72126
-6.71617
-6.71062
-6.69939
-6.68669
-6.67034
-6.65293
-6.64175
-6.63749
-6.64411
-6.65361
-6.66717
-6.67991
-6.68848
-6.69714
-6.70334
-6.70676
-6.7073
-6.70485
-6.70076
-6.69566
-6.6891
-6.67877
-6.66871
-6.65386
-6.63739
-6.6163
-6.59398
-6.57435
-6.55975
-6.5538
-6.5342
-6.4697
-6.36555
-6.3039
-6.39122
-6.6006
-6.80871
-6.94721
-7.00296
-6.99433
-6.95147
-6.91454
-6.89941
-6.91317
-6.94174
-6.9551
-6.92434
-6.84568
-6.74547
-6.64804
-6.59469
-6.61067
-6.65322
-6.67686
-6.66736
-6.63142
-6.59473
-6.57938
-6.59033
-6.61642
-6.64795
-6.66614
-6.66148
-6.63245
-6.57685
-6.51087
-6.44836
-6.40357
-6.38568
-6.39107
-6.40862
-6.42847
-6.44719
-6.46565
-6.48367
-6.50595
-6.53708
-6.57218
-6.61274
-6.64693
-6.67577
-6.69437
-6.70262
-6.70504
-6.70476
-6.70832
-6.71023
-6.71521
-6.72474
-6.73455
-6.74249
-6.74682
-6.74737
-6.73752
-6.72643
-6.70767
-6.68734
-6.66559
-6.64441
-6.62509
-6.60868
-6.597
-6.59118
-6.59399
-6.60701
-6.62613
-6.64685
-6.66484
-6.67969
-6.68565
-6.68175
-6.67055
-6.6535
-6.63223
-6.61073
-6.59024
-6.5691
-6.55426
-6.54512
-6.54431
-6.55406
-6.57287
-6.60068
-6.63367
-6.66564
-6.69656
-6.72422
-6.74272
-6.75086
-6.74423
-6.72458
-6.69399
-6.65718
-6.61928
-6.58097
-6.54813
-6.52598
-6.51341
-6.51998
-6.53445
-6.55635
-6.58398
-6.61213
-6.63056
-6.63818
-6.63702
-6.61979
-6.59271
-6.55715
-6.51812
-6.48327
-6.4544
-6.43893
-6.43784
-6.44953
-6.47237
-6.49961
-6.53012
-6.55832
-6.58713
-6.61109
-6.62729
-6.63876
-6.64782
-6.65575
-6.66556
-6.67484
-6.68742
-6.70424
-6.71964
-6.73331
-6.74542
-6.75315
-6.75955
-6.76495
-6.76498
-6.76217
-6.75539
-6.74298
-6.72419
-6.70102
-6.67378
-6.64648
-6.62087
-6.59913
-6.58043
-6.57026
-6.56655
-6.56837
-6.5706
-6.57432
-6.58231
-6.586
-6.59185
-6.59941
-6.60924
-6.61936
-6.62575
-6.6304
-6.63048
-6.62513
-6.6148
-6.60518
-6.59408
-6.58393
-6.57372
-6.56611
-6.55803
-6.5527
-6.54704
-6.5486
-6.55318
-6.56182
-6.57691
-6.59749
-6.61749
-6.63683
-6.65295
-6.6649
-6.67182
-6.67581
-6.67332
-6.66839
-6.66322
-6.66125
-6.66147
-6.6653
-6.67233
-6.68019
-6.68498
-6.68455
-6.67497
-6.65984
-6.63809
-6.61081
-6.58269
-6.55509
-6.5357
-6.5212
-6.51368
-6.51076
-6.5113
-6.51416
-6.52108
-6.53113
-6.54353
-6.55827
-6.57246
-6.59059
-6.60568
-6.62312
-6.63598
-6.64965
-6.66018
-6.66965
-6.67927
-6.68435
-6.68731
-6.68794
-6.6874
-6.68875
-6.69816
-6.70871
-6.71656
-6.72272
-6.72021
-6.70765
-6.68764
-6.65859
-6.62894
-6.59972
-6.57809
-6.56657
-6.5682
-6.58402
-6.60496
-6.62993
-6.65285
-6.66913
-6.67605
-6.66753
-6.64954
-6.62149
-6.58451
-6.54362
-6.5022
-6.46878
-6.44851
-6.43998
-6.44505
-6.46446
-6.49246
-6.52539
-6.56109
-6.59425
-6.6242
-6.64785
-6.66777
-6.67856
-6.6857
-6.68896
-6.68719
-6.68365
-6.6793
-6.67677
-6.67511
-6.66903
-6.66447
-6.65639
-6.64813
-6.64258
-6.63372
-6.62732
-6.62421
-6.62544
-6.62651
-6.63253
-6.63627
-6.64301
-6.64869
-6.65294
-6.65197
-6.64998
-6.64328
-6.63352
-6.61742
-6.60243
-6.58496
-6.57141
-6.55833
-6.55219
-6.55053
-6.55722
-6.57649
-6.59927
-6.62644
-6.65551
-6.68309
-6.70934
-6.73122
-6.74637
-6.75032
-6.74277
-6.72282
-6.69338
-6.65983
-6.62261
-6.58662
-6.55692
-6.53094
-6.51712
-6.5127
-6.51868
-6.53362
-6.55206
-6.57201
-6.59012
-6.60438
-6.61732
-6.62214
-6.62052
-6.62063
-6.61388
-6.60586
-6.60121
-6.60028
-6.60394
-6.61181
-6.62528
-6.6374
-6.6526
-6.66487
-6.67069
-6.673
-6.67215
-6.66747
-6.66024
-6.65688
-6.653
-6.65501
-6.66133
-6.67473
-6.691
-6.70334
-6.71186
-6.71934
-6.71913
-6.71848
-6.71813
-6.71736
-6.71648
-6.71486
-6.70823
-6.69567
-6.67383
-6.64602
-6.61374
-6.57996
-6.5481
-6.5247
-6.50897
-6.50463
-6.51065
-6.52748
-6.545
-6.56196
-6.57354
-6.58202
-6.58299
-6.57534
-6.56357
-6.54831
-6.5354
-6.52381
-6.51692
-6.51604
-6.52054
-6.53268
-6.55324
-6.5793
-6.60465
-6.63039
-6.64817
-6.65322
-6.64887
-6.63414
-6.61197
-6.5786
-6.53884
-6.5004
-6.46931
-6.45206
-6.44777
-6.4638
-6.50059
-6.54863
-6.60331
-6.65857
-6.70696
-6.75079
-6.78522
-6.80926
-6.82282
-6.82008
-6.80184
-6.76914
-6.72893
-6.68538
-6.64255
-6.6103
-6.58864
-6.58118
-6.58693
-6.60428
-6.6226
-6.64357
-6.65862
-6.6653
-6.66535
-6.66049
-6.65277
-6.64412
-6.63408
-6.62565
-6.61605
-6.602
-6.58388
-6.56507
-6.5459
-6.53204
-6.5289
-6.53708
-6.55438
-6.57935
-6.61013
-6.64075
-6.67205
-6.69758
-6.717
-6.72139
-6.71577
-6.69942
-6.67889
-6.64934
-6.61781
-6.59145
-6.56358
-6.54258
-6.52879
-6.52418
-6.529
-6.53671
-6.54938
-6.55911
-6.57078
-6.58399
-6.59843
-6.61134
-6.62718
-6.64633
-6.66482
-6.6838
-6.7047
-6.72063
-6.72789
-6.72656
-6.71301
-6.68295
-6.64308
-6.59849
-6.55498
-6.52106
-6.50036
-6.49586
-6.50944
-6.54046
-6.58252
-6.62411
-6.66494
-6.6977
-6.72082
-6.73506
-6.7394
-6.73403
-6.72121
-6.70524
-6.68758
-6.66754
-6.64542
-6.62765
-6.61553
-6.60833
-6.60827
-6.61568
-6.63169
-6.64764
-6.66218
-6.67124
-6.671
-6.66543
-6.65171
-6.63076
-6.6084
-6.58618
-6.56384
-6.54789
-6.53641
-6.52936
-6.52285
-6.51811
-6.51285
-6.50863
-6.51065
-6.51727
-6.53111
-6.54969
-6.57645
-6.60374
-6.6288
-6.65531
-6.67532
-6.68757
-6.7001
-6.7048
-6.71109
-6.71643
-6.72005
-6.71614
-6.70979
-6.6993
-6.68534
-6.6677
-6.64674
-6.62861
-6.61436
-6.6085
-6.60893
-6.61495
-6.62163
-6.62254
-6.61677
-6.60243
-6.58321
-6.5656
-6.54959
-6.54003
-6.54017
-6.54703
-6.56356
-6.58298
-6.60751
-6.63021
-6.64386
-6.65056
-6.64867
-6.63641
-6.61216
-6.5813
-6.54669
-6.51282
-6.48768
-6.47654
-6.48534
-6.50815
-6.5437
-6.58501
-6.62581
-6.6615
-6.69106
-6.71276
-6.7282
-6.74075
-6.74846
-6.75674
-6.7588
-6.75731
-6.75481
-6.74886
-6.73263
-6.71101
-6.68593
-6.65923
-6.63603
-6.6179
-6.60367
-6.58983
-6.57488
-6.55825
-6.54143
-6.52203
-6.50613
-6.49405
-6.49021
-6.49664
-6.51345
-6.53523
-6.56227
-6.58714
-6.60722
-6.62171
-6.6293
-6.62461
-6.60674
-6.58004
-6.54349
-6.50821
-6.47901
-6.46418
-6.46844
-6.48272
-6.50568
-6.53317
-6.5615
-6.58625
-6.6095
-6.63049
-6.65072
-6.66618
-6.67561
-6.68356
-6.6899
-6.6951
-6.70364
-6.7135
-6.7202
-6.72567
-6.7278
-6.72366
-6.71299
-6.6971
-6.67332
-6.648
-6.621
-6.59557
-6.575
-6.56207
-6.55957
-6.56353
-6.56996
-6.57296
-6.5689
-6.55476
-6.53903
-6.52416
-6.51289
-6.5112
-6.5195
-6.54034
-6.56807
-6.60188
-6.63383
-6.66675
-6.69204
-6.70601
-6.71471
-6.71523
-6.70823
-6.69737
-6.68678
-6.67733
-6.66904
-6.66277
-6.65799
-6.64923
-6.63715
-6.62575
-6.61883
-6.61988
-6.62753
-6.63993
-6.65416
-6.65991
-6.65494
-6.64107
-6.62262
-6.60132
-6.58567
-6.57975
-6.58952
-6.60676
-6.63163
-6.65623
-6.67955
-6.69505
-6.70557
-6.70602
-6.69925
-6.68648
-6.66397
-6.63582
-6.60447
-6.56932
-6.53322
-6.50079
-6.47705
-6.4646
-6.46848
-6.48708
-6.51602
-6.55119
-6.58953
-6.62374
-6.65138
-6.66849
-6.67422
-6.6654
-6.64857
-6.62433
-6.59403
-6.56536
-6.54015
-6.52315
-6.51664
-6.52296
-6.53824
-6.56295
-6.59476
-6.6284
-6.65837
-6.68062
-6.69374
-6.69947
-6.69164
-6.67937
-6.65925
-6.63789
-6.61828
-6.60419
-6.59683
-6.59451
-6.59866
-6.61377
-6.62731
-6.64648
-6.66672
-6.68225
-6.69511
-6.69959
-6.69866
-6.69038
-6.67884
-6.66278
-6.64901
-6.63314
-6.61397
-6.59844
-6.58848
-6.57968
-6.57537
-6.57687
-6.57519
-6.57514
-6.57498
-6.5803
-6.58615
-6.59479
-6.60663
-6.61703
-6.62531
-6.62774
-6.62933
-6.62922
-6.63185
-6.63672
-6.64001
-6.64291
-6.64167
-6.63153
-6.6152
-6.59601
-6.57004
-6.54726
-6.52761
-6.51409
-6.51443
-6.52525
-6.54272
-6.57037
-6.60071
-6.6304
-6.65612
-6.67748
-6.69248
-6.69842
-6.69549
-6.68613
-6.67331
-6.65902
-6.64327
-6.62712
-6.61285
-6.6003
-6.58904
-6.58298
-6.57993
-6.58234
-6.59178
-6.60488
-6.61969
-6.63343
-6.64655
-6.6545
-6.65763
-6.65517
-6.64591
-6.63504
-6.6238
-6.61451
-6.60957
-6.60963
-6.61237
-6.62125
-6.63492
-6.64693
-6.65786
-6.66254
-6.66262
-6.65429
-6.64212
-6.63068
-6.62086
-6.61482
-6.61337
-6.61839
-6.62734
-6.63702
-6.64593
-6.64806
-6.64554
-6.63515
-6.62501
-6.62071
-6.61862
-6.62253
-6.62748
-6.63453
-6.63964
-6.64566
-6.64875
-6.65227
-6.65219
-6.64945
-6.64142
-6.62828
-6.61032
-6.59051
-6.5743
-6.56113
-6.56211
-6.56678
-6.57353
-6.58363
-6.59139
-6.59575
-6.59553
-6.59656
-6.5977
-6.60083
-6.60524
-6.61302
-6.61935
-6.62321
-6.62138
-6.616
-6.60431
-6.59301
-6.58003
-6.5688
-6.56193
-6.5579
-6.56123
-6.56578
-6.57424
-6.58357
-6.5956
-6.60962
-6.62224
-6.63109
-6.63998
-6.6455
-6.6499
-6.64963
-6.64742
-6.64202
-6.6314
-6.61507
-6.5997
-6.586
-6.57531
-6.56383
-6.55468
-6.54812
-6.53789
-6.52928
-6.52034
-6.51836
-6.52713
-6.54694
-6.57417
-6.61342
-6.65214
-6.69084
-6.72459
-6.75294
-6.77482
-6.78197
-6.77973
-6.77162
-6.74999
-6.71649
-6.67353
-6.6235
-6.57118
-6.52169
-6.48149
-6.45363
-6.43998
-6.44606
-6.46924
-6.50656
-6.55678
-6.60678
-6.65114
-6.68569
-6.70945
-6.71974
-6.71943
-6.71505
-6.70341
-6.69047
-6.67583
-6.6566
-6.63785
-6.6163
-6.59798
-6.57847
-6.56227
-6.54763
-6.5429
-6.54034
-6.5445
-6.55779
-6.57767
-6.60731
-6.63994
-6.6779
-6.71147
-6.74096
-6.75984
-6.76605
-6.76167
-6.74427
-6.72088
-6.68914
-6.65702
-6.62731
-6.60107
-6.57835
-6.56171
-6.54844
-6.5399
-6.53196
-6.52612
-6.52133
-6.51744
-6.51517
-6.51363
-6.51258
-6.51742
-6.52678
-6.54283
-6.56505
-6.59159
-6.61812
-6.64285
-6.66228
-6.67685
-6.68523
-6.69033
-6.68974
-6.68663
-6.68053
-6.67453
-6.66788
-6.66488
-6.66457
-6.66532
-6.66678
-6.66876
-6.66476
-6.65959
-6.65398
-6.64799
-6.64471
-6.63671
-6.62828
-6.61937
-6.60732
-6.59584
-6.58573
-6.58008
-6.5812
-6.58925
-6.60017
-6.61576
-6.62921
-6.63729
-6.64065
-6.64047
-6.63847
-6.63725
-6.63586
-6.63601
-6.64091
-6.64852
-6.65743
-6.67154
-6.69006
-6.71753
-6.74602
-6.77098
-6.79173
-6.8016
-6.79762
-6.78379
-6.76215
-6.74213
-6.72412
-6.71229
-6.70144
-6.69543
-6.69242
-6.6917
-6.69098
-6.69323
-6.69247
-6.69296
-6.69178
-6.68725
-6.68073
-6.67134
-6.66316
-6.65333
-6.64283
-6.63129
-6.62185
-6.61853
-6.62144
-6.62731
-6.63344
-6.63815
-6.64214
-6.63874
-6.63449
-6.62919
-6.62777
-6.62636
-6.62504
-6.62871
-6.6322
-6.63494
-6.63887
-6.64582
-6.66203
-6.67812
-6.70185
-6.7281
-6.75584
-6.77955
-6.7887
-6.78741
-6.76754
-6.73422
-6.69397
-6.6486
-6.60307
-6.56452
-6.53868
-6.52756
-6.52834
-6.54175
-6.56691
-6.59617
-6.62761
-6.65723
-6.67659
-6.69076
-6.69384
-6.69052
-6.68219
-6.67354
-6.6675
-6.66546
-6.66969
-6.67417
-6.68001
-6.68164
-6.68029
-6.67238
-6.66132
-6.64824
-6.63779
-6.63035
-6.63071
-6.63812
-6.64982
-6.66661
-6.68262
-6.69947
-6.71471
-6.72908
-6.74477
-6.75409
-6.75795
-6.75762
-6.74904
-6.73083
-6.70545
-6.67604
-6.64339
-6.61221
-6.58897
-6.57265
-6.56902
-6.57705
-6.59404
-6.61968
-6.64766
-6.6695
-6.68521
-6.69228
-6.69031
-6.68227
-6.67052
-6.65968
-6.6573
-6.6636
-6.67904
-6.69767
-6.71645
-6.73156
-6.73954
-6.73441
-6.72179
-6.69799
-6.66868
-6.63341
-6.59565
-6.56128
-6.53192
-6.51323
-6.50559
-6.51239
-6.53195
-6.56381
-6.60499
-6.64878
-6.68955
-6.72561
-6.75079
-6.76522
-6.76796
-6.76444
-6.75157
-6.73354
-6.71709
-6.70187
-6.69122
-6.68343
-6.67876
-6.67423
-6.66991
-6.66299
-6.65504
-6.65158
-6.64602
-6.64245
-6.6399
-6.6406
-6.64313
-6.64868
-6.65914
-6.66991
-6.68091
-6.69113
-6.70051
-6.70512
-6.70827
-6.70575
-6.69397
-6.67687
-6.65358
-6.62597
-6.59915
-6.58211
-6.57787
-6.58543
-6.60469
-6.63372
-6.66339
-6.69391
-6.72046
-6.74299
-6.75677
-6.76536
-6.76818
-6.76651
-6.76119
-6.75214
-6.74191
-6.72626
-6.71046
-6.69791
-6.68566
-6.67902
-6.67257
-6.6649
-6.65606
-6.64304
-6.62658
-6.61011
-6.59918
-6.59296
-6.59672
-6.60951
-6.62996
-6.65272
-6.67787
-6.69706
-6.71155
-6.72226
-6.72566
-6.72952
-6.73007
-6.728
-6.72287
-6.71237
-6.70061
-6.68637
-6.66706
-6.6471
-6.63212
-6.62233
-6.62073
-6.62654
-6.63601
-6.65248
-6.67169
-6.69615
-6.71775
-6.73756
-6.74937
-6.75336
-6.74489
-6.72792
-6.70378
-6.67719
-6.64387
-6.61325
-6.58582
-6.56127
-6.54522
-6.53805
-6.54118
-6.55309
-6.57568
-6.60137
-6.63113
-6.66108
-6.68482
-6.70704
-6.72297
-6.73011
-6.72998
-6.72034
-6.70717
-6.68806
-6.67202
-6.65756
-6.64996
-6.65047
-6.65809
-6.67032
-6.68213
-6.69579
-6.70997
-6.72115
-6.73187
-6.73869
-6.74183
-6.74094
-6.73549
-6.72345
-6.70795
-6.68611
-6.66198
-6.63713
-6.61807
-6.60272
-6.59674
-6.59829
-6.60457
-6.61405
-6.62655
-6.64214
-6.65534
-6.66897
-6.68052
-6.68986
-6.69409
-6.69275
-6.68012
-6.66143
-6.6365
-6.6109
-6.59099
-6.58146
-6.58163
-6.59585
-6.62171
-6.65538
-6.69911
-6.74614
-6.79137
-6.8343
-6.86223
-6.87469
-6.87359
-6.85245
-6.81902
-6.77892
-6.74003
-6.70491
-6.67546
-6.6551
-6.63966
-6.62755
-6.6147
-6.60289
-6.58901
-6.57429
-6.56694
-6.56654
-6.5752
-6.59175
-6.61464
-6.64323
-6.67431
-6.7074
-6.73409
-6.75531
-6.76601
-6.76868
-6.76584
-6.75651
-6.7401
-6.71527
-6.68647
-6.65413
-6.62313
-6.59525
-6.57815
-6.56712
-6.5641
-6.56766
-6.57063
-6.57793
-6.58378
-6.59178
-6.59823
-6.60468
-6.61184
-6.6192
-6.62806
-6.6346
-6.64
-6.64788
-6.65264
-6.65682
-6.6649
-6.67308
-6.67934
-6.68596
-6.68945
-6.6894
-6.68712
-6.68181
-6.67603
-6.66739
-6.66347
-6.65809
-6.65657
-6.6575
-6.66125
-6.66742
-6.67646
-6.68568
-6.69438
-6.70781
-6.71974
-6.73231
-6.73923
-6.74169
-6.73706
-6.72555
-6.70834
-6.68843
-6.67191
-6.65449
-6.64268
-6.63415
-6.63283
-6.63384
-6.63865
-6.64431
-6.65179
-6.66256
-6.67497
-6.68312
-6.68701
-6.68592
-6.68119
-6.67639
-6.67315
-6.66725
-6.66581
-6.66552
-6.66604
-6.66779
-6.66805
-6.66873
-6.66894
-6.67314
-6.67885
-6.68762
-6.69935
-6.70937
-6.71851
-6.71891
-6.71417
-6.70527
-6.69695
-6.6975
-6.69913
-6.70551
-6.70808
-6.70862
-6.70144
-6.69175
-6.67935
-6.66591
-6.64995
-6.63728
-6.62404
-6.60995
-6.59706
-6.58746
-6.58424
-6.587
-6.59625
-6.61369
-6.64231
-6.6748
-6.7121
-6.74552
-6.78007
-6.80845
-6.83481
-6.85266
-6.85646
-6.84821
-6.8285
-6.7959
-6.75505
-6.70533
-6.65224
-6.59841
-6.55183
-6.51942
-6.50335
-6.50371
-6.52009
-6.55468
-6.59504
-6.63858
-6.67912
-6.7131
-6.73486
-6.7439
-6.74674
-6.73853
-6.72549
-6.70975
-6.69592
-6.68404
-6.67564
-6.66977
-6.66698
-6.66739
-6.67054
-6.67729
-6.68399
-6.69323
-6.69479
-6.697
-6.6983
-6.69235
-6.68115
-6.66538
-6.64619
-6.62713
-6.60869
-6.59552
-6.59197
-6.59416
-6.60046
-6.61098
-6.62752
-6.6437
-6.66162
-6.67925
-6.6978
-6.71687
-6.73049
-6.74106
-6.75028
-6.75836
-6.76411
-6.76944
-6.77253
-6.77523
-6.77567
-6.77563
-6.77117
-6.76247
-6.74795
-6.7281
-6.70154
-6.66731
-6.62889
-6.59505
-6.56545
-6.54356
-6.53226
-6.52962
-6.53582
-6.54696
-6.56049
-6.57183
-6.58735
-6.60353
-6.61903
-6.63434
-6.64781
-6.65698
-6.66097
-6.66017
-6.65379
-6.64359
-6.63552
-6.63056
-6.63047
-6.64292
-6.6655
-6.69534
-6.72388
-6.74829
-6.76426
-6.7735
-6.7729
-6.76389
-6.75102
-6.7357
-6.7235
-6.71515
-6.71523
-6.71684
-6.73091
-6.74885
-6.76548
-6.77711
-6.78221
-6.78433
-6.77766
-6.76326
-6.74342
-6.71521
-6.68524
-6.6557
-6.6253
-6.60104
-6.58017
-6.56908
-6.55934
-6.55423
-6.5561
-6.56217
-6.57157
-6.57865
-6.58928
-6.59659
-6.60479
-6.61212
-6.61922
-6.62844
-6.63828
-6.65203
-6.66786
-6.68515
-6.69983
-6.71764
-6.7296
-6.73939
-6.74158
-6.73774
-6.72859
-6.71388
-6.69303
-6.6688
-6.63916
-6.61258
-6.58593
-6.56551
-6.55675
-6.56334
-6.58464
-6.61809
-6.66111
-6.70662
-6.74895
-6.78769
-6.81979
-6.84086
-6.85092
-6.84899
-6.83574
-6.815
-6.78841
-6.75693
-6.72612
-6.69413
-6.66084
-6.63525
-6.6128
-6.59375
-6.57932
-6.57099
-6.57029
-6.57756
-6.5898
-6.60516
-6.62017
-6.63193
-6.63801
-6.64113
-6.6448
-6.64708
-6.65113
-6.65954
-6.67313
-6.68746
-6.69647
-6.70528
-6.71062
-6.71826
-6.71905
-6.71847
-6.71924
-6.72506
-6.73102
-6.73312
-6.73543
-6.7351
-6.73043
-6.71961
-6.70685
-6.69004
-6.67215
-6.65598
-6.64471
-6.6371
-6.63949
-6.64117
-6.64683
-6.65451
-6.66315
-6.67258
-6.67998
-6.68535
-6.68607
-6.67836
-6.66569
-6.64519
-6.6219
-6.59797
-6.57852
-6.56325
-6.55073
-6.53964
-6.53151
-6.52657
-6.52519
-6.5287
-6.54117
-6.5633
-6.59363
-6.62872
-6.67117
-6.7099
-6.7485
-6.77984
-6.80359
-6.82272
-6.83006
-6.8246
-6.80858
-6.78489
-6.75299
-6.7172
-6.68607
-6.66174
-6.65225
-6.65809
-6.66916
-6.68374
-6.6957
-6.69917
-6.69123
-6.67317
-6.65028
-6.6232
-6.59951
-6.58314
-6.57869
-6.58471
-6.60018
-6.62192
-6.64363
-6.66742
-6.68901
-6.70678
-6.72261
-6.7335
-6.74147
-6.74481
-6.74953
-6.74867
-6.74794
-6.74435
-6.73617
-6.72221
-6.70182
-6.67916
-6.65016
-6.62584
-6.60334
-6.58898
-6.5889
-6.59907
-6.61957
-6.64873
-6.67825
-6.70014
-6.71482
-6.71924
-6.71539
-6.70505
-6.68703
-6.67213
-6.6543
-6.63471
-6.62052
-6.61088
-6.60831
-6.613
-6.62641
-6.64835
-6.67594
-6.70335
-6.72626
-6.74125
-6.74946
-6.75007
-6.74366
-6.73485
-6.72316
-6.71168
-6.70222
-6.69208
-6.68052
-6.66649
-6.65284
-6.63677
-6.621
-6.60982
-6.60229
-6.59839
-6.60091
-6.60778
-6.61265
-6.6227
-6.63384
-6.64598
-6.65843
-6.67346
-6.68618
-6.69519
-6.70217
-6.697
-6.68579
-6.6688
-6.64745
-6.62465
-6.60228
-6.58649
-6.57572
-6.57094
-6.57353
-6.58351
-6.60205
-6.62226
-6.64358
-6.66628
-6.68742
-6.70526
-6.71933
-6.73153
-6.74327
-6.75295
-6.75881
-6.7639
-6.76622
-6.76568
-6.75905
-6.74863
-6.73168
-6.70998
-6.69009
-6.66977
-6.65143
-6.63607
-6.62854
-6.62484
-6.62481
-6.62888
-6.63061
-6.63626
-6.64407
-6.65653
-6.66887
-6.68426
-6.69593
-6.701
-6.70235
-6.69371
-6.67877
-6.66119
-6.63986
-6.61915
-6.60194
-6.59396
-6.59321
-6.59805
-6.60647
-6.62047
-6.63162
-6.64427
-6.65385
-6.66726
-6.68057
-6.69306
-6.7036
-6.71175
-6.71942
-6.72191
-6.71614
-6.71228
-6.706
-6.69965
-6.68779
-6.67322
-6.66013
-6.65147
-6.6475
-6.65018
-6.66292
-6.67869
-6.70037
-6.71929
-6.73579
-6.74764
-6.75196
-6.74878
-6.73683
-6.72101
-6.69833
-6.67045
-6.64269
-6.6166
-6.58906
-6.56853
-6.55323
-6.54588
-6.54976
-6.56143
-6.58402
-6.60904
-6.6404
-6.67527
-6.70619
-6.72955
-6.74553
-6.75392
-6.7583
-6.75688
-6.75327
-6.74734
-6.73829
-6.72716
-6.71217
-6.69754
-6.68202
-6.67005
-6.66497
-6.66396
-6.66158
-6.66186
-6.65843
-6.65145
-6.63719
-6.62272
-6.60498
-6.59161
-6.58321
-6.58282
-6.59002
-6.59646
-6.60384
-6.60805
-6.60871
-6.60401
-6.59991
-6.59762
-6.60421
-6.61629
-6.63223
-6.65291
-6.6754
-6.69589
-6.71563
-6.73162
-6.74632
-6.75559
-6.76205
-6.76067
-6.75594
-6.75119
-6.73774
-6.7246
-6.71102
-6.69565
-6.6787
-6.66243
-6.64579
-6.64065
-6.64407
-6.65512
-6.68152
-6.71181
-6.74189
-6.76378
-6.77734
-6.77651
-6.76191
-6.73498
-6.69864
-6.65444
-6.61162
-6.57578
-6.55378
-6.54498
-6.55496
-6.57597
-6.60765
-6.63992
-6.66941
-6.69261
-6.70867
-6.71672
-6.71647
-6.70693
-6.69747
-6.68267
-6.67228
-6.66205
-6.65505
-6.64778
-6.64204
-6.63634
-6.63224
-6.63044
-6.62969
-6.63362
-6.64231
-6.65542
-6.67332
-6.69631
-6.72103
-6.74795
-6.77031
-6.78637
-6.79252
-6.78977
-6.77837
-6.764
-6.75109
-6.74106
-6.73671
-6.73706
-6.74627
-6.75924
-6.77381
-6.78437
-6.79051
-6.79077
-6.78227
-6.76494
-6.74129
-6.71767
-6.69108
-6.66988
-6.65276
-6.63925
-6.63172
-6.62752
-6.62482
-6.62395
-6.61935
-6.61205
-6.60528
-6.59677
-6.58912
-6.58471
-6.58321
-6.58719
-6.59352
-6.60176
-6.61464
-6.6292
-6.64619
-6.66215
-6.67874
-6.6942
-6.70888
-6.71718
-6.71764
-6.71145
-6.69716
-6.67731
-6.6552
-6.63338
-6.6117
-6.59623
-6.59172
-6.59756
-6.6167
-6.65011
-6.6916
-6.73547
-6.77869
-6.81501
-6.8419
-6.85628
-6.85687
-6.84566
-6.82228
-6.79197
-6.7503
-6.70452
-6.65767
-6.61686
-6.58333
-6.56932
-6.57196
-6.59044
-6.624
-6.66306
-6.70013
-6.73343
-6.75373
-6.76701
-6.76911
-6.76626
-6.75691
-6.74601
-6.7336
-6.71759
-6.7028
-6.68355
-6.65815
-6.63401
-6.61206
-6.58974
-6.57568
-6.56811
-6.56847
-6.58193
-6.60353
-6.63117
-6.66247
-6.69292
-6.7207
-6.74221
-6.75768
-6.76301
-6.76021
-6.75041
-6.72851
-6.70353
-6.67539
-6.6489
-6.62391
-6.60304
-6.59546
-6.59596
-6.60625
-6.6203
-6.64117
-6.66482
-6.69192
-6.7193
-6.74211
-6.76313
-6.77619
-6.78058
-6.779
-6.77111
-6.75888
-6.74831
-6.73913
-6.73567
-6.73913
-6.74727
-6.7579
-6.77041
-6.7822
-6.79353
-6.79752
-6.79849
-6.7916
-6.78188
-6.76695
-6.74607
-6.72411
-6.69963
-6.6742
-6.64513
-6.61777
-6.59118
-6.56792
-6.54854
-6.53528
-6.52738
-6.52394
-6.52519
-6.53679
-6.54964
-6.56264
-6.57804
-6.58672
-6.59525
-6.60104
-6.6036
-6.60875
-6.61376
-6.62002
-6.62942
-6.63924
-6.65169
-6.6686
-6.68637
-6.70152
-6.71998
-6.73549
-6.74668
-6.75624
-6.76225
-6.76102
-6.75477
-6.74666
-6.73168
-6.71226
-6.69351
-6.68087
-6.67231
-6.66592
-6.66581
-6.66728
-6.67062
-6.67402
-6.67924
-6.68325
-6.68772
-6.69295
-6.69661
-6.70037
-6.70751
-6.71729
-6.734
-6.75128
-6.7721
-6.79284
-6.80495
-6.81127
-6.80992
-6.79701
-6.77547
-6.75078
-6.72497
-6.7021
-6.683
-6.6671
-6.6539
-6.64324
-6.62874
-6.61699
-6.60415
-6.59634
-6.58822
-6.58479
-6.59026
-6.60617
-6.6337
-6.6679
-6.70432
-6.73948
-6.76848
-6.79125
-6.80609
-6.81026
-6.80628
-6.7929
-6.77462
-6.7477
-6.71755
-6.68646
-6.65544
-6.62745
-6.60448
-6.58873
-6.57756
-6.57489
-6.58033
-6.59024
-6.60659
-6.62495
-6.64605
-6.66515
-6.68421
-6.70156
-6.71374
-6.7181
-6.71817
-6.71728
-6.71485
-6.712
-6.71447
-6.72483
-6.73942
-6.75629
-6.77699
-6.79466
-6.80775
-6.81185
-6.80489
-6.78729
-6.75928
-6.72742
-6.69747
-6.66275
-6.63589
-6.61645
-6.60371
-6.59683
-6.594
-6.59307
-6.59683
-6.60505
-6.6186
-6.6378
-6.66303
-6.69254
-6.72672
-6.7619
-6.79157
-6.80974
-6.81909
-6.81588
-6.80223
-6.77823
-6.74963
-6.72065
-6.694
-6.67543
-6.66439
-6.66369
-6.67062
-6.68401
-6.70067
-6.71668
-6.73205
-6.7412
-6.74504
-6.74608
-6.74044
-6.73186
-6.72201
-6.71151
-6.70138
-6.69101
-6.68313
-6.67703
-6.67294
-6.66754
-6.66347
-6.65868
-6.65333
-6.64646
-6.63658
-6.62908
-6.61876
-6.60978
-6.60105
-6.59686
-6.59397
-6.59442
-6.59659
-6.60022
-6.60618
-6.61265
-6.62003
-6.63169
-6.64627
-6.65764
-6.67108
-6.67849
-6.681
-6.68328
-6.68427
-6.68562
-6.68791
-6.69509
-6.70073
-6.70572
-6.71723
-6.72434
-6.73416
-6.74337
-6.7464
-6.74577
-6.73192
-6.71186
-6.68703
-6.66104
-6.63501
-6.61461
-6.6016
-6.59572
-6.59994
-6.61546
-6.63813
-6.66755
-6.70171
-6.74208
-6.77605
-6.80767
-6.83083
-6.84902
-6.85796
-6.85942
-6.85429
-6.84206
-6.8259
-6.80709
-6.78489
-6.76354
-6.74525
-6.72657
-6.71027
-6.69711
-6.68612
-6.67894
-6.66943
-6.66195
-6.65838
-6.65389
-6.64876
-6.64073
-6.62908
-6.6111
-6.5927
-6.57723
-6.56719
-6.56608
-6.57601
-6.59382
-6.61901
-6.64813
-6.67496
-6.70197
-6.72366
-6.73963
-6.74449
-6.74167
-6.73206
-6.71551
-6.69181
-6.66649
-6.6365
-6.61278
-6.59619
-6.58895
-6.5912
-6.60159
-6.61991
-6.64404
-6.66696
-6.68921
-6.71012
-6.7241
-6.7325
-6.73546
-6.73407
-6.7257
-6.71615
-6.70785
-6.69888
-6.69457
-6.69591
-6.70089
-6.7054
-6.71024
-6.71448
-6.71426
-6.71001
-6.70642
-6.70385
-6.69981
-6.69357
-6.69022
-6.68508
-6.68186
-6.68213
-6.68285
-6.68688
-6.6905
-6.69543
-6.70114
-6.71113
-6.72365
-6.73757
-6.7503
-6.75911
-6.76755
-6.76907
-6.76762
-6.75627
-6.74041
-6.71728
-6.68938
-6.66354
-6.6415
-6.63201
-6.63063
-6.63666
-6.64683
-6.65802
-6.66716
-6.67347
-6.67904
-6.68303
-6.68604
-6.68911
-6.69162
-6.68834
-6.68121
-6.66973
-6.6509
-6.6337
-6.61566
-6.60265
-6.59629
-6.59829
-6.61425
-6.63581
-6.66381
-6.69547
-6.72376
-6.74263
-6.75013
-6.74487
-6.72871
-6.70788
-6.68448
-6.66291
-6.64402
-6.62884
-6.61738
-6.61277
-6.61878
-6.64038
-6.67438
-6.7195
-6.76799
-6.81349
-6.85072
-6.87665
-6.89263
-6.89527
-6.88211
-6.85981
-6.83323
-6.80076
-6.76805
-6.73615
-6.71069
-6.69398
-6.68442
-6.68561
-6.69256
-6.7011
-6.71001
-6.71462
-6.71122
-6.69709
-6.67778
-6.6549
-6.63085
-6.60799
-6.5892
-6.57668
-6.56965
-6.57018
-6.57305
-6.57909
-6.58963
-6.59983
-6.60967
-6.62071
-6.63116
-6.6401
-6.64603
-6.64774
-6.64681
-6.64683
-6.64639
-6.64935
-6.65883
-6.66859
-6.6782
-6.68844
-6.69694
-6.70647
-6.71365
-6.7196
-6.73075
-6.7388
-6.7432
-6.74609
-6.74637
-6.73979
-6.72912
-6.71441
-6.69857
-6.68004
-6.66221
-6.64538
-6.62945
-6.61228
-6.59539
-6.57922
-6.56487
-6.55569
-6.5523
-6.5585
-6.57407
-6.59743
-6.62978
-6.66705
-6.70746
-6.74511
-6.78041
-6.80684
-6.82241
-6.82555
-6.81913
-6.79517
-6.76183
-6.72162
-6.67891
-6.64181
-6.61335
-6.5962
-6.59604
-6.60906
-6.63105
-6.65676
-6.68817
-6.71593
-6.74082
-6.76242
-6.77935
-6.789
-6.79271
-6.79555
-6.79478
-6.78478
-6.76721
-6.74254
-6.71099
-6.67375
-6.63028
-6.58818
-6.55563
-6.53698
-6.53239
-6.54659
-6.5736
-6.60683
-6.64282
-6.67407
-6.70405
-6.72468
-6.73736
-6.74382
-6.74183
-6.73777
-6.73032
-6.72131
-6.71478
-6.70695
-6.69683
-6.68573
-6.67159
-6.65653
-6.64533
-6.63606
-6.63428
-6.63488
-6.64236
-6.65204
-6.66167
-6.67133
-6.67632
-6.68039
-6.68028
-6.67799
-6.67435
-6.67415
-6.67526
-6.68468
-6.6997
-6.72276
-6.74509
-6.76562
-6.77923
-6.78686
-6.78359
-6.77376
-6.76015
-6.74132
-6.71985
-6.7013
-6.68628
-6.67922
-6.67783
-6.68176
-6.69169
-6.70372
-6.71361
-6.72688
-6.73638
-6.74293
-6.74758
-6.74872
-6.7495
-6.74603
-6.73965
-6.72904
-6.70719
-6.67914
-6.64918
-6.61649
-6.58497
-6.56129
-6.54517
-6.54085
-6.54584
-6.56197
-6.58296
-6.60495
-6.62645
-6.64552
-6.65699
-6.66302
-6.66645
-6.6698
-6.67051
-6.67813
-6.68886
-6.69939
-6.70804
-6.71581
-6.72163
-6.72265
-6.72213
-6.72269
-6.725
-6.73329
-6.74354
-6.75607
-6.77292
-6.79234
-6.80868
-6.82079
-6.82863
-6.82519
-6.81497
-6.80119
-6.77934
-6.75712
-6.72952
-6.70288
-6.67754
-6.65373
-6.63503
-6.62739
-6.62502
-6.62997
-6.63739
-6.64673
-6.65021
-6.65049
-6.64533
-6.6372
-6.62683
-6.61541
-6.61028
-6.61108
-6.61621
-6.6271
-6.64324
-6.66385
-6.6859
-6.70614
-6.72303
-6.73713
-6.74145
-6.73994
-6.73385
-6.72
-6.7055
-6.68915
-6.67603
-6.66476
-6.65639
-6.64977
-6.64821
-6.64899
-6.65023
-6.65319
-6.65915
-6.66897
-6.67616
-6.68276
-6.68984
-6.694
-6.6989
-6.70253
-6.70655
-6.70754
-6.70512
-6.701
-6.69668
-6.69121
-6.68736
-6.6821
-6.67743
-6.67446
-6.67155
-6.66841
-6.6691
-6.67014
-6.67807
-6.68486
-6.69409
-6.70451
-6.71287
-6.72138
-6.72587
-6.72913
-6.72946
-6.72851
-6.7204
-6.7137
-6.70618
-6.69722
-6.68661
-6.6761
-6.66907
-6.66201
-6.6573
-6.65258
-6.64922
-6.64503
-6.64076
-6.63999
-6.63993
-6.64189
-6.64309
-6.64419
-6.64189
-6.63882
-6.63254
-6.63097
-6.63343
-6.63902
-6.65267
-6.66911
-6.69272
-6.72222
-6.75377
-6.79047
-6.82673
-6.86539
-6.89877
-6.92333
-6.93532
-6.93365
-6.92205
-6.89844
-6.8669
-6.83228
-6.79643
-6.7623
-6.72838
-6.69645
-6.66864
-6.64612
-6.62627
-6.60872
-6.59713
-6.5876
-6.57802
-6.57136
-6.56785
-6.56518
-6.5692
-6.5786
-6.59033
-6.60495
-6.6176
-6.62458
-6.62564
-6.6226
-6.61676
-6.60605
-6.59707
-6.59086
-6.59393
-6.60506
-6.62632
-6.65744
-6.69348
-6.73153
-6.76903
-6.80241
-6.83012
-6.84922
-6.8605
-6.85829
-6.84378
-6.82025
-6.78677
-6.75039
-6.72031
-6.69472
-6.67747
-6.66908
-6.66556
-6.66408
-6.66279
-6.66131
-6.65852
-6.64959
-6.63217
-6.61207
-6.58785
-6.56376
-6.54415
-6.53027
-6.53088
-6.54661
-6.57031
-6.59827
-6.6285
-6.65451
-6.6753
-6.69428
-6.71227
-6.72806
-6.74386
-6.7569
-6.77037
-6.78231
-6.7884
-6.79118
-6.79556
-6.80079
-6.80221
-6.80435
-6.80729
-6.81026
-6.81281
-6.81252
-6.80916
-6.79735
-6.7797
-6.75845
-6.7332
-6.70293
-6.67474
-6.64915
-6.62671
-6.6107
-6.60296
-6.60341
-6.60664
-6.61438
-6.62381
-6.62851
-6.62741
-6.61965
-6.60778
-6.59442
-6.57644
-6.56187
-6.55103
-6.54827
-6.55344
-6.56869
-6.59097
-6.61508
-6.63824
-6.65831
-6.67016
-6.67609
-6.67729
-6.68003
-6.68343
-6.68419
-6.68833
-6.69238
-6.70128
-6.71089
-6.72262
-6.72981
-6.73855
-6.74556
-6.75392
-6.75798
-6.76257
-6.76502
-6.76493
-6.76505
-6.76289
-6.75865
-6.75543
-6.74726
-6.73432
-6.72532
-6.71651
-6.7089
-6.70618
-6.70714
-6.70915
-6.71003
-6.71096
-6.70927
-6.70869
-6.7083
-6.71079
-6.71202
-6.71544
-6.71818
-6.71595
-6.70834
-6.69284
-6.67571
-6.65605
-6.6371
-6.62576
-6.62229
-6.63363
-6.65446
-6.68194
-6.70531
-6.71606
-6.71505
-6.7015
-6.67939
-6.65672
-6.64251
-6.63071
-6.62864
-6.63423
-6.64176
-6.65271
-6.66117
-6.66746
-6.67057
-6.67107
-6.67556
-6.68445
-6.69768
-6.71355
-6.7289
-6.74079
-6.74714
-6.7505
-6.74973
-6.74597
-6.73996
-6.73473
-6.72894
-6.7274
-6.72567
-6.72618
-6.72714
-6.72411
-6.71859
-6.71091
-6.69849
-6.68501
-6.67282
-6.66734
-6.66451
-6.66882
-6.67701
-6.68843
-6.69947
-6.71045
-6.71766
-6.72191
-6.72272
-6.72114
-6.71586
-6.70946
-6.70328
-6.69617
-6.68692
-6.67491
-6.66
-6.64034
-6.62414
-6.6093
-6.60376
-6.60693
-6.61616
-6.63162
-6.65088
-6.67205
-6.69736
-6.72618
-6.75091
-6.77428
-6.79115
-6.80264
-6.80503
-6.79552
-6.78103
-6.76053
-6.73825
-6.71303
-6.69144
-6.67177
-6.65829
-6.65294
-6.65126
-6.65941
-6.67109
-6.68852
-6.70675
-6.72658
-6.74598
-6.76442
-6.77552
-6.78345
-6.78776
-6.78807
-6.78455
-6.77403
-6.7548
-6.72919
-6.69506
-6.65643
-6.61642
-6.57968
-6.55064
-6.53386
-6.52751
-6.53166
-6.54331
-6.55874
-6.57824
-6.59995
-6.62106
-6.63503
-6.65095
-6.66021
-6.66625
-6.67136
-6.67669
-6.68504
-6.69308
-6.70705
-6.72058
-6.73361
-6.74421
-6.74839
-6.74622
-6.73708
-6.71881
-6.69736
-6.67309
-6.64835
-6.62691
-6.61783
-6.61663
-6.62428
-6.63917
-6.65308
-6.66931
-6.68077
-6.68842
-6.69402
-6.69535
-6.69582
-6.69398
-6.68599
-6.67693
-6.66893
-6.66461
-6.66228
-6.66939
-6.68332
-6.70421
-6.72761
-6.75448
-6.77782
-6.79795
-6.806
-6.80884
-6.80147
-6.78824
-6.7698
-6.74753
-6.72938
-6.71901
-6.71249
-6.70897
-6.70573
-6.70339
-6.6993
-6.69277
-6.68473
-6.66973
-6.65543
-6.63767
-6.62308
-6.60769
-6.59797
-6.59515
-6.59481
-6.59496
-6.6006
-6.60849
-6.61842
-6.63171
-6.64875
-6.6687
-6.68882
-6.70755
-6.71956
-6.72893
-6.73125
-6.72374
-6.70849
-6.68721
-6.66458
-6.6397
-6.6184
-6.59975
-6.5879
-6.57848
-6.57953
-6.58972
-6.61221
-6.64151
-6.67417
-6.70533
-6.73159
-6.75186
-6.76849
-6.78075
-6.79134
-6.79827
-6.8018
-6.79776
-6.79018
-6.77472
-6.75268
-6.7272
-6.70515
-6.68404
-6.6693
-6.66094
-6.65943
-6.6611
-6.66125
-6.65913
-6.65536
-6.65106
-6.65149
-6.65224
-6.65797
-6.66858
-6.68321
-6.69947
-6.71742
-6.73136
-6.74706
-6.76049
-6.77359
-6.78057
-6.78225
-6.77282
-6.75681
-6.73147
-6.69942
-6.66141
-6.62889
-6.60197
-6.57936
-6.57123
-6.57243
-6.58523
-6.60321
-6.62525
-6.64835
-6.67126
-6.68639
-6.69467
-6.69714
-6.69331
-6.68614
-6.6743
-6.66261
-6.65633
-6.64928
-6.64532
-6.63858
-6.63132
-6.62813
-6.62681
-6.62897
-6.63579
-6.64301
-6.65904
-6.67862
-6.70057
-6.72714
-6.74911
-6.77097
-6.78684
-6.79592
-6.79261
-6.77807
-6.76111
-6.73982
-6.72223
-6.70765
-6.7001
-6.69691
-6.69558
-6.69952
-6.71018
-6.72387
-6.73872
-6.75762
-6.77275
-6.77808
-6.77794
-6.76683
-6.75107
-6.73212
-6.71152
-6.69568
-6.68311
-6.67231
-6.66546
-6.65607
-6.64456
-6.6326
-6.61931
-6.61002
-6.60089
-6.59881
-6.60417
-6.61119
-6.6241
-6.63799
-6.64917
-6.65776
-6.66589
-6.66863
-6.67309
-6.67364
-6.6707
-6.66345
-6.65653
-6.65064
-6.64577
-6.64709
-6.65426
-6.66334
-6.67285
-6.6822
-6.68545
-6.68982
-6.69159
-6.69387
-6.69845
-6.70131
-6.70946
-6.71298
-6.71775
-6.7227
-6.72629
-6.73009
-6.73479
-6.73997
-6.74613
-6.75081
-6.75073
-6.74823
-6.7352
-6.71683
-6.69408
-6.66904
-6.64224
-6.62365
-6.60849
-6.60214
-6.60783
-6.6216
-6.64182
-6.66611
-6.69271
-6.72056
-6.74489
-6.76155
-6.77059
-6.77136
-6.76602
-6.75554
-6.739
-6.72091
-6.69773
-6.67434
-6.65368
-6.63687
-6.62044
-6.60911
-6.60284
-6.59989
-6.6034
-6.60765
-6.61657
-6.62711
-6.63617
-6.65079
-6.66136
-6.67322
-6.68056
-6.68633
-6.69263
-6.69733
-6.70139
-6.70172
-6.70264
-6.69541
-6.68564
-6.67096
-6.65108
-6.62888
-6.60937
-6.59751
-6.59735
-6.60915
-6.63228
-6.66259
-6.69577
-6.72509
-6.74724
-6.76941
-6.78366
-6.79446
-6.79945
-6.80378
-6.80573
-6.8063
-6.80599
-6.80013
-6.79729
-6.7981
-6.79979
-6.80224
-6.80511
-6.80435
-6.79653
-6.77874
-6.74936
-6.71092
-6.6649
-6.61354
-6.56349
-6.52182
-6.49357
-6.48012
-6.48538
-6.50889
-6.54605
-6.59454
-6.64638
-6.69486
-6.73669
-6.76869
-6.78985
-6.79995
-6.79598
-6.78361
-6.7612
-6.73228
-6.70581
-6.67939
-6.66029
-6.64716
-6.64126
-6.64287
-6.64653
-6.65463
-6.66691
-6.6803
-6.6955
-6.71379
-6.73166
-6.74673
-6.76205
-6.77247
-6.77516
-6.77072
-6.75936
-6.74119
-6.72211
-6.70072
-6.67954
-6.66177
-6.64494
-6.63281
-6.62477
-6.61827
-6.61128
-6.60371
-6.59291
-6.58253
-6.56852
-6.55712
-6.55498
-6.55876
-6.57476
-6.6008
-6.6315
-6.66307
-6.69577
-6.72739
-6.75346
-6.77544
-6.78882
-6.79533
-6.79485
-6.78794
-6.77766
-6.76738
-6.76013
-6.75332
-6.7536
-6.75572
-6.75837
-6.75848
-6.76041
-6.76215
-6.75841
-6.75058
-6.74065
-6.72972
-6.71813
-6.70476
-6.69597
-6.68992
-6.68411
-6.67738
-6.67396
-6.66592
-6.66146
-6.65118
-6.64256
-6.63718
-6.63466
-6.63174
-6.62974
-6.62579
-6.6207
-6.61754
-6.61564
-6.62249
-6.63169
-6.64739
-6.66595
-6.68426
-6.70333
-6.71996
-6.73081
-6.73759
-6.74038
-6.7419
-6.73904
-6.73827
-6.7333
-6.72496
-6.71409
-6.69934
-6.68212
-6.66229
-6.64111
-6.61861
-6.59723
-6.57618
-6.56606
-6.56519
-6.57506
-6.58888
-6.60731
-6.62475
-6.64163
-6.65927
-6.67323
-6.68656
-6.69872
-6.70595
-6.7103
-6.71316
-6.71825
-6.72422
-6.72805
-6.73153
-6.72905
-6.72483
-6.71833
-6.71129
-6.70314
-6.70035
-6.70163
-6.71045
-6.72371
-6.74284
-6.76214
-6.7812
-6.79825
-6.81027
-6.81311
-6.80847
-6.79345
-6.77294
-6.74447
-6.71484
-6.68703
-6.66466
-6.6463
-6.63193
-6.62338
-6.61843
-6.61743
-6.62015
-6.63054
-6.64219
-6.65554
-6.66785
-6.67798
-6.68768
-6.69298
-6.69226
-6.68367
-6.66797
-6.6481
-6.62039
-6.59095
-6.56244
-6.5414
-6.53135
-6.5372
-6.55745
-6.58659
-6.62049
-6.65738
-6.69201
-6.71861
-6.74165
-6.75733
-6.77095
-6.78063
-6.78596
-6.7867
-6.78477
-6.77743
-6.76283
-6.74508
-6.72215
-6.69532
-6.66962
-6.64776
-6.63253
-6.62544
-6.62812
-6.63902
-6.65673
-6.67456
-6.68882
-6.6996
-6.70565
-6.70467
-6.70172
-6.69705
-6.6955
-6.69689
-6.69887
-6.69364
-6.68592
-6.67574
-6.66516
-6.65776
-6.65244
-6.65541
-6.66461
-6.685
-6.70703
-6.73346
-6.75867
-6.77825
-6.79221
-6.7948
-6.79318
-6.78552
-6.77573
-6.76934
-6.76435
-6.75638
-6.74969
-6.73816
-6.72493
-6.70652
-6.68532
-6.66377
-6.64076
-6.62197
-6.60733
-6.59402
-6.58362
-6.5729
-6.56348
-6.55444
-6.5456
-6.53905
-6.53408
-6.53351
-6.53632
-6.54729
-6.56654
-6.59486
-6.62905
-6.66921
-6.71212
-6.75638
-6.79568
-6.8299
-6.85587
-6.87004
-6.87137
-6.86734
-6.84829
-6.82144
-6.78767
-6.75556
-6.72724
-6.69999
-6.68282
-6.67291
-6.66838
-6.66871
-6.66831
-6.66793
-6.6667
-6.66421
-6.65976
-6.65648
-6.64947
-6.64155
-6.63253
-6.6209
-6.6117
-6.60005
-6.59026
-6.58132
-6.57586
-6.57444
-6.57644
-6.58125
-6.5923
-6.60561
-6.6206
-6.63664
-6.64901
-6.66005
-6.66699
-6.67154
-6.67404
-6.67888
-6.68708
-6.70087
-6.71578
-6.72955
-6.74291
-6.75446
-6.76454
-6.77179
-6.77584
-6.78086
-6.78059
-6.77703
-6.76614
-6.75388
-6.73476
-6.71303
-6.68953
-6.66666
-6.64218
-6.62296
-6.60664
-6.59827
-6.59376
-6.59616
-6.60294
-6.61104
-6.61755
-6.62225
-6.62361
-6.62386
-6.62801
-6.63464
-6.64761
-6.66278
-6.67908
-6.69657
-6.71276
-6.73012
-6.74295
-6.7525
-6.75374
-6.75278
-6.745
-6.73268
-6.72668
-6.72564
-6.72991
-6.74045
-6.75594
-6.76728
-6.77863
-6.78401
-6.78335
-6.7756
-6.76304
-6.74743
-6.73393
-6.72155
-6.71536
-6.71007
-6.70772
-6.70536
-6.70166
-6.69501
-6.6894
-6.68592
-6.6838
-6.68258
-6.68504
-6.6842
-6.67758
-6.66736
-6.65169
-6.63892
-6.62541
-6.6164
-6.6134
-6.61584
-6.62024
-6.62306
-6.62123
-6.619
-6.614
-6.61074
-6.60787
-6.60889
-6.61389
-6.62091
-6.62609
-6.63406
-6.64236
-6.65329
-6.66786
-6.68817
-6.71757
-6.74852
-6.78121
-6.80897
-6.82967
-6.84202
-6.84211
-6.83346
-6.82025
-6.80013
-6.77782
-6.7547
-6.73065
-6.70886
-6.68789
-6.67098
-6.66128
-6.65364
-6.65426
-6.65367
-6.65606
-6.65933
-6.66034
-6.65857
-6.65057
-6.64174
-6.62726
-6.61333
-6.59544
-6.5798
-6.56671
-6.56114
-6.55897
-6.55993
-6.56947
-6.58483
-6.60658
-6.63309
-6.66211
-6.69109
-6.71668
-6.73941
-6.7579
-6.77145
-6.78257
-6.78994
-6.79458
-6.7927
-6.79009
-6.78462
-6.77615
-6.76748
-6.75806
-6.75163
-6.74792
-6.74368
-6.74505
-6.74485
-6.74082
-6.73359
-6.71863
-6.70091
-6.67933
-6.66028
-6.6464
-6.63003
-6.61679
-6.6061
-6.59681
-6.596
-6.60334
-6.62064
-6.64359
-6.67122
-6.70075
-6.72856
-6.752
-6.76527
-6.76737
-6.76089
-6.74481
-6.72146
-6.69236
-6.66377
-6.6397
-6.62493
-6.61906
-6.6189
-6.62786
-6.64109
-6.65461
-6.66579
-6.67263
-6.67889
-6.68428
-6.6868
-6.68713
-6.68806
-6.68812
-6.68723
-6.68392
-6.68145
-6.67887
-6.67242
-6.66329
-6.65903
-6.65088
-6.64411
-6.63858
-6.63268
-6.63116
-6.62485
-6.6229
-6.62059
-6.62222
-6.62501
-6.63606
-6.65204
-6.67604
-6.70678
-6.73738
-6.76768
-6.79832
-6.8169
-6.83034
-6.83565
-6.83395
-6.82544
-6.8148
-6.79485
-6.77236
-6.74517
-6.71492
-6.68844
-6.66051
-6.6356
-6.61895
-6.60734
-6.60263
-6.60335
-6.6064
-6.61289
-6.623
-6.63233
-6.64282
-6.65166
-6.6591
-6.65881
-6.65744
