1.19039
1.1575
1.10253
1.02723
0.934275
0.827831
0.71361
0.598761
0.491401
0.399585
0.329985
0.286625
0.270145
0.277891
0.304751
0.344361
0.390328
0.437082
0.480344
0.51724
0.546219
0.566841
0.579531
0.5853
0.585613
0.582118
0.576501
0.570371
0.565175
0.562009
0.561593
0.564255
0.569938
0.578313
0.588709
0.600405
0.612652
0.624758
0.636136
0.646278
0.654835
0.661476
0.665893
0.667863
0.667157
0.663648
0.657322
0.648469
0.637748
0.626171
0.61503
0.605698
0.599443
0.597264
0.599652
0.606478
0.61699
0.630058
0.644248
0.658069
0.670137
0.679387
0.68507
0.686816
0.684587
0.678754
0.66999
0.659229
0.647473
0.635654
0.624439
0.614147
0.604845
0.596432
0.588881
0.582404
0.577498
0.574844
0.575035
0.578192
0.583787
0.590677
0.597538
0.603419
0.607993
0.611483
0.614379
0.617098
0.619679
0.621834
0.622985
0.622584
0.620288
0.616042
0.610147
0.60307
0.595352
0.587464
0.579884
0.573032
0.567324
0.563154
0.560966
0.561096
0.563716
0.56878
0.57601
0.584881
0.594773
0.605037
0.615076
0.624475
0.633018
0.640582
0.647049
0.652279
0.656052
0.658137
0.658351
0.656559
0.65281
0.647427
0.640833
0.633649
0.626488
0.619947
0.614423
0.610088
0.606906
0.604699
0.603164
0.601972
0.600825
0.599597
0.598312
0.597234
0.596836
0.597662
0.600131
0.604432
0.610334
0.617145
0.623908
0.629525
0.633046
0.633834
0.631741
0.627149
0.620777
0.613569
0.606411
0.599824
0.594009
0.588756
0.583608
0.578173
0.572335
0.566378
0.560992
0.557174
0.55595
0.558099
0.563996
0.573532
0.586123
0.600867
0.61674
0.632705
0.647881
0.661585
0.67329
0.682708
0.689646
0.693984
0.695602
0.694534
0.690859
0.684783
0.676589
0.66662
0.655239
0.642702
0.629222
0.615027
0.600417
0.585868
0.571997
0.559527
0.549125
0.541315
0.536371
0.534289
0.534853
0.537693
0.542429
0.548717
0.556247
0.564752
0.573994
0.583739
0.593698
0.603617
0.613249
0.622394
0.63103
0.639195
0.647
0.654533
0.661825
0.668764
0.675073
0.680334
0.684121
0.685978
0.685596
0.682673
0.67702
0.668611
0.657678
0.644813
0.630777
0.616459
0.60275
0.590372
0.579874
0.571643
0.566026
0.563428
0.564123
0.568075
0.574924
0.583934
0.594121
0.604491
0.614077
0.622066
0.62784
0.630956
0.631252
0.628828
0.624019
0.617345
0.609558
0.601458
0.59382
0.587235
0.582196
0.579059
0.578127
0.579617
0.583597
0.589988
0.59847
0.608389
0.61899
0.629512
0.639274
0.647779
0.654819
0.660423
0.664644
0.667559
0.669151
0.66928
0.667672
0.664056
0.658293
0.650517
0.641078
0.630602
0.619859
0.609549
0.600239
0.592284
0.58578
0.580551
0.576382
0.573034
0.570299
0.568205
0.566971
0.566953
0.568595
0.572258
0.578118
0.586011
0.595372
0.60541
0.615112
0.623413
0.629387
0.632479
0.632578
0.630122
0.625949
0.621035
0.616308
0.612404
0.609616
0.607926
0.607176
0.607137
0.607582
0.608325
0.609274
0.610448
0.611909
0.613731
0.61593
0.618444
0.6211
0.6235
0.625129
0.625415
0.623899
0.620279
0.614617
0.607441
0.599593
0.592153
0.586199
0.582577
0.581729
0.583681
0.587964
0.593792
0.600115
0.605905
0.610367
0.613069
0.614088
0.613917
0.613299
0.612988
0.613556
0.615259
0.61815
0.622058
0.626663
0.631513
0.636071
0.639739
0.641889
0.641909
0.639407
0.634344
0.627022
0.618194
0.608923
0.600508
0.594182
0.590918
0.591172
0.594834
0.60128
0.609443
0.618067
0.625891
0.631856
0.635155
0.635389
0.632551
0.627001
0.619306
0.61022
0.600427
0.590563
0.58122
0.572995
0.566598
0.562791
0.562259
0.565469
0.572536
0.583163
0.596638
0.611991
0.628034
0.643465
0.657029
0.667662
0.67456
0.677249
0.675661
0.670143
0.661445
0.650617
0.638862
0.627354
0.617059
0.608686
0.602643
0.598974
0.597483
0.597693
0.598961
0.600448
0.601283
0.600793
0.598621
0.594817
0.589758
0.584107
0.578623
0.573962
0.570666
0.569059
0.569306
0.571503
0.575652
0.581714
0.589493
0.598695
0.608929
0.619648
0.630234
0.639981
0.648186
0.654336
0.658038
0.65918
0.657882
0.654479
0.649514
0.643586
0.637375
0.631523
0.626567
0.622762
0.620163
0.618613
0.617718
0.616954
0.615703
0.613423
0.609719
0.604539
0.598097
0.590919
0.583872
0.577998
0.574317
0.573581
0.576088
0.581495
0.588927
0.59706
0.60456
0.610447
0.6143
0.61641
0.617677
0.619267
0.622171
0.626721
0.632565
0.638844
0.644568
0.649035
0.65189
0.653008
0.652515
0.650586
0.647329
0.642927
0.637649
0.631792
0.625822
0.620021
0.614599
0.609649
0.605259
0.601567
0.598786
0.597275
0.597497
0.599857
0.604565
0.611593
0.620506
0.630566
0.640739
0.649782
0.656597
0.660082
0.659427
0.654189
0.644411
0.63062
0.613799
0.595395
0.577175
0.56095
0.548414
0.540876
0.539148
0.543347
0.552782
0.566064
0.581282
0.596199
0.6087
0.617172
0.620795
0.619674
0.61478
0.607714
0.600324
0.594245
0.590651
0.590001
0.592105
0.596318
0.601636
0.607028
0.611606
0.614735
0.616173
0.61604
0.614784
0.613043
0.611506
0.610785
0.6113
0.613211
0.616434
0.620818
0.626117
0.632175
0.638827
0.645926
0.653256
0.660546
0.667395
0.673362
0.678065
0.681162
0.682279
0.681136
0.677545
0.671397
0.66279
0.652128
0.640079
0.627492
0.615092
0.603341
0.592333
0.581837
0.571561
0.561343
0.551294
0.541835
0.533563
0.527167
0.523298
0.522411
0.524703
0.530137
0.538494
0.549318
0.562118
0.576306
0.591238
0.606267
0.620766
0.634139
0.645833
0.655291
0.662076
0.665933
0.666764
0.664654
0.659769
0.652393
0.642926
0.631813
0.619654
0.607189
0.595242
0.584718
0.576561
0.571497
0.570119
0.572733
0.579209
0.588815
0.600336
0.61228
0.623249
0.632187
0.638528
0.642171
0.643335
0.642477
0.640087
0.636772
0.633117
0.629639
0.62681
0.624872
0.623783
0.623316
0.623205
0.623167
0.623016
0.622728
0.622311
0.621874
0.621587
0.621643
0.622148
0.623172
0.624616
0.626191
0.627397
0.627594
0.626187
0.622704
0.616923
0.608997
0.59945
0.589147
0.579171
0.570674
0.564661
0.5618
0.562328
0.566064
0.57247
0.580703
0.58975
0.598454
0.605599
0.610127
0.611342
0.609142
0.60412
0.597461
0.590748
0.585652
0.583567
0.5854
0.591384
0.601042
0.613366
0.626901
0.64012
0.651671
0.660603
0.666407
0.66906
0.668913
0.666529
0.66252
0.657354
0.651353
0.644623
0.637235
0.629317
0.621104
0.612976
0.605508
0.599387
0.595217
0.593407
0.594096
0.59706
0.601716
0.607212
0.612622
0.6171
0.619962
0.620852
0.619689
0.616637
0.612006
0.606211
0.599769
0.59322
0.587131
0.582004
0.578447
0.576999
0.578108
0.582107
0.589109
0.598937
0.611111
0.624773
0.638765
0.651825
0.662764
0.670704
0.675018
0.675294
0.671311
0.663086
0.65092
0.635587
0.618364
0.601028
0.585627
0.574187
0.568138
0.568141
0.573887
0.584261
0.59758
0.612053
0.626041
0.638244
0.647725
0.653849
0.656217
0.654634
0.649156
0.640175
0.628396
0.614858
0.600805
0.587523
0.576121
0.567386
0.561767
0.55939
0.560072
0.563387
0.568715
0.575332
0.58251
0.589678
0.596499
0.60291
0.609095
0.615246
0.621581
0.628152
0.634826
0.64126
0.646959
0.651387
0.654025
0.654385
0.65215
0.647199
0.639646
0.629866
0.618467
0.606316
0.594387
0.583741
0.575408
0.57025
0.568718
0.57068
0.575484
0.582006
0.588947
0.59515
0.59983
0.602725
0.60404
0.604335
0.604407
0.605105
0.607146
0.610935
0.616434
0.623236
0.63068
0.638027
0.644627
0.649987
0.653718
0.655499
0.655065
0.652136
0.64665
0.638718
0.628841
0.61785
0.606895
0.59735
0.590434
0.587062
0.58751
0.591332
0.597467
0.604591
0.611374
0.616775
0.620124
0.621197
0.620154
0.617396
0.613499
0.609067
0.604697
0.60084
0.597907
0.596243
0.59617
0.597856
0.601365
0.606475
0.612779
0.619597
0.626173
0.631659
0.635326
0.636713
0.635711
0.632575
0.627762
0.621833
0.615536
0.609701
0.605181
0.602691
0.602734
0.605375
0.610327
0.616922
0.624335
0.631707
0.63831
0.643571
0.647153
0.648993
0.64923
0.648158
0.64614
0.643342
0.639675
0.634988
0.629163
0.622242
0.614529
0.606601
0.599195
0.592918
0.588118
0.584823
0.582745
0.581432
0.580508
0.579755
0.579212
0.579069
0.579729
0.581597
0.584994
0.590054
0.59663
0.604304
0.612504
0.620576
0.627871
0.633789
0.637864
0.639769
0.639324
0.636583
0.631784
0.625321
0.617783
0.6099
0.602441
0.596107
0.591376
0.588539
0.587777
0.589139
0.592565
0.597939
0.604994
0.613314
0.622227
0.630912
0.638488
0.644119
0.647217
0.647481
0.645049
0.640332
0.63385
0.626238
0.618084
0.609933
0.602269
0.595558
0.590271
0.586775
0.585202
0.58543
0.586934
0.588934
0.590554
0.590939
0.589491
0.586053
0.581057
0.575502
0.570819
0.568581
0.570115
0.576249
0.587111
0.602039
0.619712
0.638352
0.656012
0.670875
0.681498
0.687092
0.687608
0.683656
0.676419
0.667303
0.657661
0.648577
0.640681
0.634235
0.629268
0.625711
0.623483
0.622452
0.622366
0.622761
0.622883
0.62192
0.619034
0.613637
0.605464
0.594707
0.581953
0.568249
0.554947
0.543409
0.534797
0.529915
0.52906
0.53221
0.539068
0.549174
0.561989
0.576963
0.593503
0.611013
0.628887
0.646402
0.662768
0.67703
0.688184
0.695341
0.697868
0.695457
0.688203
0.676498
0.661112
0.643041
0.623489
0.603887
0.585737
0.570554
0.559736
0.55435
0.554807
0.560791
0.571316
0.584931
0.600082
0.615299
0.629346
0.641182
0.650055
0.655468
0.657177
0.655294
0.65022
0.642587
0.633129
0.622606
0.611736
0.601275
0.592039
0.584744
0.579992
0.578101
0.579087
0.582692
0.588378
0.595575
0.603793
0.6127
0.622078
0.631758
0.641486
0.650825
1.20546
1.19756
1.17527
1.13903
1.09028
1.03171
0.967453
0.902546
0.842441
0.791859
0.754092
0.730685
0.721542
0.725249
0.739384
0.760779
0.78584
0.811076
0.833538
0.851078
0.862484
0.867242
0.865599
0.858378
0.847011
0.833452
0.819886
0.808557
0.801618
0.800738
0.806917
0.820153
0.839351
0.862464
0.886945
0.910276
0.930322
0.945596
0.955511
0.96033
0.960995
0.958841
0.955466
0.952301
0.950522
0.950741
0.953024
0.956818
0.961225
0.965041
0.96685
0.965193
0.958971
0.947759
0.931974
0.912932
0.892531
0.872789
0.855564
0.842284
0.833943
0.831079
0.834033
0.842839
0.857256
0.876424
0.898745
0.921946
0.943368
0.96051
0.971569
0.975732
0.973287
0.965531
0.954524
0.942566
0.931721
0.923467
0.918258
0.915775
0.915139
0.915259
0.915113
0.913975
0.911483
0.907585
0.902325
0.895895
0.888862
0.882304
0.877839
0.877063
0.881025
0.889633
0.901375
0.913696
0.92361
0.928378
0.926065
0.915852
0.898049
0.873988
0.845762
0.81603
0.787697
0.763622
0.746294
0.737597
0.738682
0.749778
0.769949
0.797411
0.829792
0.864569
0.899391
0.932223
0.961333
0.985326
1.00316
1.01402
1.01748
1.01361
1.00319
0.987662
0.969057
0.949661
0.931627
0.916532
0.905327
0.898435
0.895915
0.897525
0.902865
0.91111
0.921056
0.931222
0.940096
0.94634
0.948921
0.947168
0.940827
0.929966
0.915254
0.897927
0.879739
0.862721
0.848932
0.83983
0.835985
0.837079
0.841926
0.848858
0.856266
0.863104
0.869321
0.875719
0.883377
0.892911
0.904032
0.915642
0.926454
0.935692
0.9435
0.950619
0.958003
0.966068
0.974593
0.982835
0.989847
0.994632
0.996496
0.995091
0.990243
0.981941
0.970212
0.955124
0.936889
0.915951
0.893079
0.869454
0.846643
0.826461
0.810604
0.800446
0.796864
0.800164
0.810152
0.825948
0.845941
0.867812
0.888726
0.905653
0.915855
0.917472
0.910053
0.89493
0.875106
0.854676
0.838052
0.828746
0.828656
0.837805
0.854601
0.876515
0.900614
0.924127
0.944724
0.960696
0.971258
0.976685
0.978057
0.976772
0.974025
0.970673
0.967556
0.965682
0.965886
0.968399
0.972287
0.975519
0.975704
0.970991
0.960834
0.945999
0.928525
0.910974
0.895729
0.884556
0.87841
0.877496
0.881364
0.889019
0.898947
0.909332
0.918267
0.924097
0.925475
0.921534
0.911983
0.89746
0.879422
0.860087
0.842137
0.828367
0.821217
0.822168
0.831364
0.847414
0.867607
0.888566
0.90704
0.920646
0.928152
0.929647
0.92618
0.919397
0.911071
0.902691
0.895223
0.889116
0.884414
0.881069
0.879069
0.878598
0.879862
0.883049
0.888206
0.895007
0.902739
0.910443
0.917162
0.922298
0.925777
0.928
0.929691
0.931407
0.933121
0.934348
0.93443
0.933023
0.930284
0.926797
0.923352
0.920497
0.918563
0.917466
0.916914
0.916434
0.915542
0.914012
0.911821
0.909082
0.90604
0.902946
0.90009
0.897649
0.895612
0.893751
0.89171
0.889208
0.886173
0.882899
0.879896
0.877438
0.875448
0.873591
0.871556
0.869312
0.867227
0.865775
0.865374
0.866266
0.868405
0.871648
0.875862
0.880965
0.886745
0.892745
0.898127
0.901764
0.90252
0.899553
0.892567
0.88188
0.868373
0.853426
0.838732
0.826239
0.817921
0.815317
0.819227
0.829514
0.845287
0.865065
0.887131
0.90967
0.931107
0.95019
0.966192
0.978849
0.988154
0.994239
0.99724
0.997213
0.994193
0.988164
0.979205
0.967594
0.95392
0.939251
0.925095
0.913105
0.90474
0.900689
0.900557
0.903005
0.906202
0.908487
0.908834
0.906973
0.903197
0.898026
0.892022
0.885649
0.879297
0.873319
0.868164
0.864479
0.863041
0.864824
0.870782
0.881345
0.896074
0.913472
0.931171
0.946601
0.957529
0.962623
0.961682
0.95562
0.945981
0.934569
0.922782
0.911387
0.900532
0.890089
0.88003
0.870524
0.861969
0.854805
0.849258
0.845227
0.842523
0.841011
0.840837
0.842105
0.844777
0.848655
0.853363
0.858779
0.865004
0.872138
0.880167
0.888754
0.897285
0.905186
0.912203
0.918577
0.924951
0.932223
0.94103
0.951334
0.962387
0.972946
0.981567
0.986794
0.987291
0.981983
0.970282
0.952497
0.929945
0.904839
0.88006
0.858455
0.842618
0.834744
0.83649
0.848475
0.869781
0.897774
0.928627
0.958312
0.983557
1.00226
1.01337
1.01656
1.01203
1.00012
0.981285
0.956254
0.926271
0.893446
0.860682
0.831504
0.809149
0.795951
0.792965
0.799818
0.815122
0.83661
0.86135
0.88609
0.907556
0.922821
0.929923
0.928138
0.918012
0.901406
0.881279
0.861231
0.845014
0.835668
0.834738
0.842072
0.855977
0.873997
0.893679
0.913104
0.931049
0.947001
0.96102
0.973404
0.984447
0.993996
1.00129
1.00516
1.00433
0.997794
0.985303
0.967397
0.945449
0.921431
0.897754
0.877038
0.861841
0.854265
0.855508
0.865509
0.882791
0.904626
0.927368
0.947163
0.960683
0.965751
0.961749
0.949612
0.931461
0.910202
0.888933
0.870485
0.856953
0.849283
0.847345
0.850343
0.857383
0.867623
0.880452
0.89516
0.910586
0.925128
0.936974
0.944366
0.946072
0.941662
0.931698
0.917615
0.901646
0.886332
0.874226
0.867158
0.865652
0.86887
0.875108
0.882264
0.888283
0.891437
0.890616
0.885509
0.876578
0.86499
0.852341
0.840307
0.830307
0.823502
0.820922
0.823439
0.83155
0.845131
0.863074
0.883496
0.904284
0.923811
0.941444
0.957494
0.972534
0.986421
0.998065
1.00594
1.00892
1.0066
0.999258
0.98757
0.972466
0.954868
0.935961
0.91684
0.898552
0.881905
0.867615
0.856452
0.849223
0.846748
0.849623
0.857844
0.870672
0.886635
0.903635
0.919382
0.93156
0.938238
0.938166
0.931058
0.917676
0.899773
0.879741
0.860263
0.843766
0.83214
0.82644
0.826878
0.833129
0.844626
0.86071
0.880407
0.90226
0.924216
0.94377
0.958517
0.966655
0.967405
0.961133
0.949251
0.934023
0.917856
0.90289
0.890693
0.882038
0.876948
0.874967
0.875395
0.877515
0.880812
0.88489
0.889471
0.894274
0.898934
0.903057
0.906218
0.908155
0.908722
0.907929
0.905786
0.902448
0.89823
0.89346
0.88851
0.883767
0.879583
0.876269
0.874131
0.873539
0.874846
0.878355
0.883984
0.891296
0.899421
0.907331
0.914266
0.920075
0.925251
0.930702
0.937251
0.94502
0.953127
0.960163
0.96465
0.965617
0.962936
0.956899
0.947599
0.934837
0.918502
0.899132
0.878074
0.857118
0.837963
0.821988
0.810264
0.80359
0.802483
0.806995
0.816745
0.830915
0.848424
0.868025
0.888359
0.907939
0.925311
0.939442
0.94997
0.957051
0.961099
0.962377
0.960907
0.956605
0.949548
0.940313
0.930126
0.920594
0.913389
0.909764
0.910162
0.914088
0.920242
0.926971
0.932794
0.936855
0.939086
0.939972
0.940233
0.940366
0.940428
0.939993
0.938237
0.934134
0.926805
0.915849
0.901547
0.884915
0.867606
0.851632
0.838873
0.830721
0.827803
0.830017
0.836642
0.846623
0.858797
0.871981
0.885026
0.896866
0.906566
0.91332
0.916635
0.916422
0.912961
0.906849
0.898883
0.889938
0.880903
0.872451
0.865105
0.859091
0.854463
0.851375
0.850339
0.85216
0.857533
0.866428
0.877808
0.889857
0.900515
0.908139
0.911858
0.911655
0.908188
0.902473
0.8956
0.888476
0.881677
0.875696
0.871129
0.868601
0.868815
0.872238
0.878835
0.887926
0.898345
0.908742
0.917916
0.925163
0.930277
0.933513
0.935459
0.936573
0.937092
0.936907
0.935681
0.933045
0.928958
0.923876
0.918596
0.914086
0.911142
0.910065
0.910454
0.911345
0.911521
0.909891
0.905927
0.899842
0.892612
0.885616
0.880327
0.877939
0.879031
0.883387
0.890168
0.898041
0.905511
0.911207
0.914072
0.913525
0.909479
0.902356
0.893087
0.882956
0.873419
0.865863
0.861427
0.86063
0.863326
0.868843
0.876117
0.883964
0.891389
0.897619
0.902161
0.904656
0.904876
0.90263
0.89787
0.890624
0.88123
0.87042
0.85927
0.8491
0.84109
0.835993
0.834048
0.835091
0.838885
0.845338
0.854573
0.866611
0.881204
0.897537
0.914179
0.929498
0.942036
0.950804
0.955666
0.957222
0.95679
0.956014
0.95637
0.95864
0.962678
0.967452
0.971578
0.973982
0.97424
0.972654
0.970013
0.967071
0.964311
0.961592
0.958132
0.952594
0.943483
0.92981
0.911626
0.890244
0.867915
0.847442
0.831639
0.822623
0.821364
0.827556
0.839514
0.854516
0.869393
0.881273
0.888025
0.888598
0.883054
0.87245
0.858498
0.84313
0.828126
0.814944
0.804612
0.797902
0.795444
0.797686
0.804797
0.816423
0.831579
0.848833
0.866711
0.883971
0.899917
0.914307
0.927265
0.939164
0.950455
0.96138
0.971847
0.981415
0.989233
0.994219
0.995343
0.991834
0.983168
0.969136
0.94999
0.926692
0.901047
0.875917
0.85475
0.840903
0.836591
0.842415
0.857393
0.879434
0.905841
0.933776
0.960491
0.983603
1.00124
1.01227
1.01628
1.01349
1.00463
0.990856
0.973798
0.955302
0.937309
0.921491
0.908904
0.899641
0.892907
0.887365
0.881678
0.874954
0.866775
0.857132
0.846264
0.834403
0.821736
0.808514
0.794997
0.7815
0.768286
0.755442
0.743146
0.732092
0.723928
0.721145
0.72633
0.741162
0.765649
0.79799
0.835018
0.872921
0.908194
0.93822
0.961516
0.977707
0.987315
0.991344
0.991069
0.987794
0.982697
0.976639
0.970147
0.963266
0.955608
0.946615
0.935935
0.923814
0.911166
0.899367
0.889824
0.883616
0.881181
0.882325
0.886301
0.891957
0.898112
0.903735
0.908095
0.911
0.912764
0.914063
0.915521
0.917518
0.919989
0.922466
0.924243
0.924722
0.923505
0.920532
0.916117
0.910982
0.906276
0.903268
0.903101
0.906241
0.912231
0.919666
0.92657
0.931
0.931609
0.928023
0.920664
0.910746
0.899775
0.889264
0.880533
0.874499
0.871523
0.871437
0.873621
0.877125
0.880907
0.88385
0.885025
0.883841
0.880237
0.874816
0.868634
0.863012
0.859204
0.858135
0.860272
0.865612
0.873577
0.883052
0.892453
1.20462
1.19818
1.1799
1.15106
1.1145
1.0742
1.03453
0.999263
0.970789
0.950032
0.936785
0.930383
0.930389
0.936563
0.948663
0.966312
0.988778
1.01484
1.04288
1.07088
1.09653
1.11739
1.13132
1.13671
1.13281
1.11979
1.09878
1.072
1.04265
1.01462
0.991909
0.978031
0.975109
0.983331
1.00096
1.0248
1.05094
1.07564
1.09589
1.10965
1.11595
1.11476
1.10701
1.09424
1.0785
1.06203
1.04742
1.03734
1.03408
1.03904
1.0522
1.07202
1.09585
1.12053
1.14304
1.16104
1.17297
1.17817
1.17665
1.16907
1.15671
1.14126
1.1244
1.10748
1.09119
1.07566
1.06078
1.04657
1.03334
1.02169
1.01224
1.00568
1.00248
1.00273
1.00593
1.01107
1.01671
1.02133
1.02371
1.02321
1.01983
1.01419
1.00726
1.00012
0.993618
0.988237
0.984144
0.981338
0.979893
0.979998
0.98207
0.986821
0.995137
1.00782
1.0253
1.04728
1.07281
1.10027
1.12767
1.15291
1.174
1.18941
1.19833
1.20082
1.19776
1.19046
1.18022
1.1681
1.15476
1.14053
1.12561
1.11013
1.09424
1.07803
1.06142
1.04452
1.02759
1.01113
0.995876
0.982752
0.972603
0.965919
0.962716
0.962433
0.964188
0.96717
0.970882
0.975514
0.982043
0.991951
1.00674
1.02726
1.05312
1.08284
1.1141
1.14419
1.17042
1.19006
1.20046
1.19928
1.1849
1.15668
1.11584
1.06564
1.01162
0.96123
0.922182
0.90015
0.897117
0.911206
0.938218
0.972965
1.0104
1.04653
1.07875
1.10574
1.12699
1.14205
1.15026
1.15113
1.14514
1.13408
1.12081
1.10817
1.09792
1.09046
1.08518
1.08095
1.07652
1.0708
1.06285
1.05201
1.03804
1.02111
1.00202
0.982383
0.964599
0.951425
0.945376
0.948073
0.959795
0.979162
1.00356
1.02985
1.05508
1.07708
1.09464
1.10735
1.1153
1.11883
1.11842
1.11469
1.1084
1.10017
1.09052
1.07976
1.06828
1.05681
1.04632
1.03801
1.0329
1.03164
1.03462
1.04202
1.05365
1.06862
1.08551
1.10254
1.11817
1.13135
1.14175
1.14924
1.15331
1.15278
1.14625
1.13291
1.11331
1.08973
1.06582
1.04546
1.03162
1.02549
1.02642
1.03236
1.04044
1.04777
1.05225
1.05324
1.05151
1.04896
1.04762
1.04876
1.0525
1.0578
1.06309
1.06678
1.06796
1.06672
1.06387
1.06044
1.05727
1.05457
1.05193
1.04875
1.04444
1.03873
1.03196
1.02488
1.01866
1.01451
1.01341
1.01603
1.02246
1.03202
1.04325
1.05412
1.06252
1.06685
1.06641
1.0617
1.05437
1.0467
1.04094
1.03878
1.04111
1.04804
1.05918
1.07381
1.09093
1.10917
1.12682
1.14202
1.15309
1.15884
1.15883
1.15329
1.14304
1.12934
1.11387
1.09862
1.08569
1.0768
1.0727
1.07289
1.07553
1.0781
1.07834
1.07476
1.06687
1.05494
1.03989
1.02331
1.00766
0.995773
0.990045
0.991329
0.998449
1.00891
1.02018
1.03068
1.03995
1.0483
1.05633
1.06419
1.0711
1.07546
1.07566
1.07099
1.06225
1.05153
1.04148
1.03405
1.03
1.02912
1.03097
1.03512
1.04113
1.04832
1.05573
1.06252
1.06827
1.0728
1.0762
1.07864
1.0801
1.08036
1.07901
1.07569
1.07016
1.0627
1.05448
1.04737
1.04338
1.0438
1.04853
1.05592
1.06332
1.06821
1.06883
1.06468
1.05636
1.04524
1.03304
1.02137
1.01141
1.00398
0.999744
0.999527
1.00422
1.01442
1.03031
1.05111
1.0751
1.0999
1.1228
1.14105
1.15228
1.15511
1.14957
1.13743
1.12185
1.10628
1.09342
1.08495
1.08168
1.08369
1.09014
1.09912
1.10783
1.1131
1.11215
1.10319
1.08573
1.0609
1.03174
1.00335
0.982722
0.976723
0.988271
1.01386
1.04593
1.0771
1.10261
1.12007
1.12865
1.12847
1.12056
1.10688
1.09026
1.07429
1.06252
1.05764
1.06066
1.0705
1.08435
1.09855
1.10935
1.11395
1.11077
1.09986
1.08273
1.06195
1.0405
1.02128
1.00671
0.998564
0.997681
1.00394
1.01624
1.03268
1.05102
1.06916
1.08596
1.10158
1.1168
1.13173
1.14455
1.15207
1.15119
1.14038
1.12024
1.0934
1.06385
1.03596
1.01349
0.998569
0.991397
0.990251
0.992654
0.99665
1.00178
1.00908
1.01994
1.0349
1.05315
1.07277
1.09106
1.10482
1.1111
1.10852
1.09798
1.08217
1.06447
1.04783
1.0343
1.02485
1.0196
1.01831
1.02076
1.02685
1.03636
1.04857
1.06222
1.07559
1.08706
1.09555
1.10092
1.10381
1.10526
1.10595
1.10579
1.10393
1.09923
1.09113
1.0804
1.06888
1.05889
1.05228
1.05012
1.0526
1.05932
1.06952
1.08218
1.09615
1.11014
1.12277
1.13267
1.13855
1.13945
1.13466
1.12407
1.10835
1.08907
1.06864
1.05032
1.03735
1.03155
1.03235
1.03725
1.04317
1.04803
1.05113
1.05286
1.0542
1.05623
1.05969
1.06463
1.0704
1.0757
1.07903
1.07907
1.07501
1.06677
1.05486
1.0404
1.02464
1.00876
0.993642
0.979772
0.967687
0.958126
0.952188
0.951095
0.955811
0.966418
0.982059
1.00096
1.02103
1.04044
1.05791
1.07288
1.08542
1.09588
1.10454
1.11128
1.11553
1.11648
1.11354
1.10661
1.09634
1.08402
1.07161
1.06153
1.05624
1.05745
1.06552
1.0791
1.09553
1.1117
1.1247
1.13234
1.13348
1.12789
1.11632
1.10027
1.08166
1.06221
1.04308
1.02491
1.00825
0.993756
0.982306
0.974677
0.97145
0.972833
0.978557
0.987914
0.999812
1.01312
1.02699
1.0411
1.05554
1.07043
1.08562
1.10044
1.11382
1.12443
1.13098
1.13246
1.12839
1.11878
1.10427
1.08615
1.06651
1.04802
1.03343
1.0249
1.02344
1.02869
1.03929
1.05337
1.06892
1.084
1.09686
1.10613
1.111
1.11106
1.10634
1.09725
1.08453
1.0692
1.05257
1.03606
1.02106
1.00889
1.00067
0.997384
0.999512
1.00662
1.01735
1.0299
1.04274
1.05496
1.06643
1.07722
1.08742
1.0969
1.10532
1.11213
1.11669
1.11824
1.11603
1.10967
1.09914
1.08543
1.07043
1.05664
1.04648
1.04143
1.0416
1.0458
1.0523
1.05932
1.06548
1.06998
1.07231
1.07231
1.06995
1.06532
1.05893
1.05174
1.04494
1.03968
1.03665
1.03601
1.03754
1.04097
1.04592
1.05193
1.05821
1.06385
1.06793
1.06965
1.06855
1.06459
1.0584
1.05121
1.0448
1.04108
1.04177
1.04773
1.05853
1.07203
1.08492
1.09367
1.09574
1.09046
1.07905
1.06404
1.04849
1.03498
1.02521
1.02009
1.02
1.02515
1.03536
1.04984
1.06699
1.08468
1.10066
1.11295
1.1203
1.12246
1.12016
1.11482
1.10799
1.10102
1.09461
1.08882
1.08326
1.07734
1.07051
1.06271
1.05455
1.04732
1.04245
1.04102
1.04337
1.04902
1.05689
1.06553
1.07326
1.07831
1.07896
1.07403
1.06352
1.04878
1.03223
1.01669
1.00457
0.997201
0.995334
0.999533
1.00999
1.02633
1.04709
1.06962
1.09072
1.10728
1.11698
1.11883
1.11329
1.10217
1.08807
1.07372
1.06137
1.05229
1.04682
1.04464
1.04508
1.04735
1.05056
1.05385
1.05625
1.05683
1.05473
1.04937
1.04068
1.02932
1.01668
1.00472
0.995733
0.991885
0.994665
1.0045
1.02067
1.04121
1.06336
1.08429
1.10165
1.11409
1.12132
1.12386
1.12281
1.11941
1.11487
1.11021
1.10626
1.10358
1.10236
1.10227
1.1023
1.10111
1.09725
1.08968
1.07802
1.06273
1.04513
1.02726
1.0114
0.999412
0.992386
0.990426
0.992742
0.998121
1.0053
1.01323
1.02089
1.02719
1.03101
1.03158
1.02902
1.02452
1.02019
1.01848
1.02122
1.02897
1.04087
1.05505
1.06921
1.08143
1.09051
1.096
1.09813
1.09744
1.0946
1.09013
1.08423
1.07684
1.06771
1.05682
1.04457
1.03201
1.02049
1.01124
1.00511
1.00264
1.00407
1.00926
1.01785
1.02921
1.04267
1.05745
1.07255
1.08691
1.09944
1.10927
1.11597
1.1197
1.12102
1.12046
1.11815
1.11346
1.10542
1.09308
1.07626
1.05618
1.03569
1.01897
1.01039
1.01301
1.0268
1.04832
1.07216
1.09333
1.10893
1.11837
1.12283
1.12431
1.12479
1.12559
1.12727
1.12953
1.13124
1.13088
1.12685
1.1181
1.10434
1.08609
1.06442
1.04063
1.01595
0.991616
0.969022
0.949896
0.93636
0.930622
0.934166
0.946817
0.966715
0.990743
1.01541
1.03768
1.05561
1.06851
1.07692
1.08206
1.08515
1.08719
1.08853
1.08909
1.08854
1.08676
1.08417
1.08158
1.07989
1.0798
1.08143
1.08431
1.08763
1.09064
1.09271
1.09327
1.09177
1.08776
1.08103
1.07191
1.06118
1.04992
1.03938
1.03084
1.02551
1.02427
1.0276
1.03538
1.04672
1.0603
1.07455
1.08801
1.09936
1.10748
1.1116
1.11131
1.10698
1.09972
1.09124
1.08322
1.07681
1.07232
1.06926
1.06694
1.0648
1.06249
1.05979
1.0564
1.05167
1.04485
1.03553
1.02427
1.01286
1.00383
0.999514
1.00105
1.00813
1.01947
1.03362
1.04949
1.06639
1.08388
1.10141
1.11818
1.13324
1.1455
1.15395
1.15766
1.15587
1.14814
1.13417
1.11389
1.08742
1.05535
1.01895
0.980437
0.943004
0.910389
0.886243
0.873114
0.871699
0.880753
0.897727
0.919662
0.943998
0.969005
0.994026
1.01918
1.04511
1.07236
1.10079
1.1293
1.15587
1.17791
1.19322
1.20053
1.19996
1.19303
1.18213
1.16988
1.1582
1.14805
1.13952
1.13205
1.12496
1.11767
1.10984
1.10117
1.09164
1.08146
1.07103
1.06087
1.05135
1.04249
1.03411
1.02587
1.01721
1.00763
0.996969
0.985778
0.975468
0.968415
0.967761
0.97666
0.997052
1.02843
1.06713
1.10696
1.14116
1.16426
1.17338
1.16831
1.15101
1.12492
1.09398
1.06187
1.0316
1.0054
0.984798
0.970572
0.962933
0.961495
0.96535
1.20591
1.20883
1.20797
1.20364
1.19674
1.18846
1.18015
1.17298
1.16777
1.16486
1.16417
1.16536
1.16797
1.17174
1.17625
1.18081
1.18437
1.1859
1.18488
1.18133
1.17582
1.16907
1.16151
1.15306
1.14343
1.13252
1.12101
1.11037
1.10235
1.09795
1.09679
1.09743
1.09858
1.10043
1.10499
1.11509
1.13267
1.15754
1.18734
1.21857
1.2476
1.27137
1.28759
1.29496
1.29329
1.28351
1.26753
1.24789
1.22719
1.20744
1.18962
1.17372
1.15885
1.14414
1.1293
1.11491
1.10255
1.09434
1.09229
1.09747
1.10926
1.12545
1.1429
1.15893
1.17221
1.18282
1.19168
1.19972
1.20744
1.21465
1.22077
1.22547
1.22883
1.23152
1.2345
1.23916
1.24676
1.25788
1.27186
1.28664
1.29939
1.30756
1.30977
1.30602
1.29738
1.2851
1.27034
1.25425
1.23845
1.22457
1.21354
1.20505
1.19795
1.191
1.18345
1.17524
1.16672
1.15852
1.1512
1.14523
1.14043
1.13591
1.13002
1.12105
1.10792
1.09087
1.07165
1.05329
1.03934
1.03314
1.03691
1.05122
1.07481
1.10501
1.13855
1.1722
1.20344
1.23048
1.25206
1.26747
1.27635
1.27877
1.27509
1.26606
1.25282
1.23676
1.21977
1.20414
1.19243
1.18706
1.18944
1.19958
1.21567
1.23452
1.25229
1.26529
1.27072
1.26717
1.25476
1.23479
1.20948
1.18141
1.15322
1.12747
1.10655
1.09236
1.08592
1.08714
1.09509
1.10868
1.12691
1.14907
1.17443
1.20198
1.23026
1.25776
1.28319
1.30537
1.32305
1.33486
1.33917
1.33446
1.31964
1.29439
1.25959
1.21766
1.17266
1.12988
1.09448
1.0697
1.05589
1.05086
1.05149
1.05548
1.06183
1.07033
1.08083
1.09273
1.1051
1.11698
1.12754
1.13624
1.14294
1.14821
1.15329
1.15985
1.1691
1.18154
1.19678
1.21371
1.23073
1.24608
1.25842
1.26699
1.27179
1.2732
1.27155
1.26706
1.25999
1.25095
1.24071
1.22982
1.21823
1.20536
1.19081
1.17512
1.16004
1.1483
1.14279
1.14526
1.15558
1.1716
1.19011
1.2079
1.22258
1.2325
1.23656
1.23411
1.22517
1.21078
1.1932
1.17561
1.16148
1.15339
1.15225
1.15722
1.16646
1.17816
1.19106
1.20441
1.21742
1.22878
1.23688
1.2406
1.23976
1.23522
1.22845
1.221
1.21413
1.20844
1.20389
1.19987
1.19562
1.1906
1.18491
1.17946
1.17599
1.17639
1.18158
1.19075
1.20153
1.21057
1.21449
1.21071
1.19832
1.17843
1.1542
1.13026
1.11177
1.10311
1.10684
1.12303
1.14959
1.18284
1.21841
1.25193
1.27961
1.2987
1.30786
1.30711
1.29763
1.2816
1.26173
1.24093
1.22167
1.20541
1.19247
1.18218
1.17362
1.16619
1.15993
1.15546
1.15352
1.1544
1.15764
1.1622
1.16678
1.17051
1.17349
1.17683
1.18208
1.19054
1.20238
1.21644
1.23034
1.24111
1.24596
1.2429
1.23132
1.21225
1.1883
1.16308
1.14025
1.1225
1.11102
1.10535
1.10396
1.10487
1.10627
1.10674
1.10556
1.10288
1.09951
1.0965
1.09489
1.09525
1.09746
1.10064
1.10312
1.10256
1.0969
1.08543
1.0701
1.05604
1.05034
1.05885
1.08312
1.12019
1.16491
1.21221
1.25774
1.29801
1.33039
1.35331
1.3662
1.36942
1.36421
1.35243
1.33645
1.31885
1.30197
1.2874
1.27568
1.26615
1.25727
1.24726
1.23474
1.21923
1.20142
1.18312
1.167
1.15605
1.15277
1.15849
1.17288
1.19401
1.21875
1.24323
1.26331
1.27529
1.27649
1.26574
1.24367
1.21271
1.17649
1.1392
1.10481
1.07678
1.05766
1.04894
1.05079
1.06211
1.08073
1.10387
1.12846
1.15134
1.16968
1.18172
1.18732
1.1879
1.18607
1.18493
1.18732
1.19498
1.20809
1.22511
1.24307
1.25855
1.26834
1.27018
1.26304
1.24686
1.22267
1.19245
1.15905
1.12594
1.09676
1.0748
1.06224
1.05974
1.06662
1.08141
1.10234
1.12758
1.15534
1.18357
1.20992
1.2318
1.24701
1.25418
1.25304
1.24467
1.23109
1.2151
1.19985
1.18828
1.18252
1.18353
1.19088
1.20297
1.21729
1.23096
1.24124
1.246
1.24432
1.23659
1.22438
1.2097
1.19427
1.17922
1.16538
1.1534
1.14384
1.13699
1.13275
1.1308
1.13069
1.13197
1.1342
1.13711
1.14069
1.1451
1.15033
1.15576
1.16006
1.16158
1.15896
1.15181
1.14099
1.12835
1.11618
1.10645
1.10032
1.09798
1.09911
1.10362
1.11153
1.1225
1.13572
1.1502
1.16523
1.18017
1.19431
1.2071
1.21871
1.23017
1.24296
1.25813
1.27566
1.29447
1.31274
1.32813
1.33812
1.34027
1.33295
1.31574
1.2901
1.25887
1.22604
1.19567
1.17137
1.15555
1.1491
1.1514
1.16042
1.17348
1.18763
1.20022
1.20909
1.21271
1.21021
1.20165
1.18829
1.17252
1.15733
1.14537
1.13798
1.13494
1.13491
1.13656
1.13949
1.14412
1.15115
1.16052
1.17126
1.18186
1.19108
1.19807
1.20218
1.2027
1.19927
1.19206
1.18183
1.16965
1.1566
1.1434
1.13081
1.11992
1.11255
1.11091
1.11652
1.12957
1.1489
1.17251
1.19826
1.22407
1.24802
1.26837
1.28367
1.29309
1.29661
1.29475
1.28816
1.27733
1.26272
1.24532
1.22721
1.21165
1.20199
1.19992
1.20424
1.21128
1.2164
1.216
1.2087
1.19555
1.17935
1.1636
1.15155
1.14533
1.14567
1.15175
1.16129
1.17096
1.17722
1.17741
1.17052
1.15731
1.14008
1.12212
1.10686
1.09756
1.09672
1.10564
1.12421
1.15079
1.18235
1.21487
1.24421
1.26687
1.28062
1.28469
1.27973
1.26749
1.25028
1.2306
1.21082
1.1929
1.17829
1.1679
1.16204
1.16034
1.16193
1.16566
1.17041
1.17551
1.18063
1.18584
1.19146
1.19789
1.20562
1.21507
1.22606
1.23756
1.24796
1.25553
1.25906
1.25801
1.25252
1.24297
1.23018
1.21553
1.20092
1.18802
1.17743
1.1687
1.16081
1.15306
1.14538
1.13801
1.13117
1.12491
1.11945
1.11536
1.11334
1.11387
1.11695
1.12218
1.12907
1.13771
1.14894
1.16407
1.18396
1.20804
1.23374
1.25713
1.27413
1.28154
1.27769
1.26253
1.23729
1.20441
1.16751
1.1319
1.10425
1.09062
1.09321
1.10923
1.13281
1.15814
1.18135
1.20051
1.21496
1.22467
1.22984
1.23064
1.22725
1.22007
1.20999
1.19871
1.18841
1.18133
1.17902
1.18225
1.191
1.2045
1.22119
1.23883
1.25531
1.26909
1.27952
1.28636
1.2893
1.2877
1.28073
1.26807
1.24976
1.22654
1.19973
1.17127
1.1434
1.11822
1.09725
1.08128
1.07051
1.06499
1.06482
1.0699
1.07956
1.09253
1.10717
1.12182
1.13523
1.14675
1.15637
1.16451
1.17186
1.17901
1.18596
1.19202
1.19609
1.19705
1.19439
1.18833
1.17986
1.17065
1.16281
1.15864
1.1604
1.16992
1.18782
1.21284
1.24159
1.26905
1.29011
1.30092
1.30001
1.28839
1.26894
1.2453
1.22086
1.19814
1.17871
1.1637
1.15411
1.15086
1.1544
1.1642
1.17858
1.19494
1.21038
1.22251
1.23007
1.23363
1.2355
1.23923
1.24809
1.26321
1.28281
1.30295
1.31916
1.32769
1.32612
1.31334
1.28947
1.25582
1.21509
1.17123
1.12957
1.0963
1.07733
1.07604
1.09124
1.11724
1.14646
1.17251
1.192
1.20439
1.21093
1.21345
1.21351
1.21205
1.20947
1.20574
1.20053
1.19309
1.18222
1.16668
1.14568
1.11979
1.09144
1.06461
1.04391
1.03301
1.03345
1.04434
1.0632
1.08683
1.11239
1.13781
1.16165
1.1831
1.20176
1.21762
1.23093
1.24184
1.24981
1.25389
1.25291
1.24611
1.23382
1.21795
1.20146
1.18777
1.17963
1.17843
1.18412
1.19531
1.21022
1.22695
1.24378
1.25918
1.27188
1.28081
1.28512
1.2844
1.27858
1.26768
1.25175
1.23125
1.20755
1.18263
1.15868
1.13734
1.11962
1.10612
1.09741
1.09419
1.0972
1.10685
1.12293
1.14445
1.16971
1.19626
1.22094
1.23986
1.24907
1.24566
1.22911
1.20215
1.17039
1.14049
1.11778
1.10477
1.10127
1.1054
1.11466
1.12653
1.13884
1.14991
1.15859
1.16436
1.16767
1.1697
1.17226
1.17738
1.18662
1.20035
1.21733
1.23493
1.24987
1.25923
1.26138
1.25643
1.24606
1.23255
1.21795
1.2037
1.19081
1.18066
1.17486
1.17497
1.18171
1.19451
1.21156
1.23019
1.2475
1.26089
1.26853
1.26972
1.2647
1.2541
1.23824
1.21723
1.19165
1.16347
1.13647
1.11563
1.10515
1.10627
1.11658
1.13175
1.14782
1.16249
1.17496
1.18498
1.19232
1.19637
1.19657
1.1927
1.18501
1.17442
1.16257
1.15153
1.14331
1.13926
1.13956
1.14331
1.14879
1.15406
1.15731
1.15719
1.15291
1.14428
1.13196
1.11791
1.10548
1.09872
1.10111
1.11446
1.13794
1.16825
1.20076
1.23089
1.25527
1.27215
1.28145
1.28432
1.28254
1.27831
1.27365
1.26992
1.26755
1.26593
1.26356
1.2585
1.24905
1.23448
1.21509
1.19222
1.16807
1.14535
1.12678
1.11465
1.11014
1.11292
1.12141
1.13339
1.14668
1.1596
1.17126
1.18123
1.18942
1.19589
1.2007
1.20376
1.20512
1.20494
1.20341
1.20054
1.19623
1.19046
1.18377
1.1772
1.1719
1.16833
1.16619
1.16475
1.16328
1.16146
1.15921
1.15652
1.15391
1.15296
1.15599
1.16462
1.1784
1.19512
1.21219
1.2275
1.23982
1.24859
1.25376
1.25581
1.25545
1.25332
1.24987
1.24544
1.24043
1.23515
1.2294
1.22223
1.21229
1.19896
1.18325
1.16811
1.15726
1.15332
1.1567
1.16555
1.17717
1.18926
1.20042
1.20972
1.21657
1.22064
1.22182
1.22035
1.21658
1.21084
1.20331
1.19395
1.18227
1.16774
1.14998
1.12953
1.10818
1.08888
1.07493
1.06899
1.18011
1.11625
1.01182
0.948956
1.0356
1.24263
1.44877
1.58468
1.64109
1.63182
1.5877
1.54754
1.53079
1.5426
1.57277
1.58514
1.55309
1.47703
1.37359
1.27522
1.22512
1.23881
1.28166
1.30723
1.29644
1.26085
1.22644
1.21304
1.2243
1.25233
1.28417
1.30528
1.30385
1.27482
1.22149
1.1552
1.0927
1.04953
1.03229
1.0367
1.05295
1.07247
1.09087
1.10771
1.12509
1.1464
1.17462
1.21036
1.25027
1.28802
1.31751
1.33611
1.34501
1.34743
1.34715
1.34747
1.35068
1.3576
1.36745
1.37823
1.38747
1.39277
1.39235
1.38541
1.37238
1.3546
1.33394
1.31219
1.29069
1.27073
1.25367
1.24133
1.23584
1.23898
1.25102
1.26982
1.29118
1.31047
1.32402
1.32965
1.32673
1.31618
1.3001
1.28077
1.25992
1.23878
1.21894
1.20281
1.19334
1.19285
1.20228
1.22109
1.2476
1.2793
1.31288
1.34445
1.37017
1.38673
1.39195
1.38499
1.36632
1.33767
1.30184
1.26264
1.22465
1.19247
1.16999
1.15969
1.16237
1.17685
1.20003
1.22733
1.25354
1.27359
1.28347
1.2807
1.26476
1.23735
1.20212
1.16407
1.1289
1.10198
1.08716
1.08607
1.09775
1.11929
1.14685
1.17672
1.20589
1.2321
1.2538
1.27032
1.28212
1.29086
1.29879
1.30795
1.31949
1.33337
1.34857
1.36364
1.37732
1.38878
1.3978
1.40453
1.40895
1.4106
1.40844
1.40101
1.3873
1.36754
1.3434
1.31713
1.29081
1.26616
1.24476
1.22832
1.21815
1.21444
1.21594
1.22043
1.22576
1.23084
1.23583
1.24167
1.24924
1.25842
1.2679
1.27557
1.27958
1.27901
1.27398
1.2656
1.25533
1.24456
1.23441
1.22549
1.21789
1.21142
1.2061
1.20238
1.20167
1.2056
1.21521
1.2303
1.24926
1.26958
1.28859
1.30406
1.31472
1.32034
1.32142
1.31893
1.31432
1.30948
1.30654
1.30708
1.31156
1.31891
1.32677
1.33188
1.33113
1.32251
1.30577
1.2824
1.25512
1.22732
1.20232
1.18228
1.1681
1.15961
1.15604
1.15658
1.16042
1.16701
1.17609
1.18752
1.20128
1.21709
1.23425
1.25161
1.26808
1.28288
1.2959
1.3074
1.31752
1.32584
1.33157
1.33421
1.33451
1.33462
1.33727
1.34409
1.35398
1.36345
1.36831
1.36548
1.35357
1.33291
1.30547
1.27486
1.24597
1.22402
1.21315
1.2151
1.22864
1.25023
1.27488
1.29746
1.31342
1.31936
1.31344
1.29545
1.26675
1.2301
1.18953
1.15006
1.11697
1.09476
1.08622
1.09194
1.11037
1.13838
1.17195
1.20701
1.24016
1.26914
1.29279
1.31077
1.32318
1.33032
1.33294
1.33213
1.32924
1.32555
1.32172
1.31779
1.31333
1.3078
1.30101
1.29341
1.28591
1.27964
1.27518
1.27272
1.27233
1.27405
1.2778
1.28316
1.28926
1.29493
1.29886
1.29983
1.29686
1.28951
1.27814
1.26366
1.24737
1.23056
1.21507
1.20328
1.19746
1.19904
1.20833
1.22468
1.24681
1.27301
1.30143
1.32998
1.35623
1.37746
1.39098
1.39461
1.38707
1.36841
1.34027
1.30575
1.26885
1.23351
1.20317
1.18043
1.16693
1.16317
1.1685
1.18116
1.19863
1.21794
1.23637
1.25192
1.26325
1.26968
1.27097
1.26752
1.26078
1.25308
1.24714
1.24523
1.24857
1.25709
1.26959
1.28397
1.29788
1.30917
1.31629
1.3186
1.31646
1.31112
1.30454
1.29892
1.29633
1.29835
1.30564
1.31742
1.33142
1.34473
1.35486
1.36072
1.36278
1.36246
1.36147
1.36069
1.35981
1.35722
1.35058
1.3377
1.31748
1.29032
1.25836
1.22492
1.19403
1.16966
1.1549
1.1512
1.15787
1.17211
1.18995
1.20724
1.22044
1.2273
1.22698
1.21997
1.20787
1.19295
1.17776
1.16488
1.1567
1.15518
1.16161
1.17635
1.1982
1.22458
1.25187
1.276
1.29312
1.30043
1.29641
1.28103
1.25562
1.22258
1.18541
1.14859
1.11751
1.098
1.09533
1.11233
1.14782
1.19651
1.25118
1.30547
1.35515
1.39801
1.43244
1.45648
1.46777
1.46438
1.44581
1.41377
1.37226
1.3271
1.28492
1.25169
1.23133
1.22516
1.23188
1.24794
1.26852
1.28851
1.30357
1.31121
1.31127
1.30576
1.29772
1.28972
1.28259
1.27513
1.2652
1.25115
1.23304
1.21293
1.19442
1.18153
1.17742
1.18366
1.19999
1.22463
1.25476
1.28699
1.31765
1.34317
1.36033
1.36698
1.36233
1.34728
1.32416
1.29623
1.26665
1.2377
1.21145
1.19012
1.17601
1.17043
1.17299
1.18166
1.19369
1.20665
1.21929
1.23154
1.24404
1.25759
1.27278
1.28999
1.30913
1.3294
1.34901
1.36493
1.37348
1.37119
1.35569
1.32692
1.28771
1.24344
1.20124
1.16797
1.14889
1.14666
1.16121
1.18995
1.22813
1.26971
1.30892
1.34136
1.36447
1.37742
1.38079
1.37607
1.36519
1.34987
1.33156
1.31152
1.29134
1.27325
1.25984
1.25329
1.25452
1.2629
1.27632
1.29162
1.30518
1.31392
1.31562
1.30941
1.29569
1.27603
1.25302
1.22984
1.20944
1.19382
1.18331
1.17658
1.17137
1.16598
1.16039
1.1565
1.1569
1.16352
1.17703
1.19691
1.22173
1.24934
1.27699
1.30188
1.32189
1.33641
1.34635
1.35332
1.35864
1.36268
1.36468
1.36337
1.35766
1.34717
1.33224
1.31396
1.29429
1.27616
1.26289
1.2567
1.25746
1.2625
1.26756
1.26847
1.2627
1.24998
1.23238
1.21348
1.19747
1.18792
1.18676
1.19427
1.20917
1.22924
1.2515
1.27258
1.28914
1.29811
1.29719
1.28525
1.26262
1.23144
1.19586
1.162
1.13686
1.12669
1.13453
1.15894
1.19481
1.23547
1.27498
1.30938
1.33699
1.35804
1.37381
1.38571
1.39472
1.40105
1.40441
1.40421
1.39976
1.39025
1.37532
1.35532
1.33187
1.30743
1.28455
1.2648
1.2483
1.23382
1.21952
1.20386
1.18639
1.16829
1.15207
1.14096
1.13777
1.14387
1.15874
1.18019
1.20497
1.22951
1.25056
1.26537
1.27167
1.26762
1.25202
1.22499
1.18942
1.15221
1.12301
1.10947
1.11277
1.12834
1.15065
1.17588
1.20193
1.22766
1.2522
1.27448
1.29342
1.30823
1.31896
1.32659
1.33293
1.33975
1.34796
1.35717
1.36581
1.37193
1.37374
1.36992
1.35958
1.34271
1.32023
1.29395
1.26662
1.24151
1.22191
1.21028
1.20713
1.21044
1.2159
1.21857
1.21483
1.20393
1.18821
1.17237
1.16175
1.16039
1.16998
1.18985
1.21758
1.24977
1.28269
1.31269
1.33668
1.3526
1.35968
1.35858
1.35126
1.3404
1.32885
1.31874
1.31078
1.30418
1.29713
1.28805
1.27694
1.26619
1.25992
1.26162
1.27153
1.28587
1.2988
1.30487
1.30088
1.28669
1.26565
1.24404
1.22871
1.2244
1.23224
1.25012
1.27402
1.29926
1.32161
1.33808
1.3473
1.34905
1.34357
1.33113
1.31185
1.28597
1.2543
1.21883
1.18273
1.1503
1.12624
1.11477
1.11832
1.1366
1.1665
1.20297
1.24033
1.27357
1.29894
1.3141
1.31789
1.31037
1.29289
1.26801
1.23932
1.21098
1.18707
1.17104
1.16518
1.17053
1.18677
1.21214
1.2433
1.27595
1.3056
1.3285
1.34227
1.34605
1.34049
1.32725
1.30875
1.28804
1.26844
1.25305
1.24407
1.2424
1.24784
1.25939
1.27552
1.29404
1.31233
1.32787
1.33846
1.34294
1.34136
1.3347
1.32413
1.31067
1.29495
1.27779
1.26056
1.24504
1.23281
1.22466
1.22035
1.21893
1.21919
1.22043
1.22287
1.22754
1.23533
1.24592
1.25743
1.26719
1.2732
1.2753
1.27528
1.27581
1.27877
1.28396
1.28919
1.29144
1.28826
1.27845
1.26212
1.24067
1.21664
1.19354
1.17518
1.1649
1.16459
1.17445
1.19321
1.21859
1.24763
1.277
1.30337
1.32407
1.33746
1.34307
1.34144
1.3337
1.3212
1.30562
1.2889
1.27307
1.25946
1.2482
1.23888
1.23186
1.2288
1.23121
1.23903
1.25083
1.265
1.2797
1.2925
1.30077
1.30293
1.29885
1.28992
1.2784
1.26684
1.25755
1.25229
1.25203
1.25703
1.26656
1.27893
1.29159
1.30155
1.30622
1.30436
1.29668
1.28548
1.27372
1.2639
1.25787
1.25706
1.26208
1.27168
1.28264
1.29091
1.29336
1.28922
1.28045
1.27096
1.26472
1.26392
1.26815
1.27537
1.28339
1.29076
1.29679
1.30117
1.30372
1.30397
1.3009
1.29319
1.28005
1.2621
1.24197
1.22414
1.21323
1.2113
1.21661
1.2253
1.23378
1.23993
1.24299
1.24341
1.24251
1.24203
1.24354
1.24763
1.25347
1.25914
1.26235
1.2615
1.25612
1.24702
1.23572
1.22404
1.21378
1.20658
1.20353
1.20492
1.21043
1.21922
1.23016
1.24219
1.25427
1.2656
1.27542
1.28334
1.28919
1.29293
1.29429
1.2924
1.28635
1.27573
1.26134
1.24533
1.23034
1.21835
1.20978
1.20355
1.19764
1.19031
1.18138
1.1731
1.16983
1.176
1.19387
1.2224
1.25808
1.29679
1.33485
1.36925
1.3976
1.41786
1.42856
1.42859
1.41724
1.39431
1.3605
1.31754
1.26848
1.21746
1.16927
1.12875
1.10024
1.08725
1.09203
1.11488
1.15317
1.20112
1.25111
1.29579
1.33002
1.35183
1.36213
1.36343
1.35841
1.34903
1.33642
1.32113
1.30352
1.28412
1.26387
1.24393
1.22571
1.21049
1.19909
1.19209
1.19017
1.19434
1.20568
1.22492
1.25197
1.28525
1.32158
1.35644
1.38497
1.4032
1.40908
1.40276
1.38602
1.36165
1.33283
1.30266
1.27392
1.24866
1.22787
1.21156
1.19894
1.1891
1.18148
1.17565
1.17118
1.16761
1.16469
1.16283
1.16307
1.16695
1.17599
1.19106
1.21166
1.23594
1.26117
1.2846
1.30403
1.31828
1.32699
1.33046
1.32955
1.32547
1.31969
1.3137
1.30899
1.30664
1.30697
1.30935
1.31209
1.3131
1.31073
1.19516
1.18955
1.18389
1.17834
1.17228
1.16482
1.15526
1.14386
1.13207
1.12228
1.11695
1.11774
1.12482
1.13672
1.15068
1.16349
1.17254
1.17654
1.17604
1.17307
1.17024
1.16949
1.17159
1.17649
1.1841
1.19495
1.21004
1.23017
1.25505
1.28257
1.30882
1.32892
1.33847
1.33545
1.3213
1.30064
1.27932
1.26164
1.24884
1.23993
1.23359
1.22929
1.22695
1.22656
1.22751
1.22869
1.22885
1.22703
1.22282
1.2163
1.20789
1.19809
1.18728
1.17614
1.16589
1.15839
1.1554
1.15734
1.16288
1.16934
1.17404
1.17544
1.17366
1.17006
1.16638
1.164
1.16356
1.16482
1.1672
1.17004
1.17343
1.17833
1.18625
1.1989
1.21725
1.24098
1.26787
1.294
1.31447
1.32459
1.32102
1.30278
1.2714
1.23051
1.18514
1.14091
1.10334
1.07685
1.06411
1.06554
1.0796
1.10346
1.13336
1.1648
1.19312
1.21442
1.22665
1.23006
1.22674
1.21971
1.21203
1.20632
1.20428
1.20623
1.21104
1.21623
1.21883
1.21651
1.2086
1.19624
1.1822
1.17013
1.16334
1.16369
1.1711
1.18378
1.19928
1.2156
1.23181
1.24769
1.26304
1.2771
1.28836
1.29481
1.29448
1.2859
1.26866
1.24361
1.2129
1.17993
1.14876
1.12357
1.10791
1.10394
1.11198
1.13026
1.15525
1.18226
1.20636
1.22336
1.23076
1.22847
1.21881
1.20609
1.19558
1.1919
1.19755
1.21202
1.23195
1.25233
1.26809
1.27542
1.27224
1.25832
1.23484
1.20392
1.16833
1.13122
1.0962
1.06716
1.04783
1.04116
1.04862
1.06979
1.1023
1.14218
1.18467
1.22511
1.25955
1.28505
1.29981
1.30351
1.29741
1.28422
1.26748
1.25071
1.23646
1.22581
1.21834
1.2127
1.20752
1.20191
1.19563
1.18898
1.18261
1.17737
1.17413
1.17352
1.17584
1.18096
1.18844
1.19761
1.20774
1.21808
1.22798
1.23671
1.24327
1.24609
1.24325
1.23309
1.21502
1.19043
1.16283
1.13731
1.1193
1.11312
1.12035
1.13928
1.16605
1.19636
1.22656
1.25376
1.27563
1.29072
1.29898
1.3018
1.30078
1.29643
1.28835
1.27618
1.26085
1.24473
1.23056
1.21993
1.21264
1.20684
1.20014
1.19065
1.17763
1.16182
1.14568
1.13281
1.12691
1.13035
1.14314
1.16294
1.18603
1.20859
1.22777
1.24226
1.252
1.25767
1.26024
1.26045
1.25839
1.25358
1.24535
1.23327
1.21773
1.20004
1.18235
1.16737
1.15758
1.15469
1.1592
1.17062
1.18773
1.20888
1.23205
1.25461
1.27345
1.28526
1.28763
1.27981
1.26284
1.23902
1.21081
1.18041
1.14979
1.12107
1.09684
1.07982
1.07233
1.07546
1.08866
1.10995
1.13661
1.16572
1.1947
1.22135
1.24357
1.2595
1.26762
1.26715
1.25849
1.24337
1.22491
1.20694
1.19312
1.18584
1.18571
1.19171
1.20199
1.21477
1.22876
1.24294
1.25606
1.26679
1.27393
1.27674
1.27488
1.26813
1.25642
1.23995
1.2194
1.19625
1.17302
1.15299
1.13926
1.1336
1.1358
1.14403
1.15576
1.16892
1.18224
1.19543
1.20842
1.22062
1.23027
1.23451
1.23058
1.2173
1.19602
1.17045
1.1455
1.12592
1.11541
1.11624
1.12916
1.15373
1.18869
1.23177
1.27944
1.32661
1.36727
1.39585
1.40864
1.40429
1.38412
1.35168
1.31255
1.27302
1.23822
1.21071
1.19035
1.17523
1.1628
1.15059
1.13717
1.12296
1.11019
1.10187
1.1005
1.10754
1.12344
1.14762
1.17816
1.21182
1.24459
1.27257
1.29282
1.30417
1.30716
1.30302
1.29239
1.27502
1.25084
1.22106
1.18873
1.15773
1.13179
1.1134
1.10334
1.10065
1.10323
1.10879
1.11545
1.12227
1.12897
1.13575
1.14284
1.15033
1.15801
1.16557
1.17276
1.17946
1.18572
1.19177
1.19789
1.20436
1.21124
1.21815
1.22412
1.22793
1.22853
1.2256
1.21964
1.21193
1.20394
1.1971
1.19236
1.1902
1.19081
1.19423
1.20041
1.20912
1.21995
1.23222
1.24501
1.25725
1.26755
1.27415
1.27531
1.27003
1.25853
1.24229
1.22368
1.20522
1.18909
1.17697
1.16973
1.16744
1.16942
1.17455
1.18183
1.19061
1.2004
1.21022
1.21805
1.22194
1.22117
1.21676
1.211
1.20614
1.20347
1.20301
1.20369
1.20421
1.20369
1.20233
1.20139
1.20257
1.2071
1.21508
1.22546
1.23654
1.24624
1.25214
1.25221
1.24618
1.23663
1.22832
1.2253
1.22823
1.23395
1.23815
1.23804
1.23312
1.22441
1.2133
1.20083
1.18746
1.1735
1.15929
1.14552
1.13328
1.12401
1.11949
1.1216
1.13183
1.15056
1.17691
1.20876
1.24346
1.2785
1.31176
1.34142
1.36552
1.38176
1.38782
1.38183
1.36277
1.33082
1.2877
1.23669
1.18231
1.1301
1.08579
1.05435
1.03926
1.04188
1.06118
1.09382
1.13483
1.17836
1.21858
1.25061
1.27139
1.28011
1.2781
1.26827
1.25426
1.23949
1.22631
1.21573
1.20797
1.20308
1.20126
1.20264
1.20676
1.21254
1.21892
1.22492
1.22972
1.23225
1.23128
1.22566
1.21478
1.19901
1.17983
1.15979
1.14199
1.12948
1.12431
1.12683
1.13571
1.14881
1.16439
1.18154
1.19978
1.21838
1.23629
1.25244
1.26606
1.27696
1.28553
1.29231
1.29774
1.3021
1.30552
1.30789
1.30898
1.3083
1.30481
1.29707
1.28352
1.26303
1.23549
1.20223
1.16608
1.13095
1.10103
1.07979
1.06881
1.06746
1.07334
1.0835
1.09574
1.10902
1.12324
1.13846
1.15428
1.16959
1.18273
1.1919
1.19589
1.19444
1.18838
1.17948
1.17044
1.16484
1.16637
1.17752
1.19815
1.22507
1.25329
1.2777
1.29464
1.30259
1.30199
1.2946
1.2827
1.269
1.25648
1.24813
1.24627
1.25177
1.26357
1.27924
1.29554
1.30944
1.31842
1.32054
1.31452
1.30012
1.27834
1.2511
1.2208
1.18997
1.16087
1.13532
1.11477
1.10012
1.09135
1.08785
1.08875
1.0932
1.10034
1.10936
1.11934
1.12925
1.13841
1.14672
1.15479
1.16368
1.1745
1.18793
1.20375
1.22104
1.23831
1.25385
1.26614
1.27398
1.27649
1.27298
1.26318
1.24717
1.22568
1.19983
1.17116
1.142
1.11568
1.09655
1.08909
1.09633
1.11859
1.15334
1.19603
1.24153
1.28517
1.32326
1.35309
1.37287
1.38163
1.37938
1.3671
1.34668
1.32042
1.29056
1.25911
1.22776
1.19803
1.17115
1.14805
1.12933
1.11554
1.10753
1.10619
1.11185
1.12343
1.13814
1.1525
1.16361
1.17034
1.17346
1.17519
1.17812
1.18411
1.19349
1.20514
1.21721
1.22816
1.23696
1.24327
1.24735
1.25009
1.25275
1.25643
1.26128
1.26659
1.27095
1.27294
1.27131
1.26535
1.25486
1.24047
1.22367
1.20643
1.1909
1.17899
1.17203
1.17054
1.17415
1.18176
1.19171
1.20228
1.21203
1.21975
1.22416
1.22357
1.21652
1.20255
1.18303
1.16071
1.13872
1.11928
1.10303
1.08954
1.07813
1.0687
1.06215
1.06012
1.0646
1.07739
1.0992
1.12921
1.16527
1.20448
1.24385
1.28084
1.31315
1.33885
1.35604
1.36305
1.35888
1.34351
1.31821
1.28565
1.25019
1.21778
1.19475
1.18525
1.18882
1.20086
1.21512
1.2261
1.22989
1.22422
1.20875
1.18554
1.15911
1.13542
1.12003
1.1159
1.12289
1.13835
1.1588
1.18116
1.20333
1.22394
1.24204
1.2569
1.26812
1.27576
1.2804
1.28285
1.28362
1.28256
1.27865
1.27046
1.25682
1.23741
1.21313
1.18607
1.15948
1.13731
1.1236
1.12158
1.1324
1.15451
1.18334
1.21254
1.23605
1.25008
1.25385
1.24904
1.23837
1.22425
1.20805
1.19054
1.17289
1.15709
1.14583
1.14196
1.14762
1.1633
1.18718
1.21541
1.24314
1.26605
1.28136
1.28828
1.28759
1.2812
1.27142
1.26037
1.24954
1.23943
1.22962
1.21902
1.20662
1.19199
1.17592
1.16015
1.14703
1.13853
1.1356
1.13779
1.14369
1.1518
1.16121
1.1717
1.18351
1.19661
1.21002
1.22209
1.23078
1.23419
1.23097
1.22073
1.20439
1.18401
1.16218
1.14144
1.12402
1.11195
1.10685
1.10977
1.12072
1.13829
1.16011
1.18338
1.20576
1.22592
1.24344
1.25849
1.27133
1.28211
1.29081
1.29732
1.30144
1.30279
1.30063
1.294
1.28229
1.26566
1.24525
1.2231
1.20181
1.18379
1.1707
1.16285
1.15947
1.15944
1.16189
1.16653
1.17347
1.18291
1.19472
1.20803
1.22115
1.23185
1.23789
1.23762
1.23028
1.21631
1.19743
1.17643
1.1567
1.14143
1.1328
1.1314
1.13624
1.14531
1.15639
1.16787
1.17922
1.19075
1.20286
1.21552
1.22801
1.2392
1.248
1.25373
1.25621
1.25563
1.25209
1.24549
1.2359
1.22405
1.21142
1.19995
1.19162
1.18829
1.19129
1.20112
1.21689
1.2363
1.25619
1.27301
1.28389
1.28724
1.28277
1.27114
1.25338
1.2307
1.20444
1.17636
1.14865
1.1237
1.1035
1.0895
1.0828
1.08441
1.0951
1.11479
1.14207
1.17408
1.207
1.23694
1.26095
1.27758
1.28694
1.29036
1.28958
1.28597
1.28004
1.27164
1.26051
1.24714
1.23283
1.21958
1.20923
1.20286
1.20023
1.19978
1.19909
1.19566
1.18771
1.17474
1.15801
1.1406
1.12626
1.11818
1.11747
1.12273
1.13079
1.13816
1.14237
1.14239
1.13898
1.13456
1.13259
1.13627
1.14705
1.16429
1.18594
1.2094
1.23216
1.25254
1.26982
1.28355
1.29315
1.29798
1.29758
1.2922
1.28291
1.27141
1.25891
1.24566
1.23126
1.21561
1.19967
1.18594
1.17821
1.18033
1.1943
1.21876
1.24904
1.2788
1.30198
1.31424
1.31309
1.29784
1.26962
1.23134
1.1878
1.1453
1.11044
1.08843
1.0819
1.09059
1.11192
1.14165
1.17456
1.20535
1.22984
1.24557
1.25201
1.25014
1.19228
1.18185
1.17093
1.16087
1.15226
1.14493
1.13831
1.13192
1.12589
1.12083
1.11773
1.11763
1.12157
1.13026
1.14401
1.16256
1.1849
1.2093
1.2333
1.25403
1.2688
1.2756
1.27382
1.26469
1.25097
1.23645
1.22512
1.22012
1.22273
1.23194
1.24491
1.25819
1.26874
1.27424
1.2732
1.26503
1.24996
1.22922
1.20496
1.17999
1.15717
1.13877
1.1259
1.11837
1.11481
1.11308
1.11091
1.10664
1.09966
1.09063
1.08114
1.07318
1.06845
1.06791
1.07157
1.07887
1.08906
1.10161
1.11617
1.13252
1.15009
1.16765
1.18343
1.19552
1.20221
1.20234
1.1955
1.18218
1.16363
1.14185
1.11939
1.09932
1.08515
1.08031
1.08746
1.10756
1.13935
1.17954
1.22341
1.26598
1.30262
1.32951
1.34421
1.34577
1.33457
1.31184
1.27926
1.23888
1.19343
1.14691
1.10449
1.07225
1.05566
1.05765
1.07742
1.11033
1.14939
1.18742
1.21878
1.24037
1.25171
1.25413
1.24999
1.24161
1.23072
1.21798
1.20327
1.18621
1.16664
1.1448
1.12162
1.0987
1.07833
1.06297
1.05507
1.05642
1.06761
1.08791
1.11522
1.14652
1.17827
1.20701
1.22982
1.24465
1.2503
1.24653
1.23381
1.21353
1.1879
1.15977
1.13231
1.10862
1.09131
1.0821
1.08164
1.08966
1.10533
1.12717
1.15308
1.1805
1.20691
1.23005
1.24815
1.25992
1.26462
1.2624
1.25451
1.24326
1.23171
1.22285
1.21876
1.22027
1.22711
1.23806
1.25122
1.2643
1.27498
1.28124
1.28189
1.27662
1.26592
1.25067
1.23174
1.20977
1.18529
1.1589
1.13144
1.10409
1.07815
1.05489
1.0355
1.02096
1.01208
1.00929
1.01249
1.02084
1.03273
1.04605
1.05886
1.0698
1.07833
1.08477
1.08992
1.09474
1.10008
1.10666
1.11509
1.12589
1.13931
1.15524
1.17302
1.1914
1.20889
1.22407
1.23591
1.24385
1.24759
1.24669
1.24076
1.22973
1.21443
1.19664
1.17885
1.16363
1.1528
1.14706
1.14598
1.14842
1.15305
1.15872
1.16458
1.17021
1.17533
1.17992
1.18422
1.18896
1.19545
1.20523
1.21935
1.2376
1.25809
1.27754
1.29223
1.29888
1.29558
1.28235
1.26114
1.23548
1.20934
1.18583
1.1664
1.15083
1.13795
1.12632
1.11473
1.10266
1.09046
1.07942
1.07163
1.06981
1.07658
1.09346
1.12002
1.15357
1.18999
1.22482
1.25447
1.27659
1.29013
1.29495
1.29129
1.27953
1.26027
1.23466
1.20451
1.17245
1.14143
1.11408
1.09209
1.07633
1.06711
1.06443
1.06825
1.07816
1.09322
1.11191
1.13235
1.15274
1.17149
1.18721
1.19875
1.20537
1.20706
1.20488
1.20116
1.19896
1.20111
1.2092
1.22315
1.24131
1.26103
1.27903
1.29179
1.29621
1.29022
1.27327
1.24688
1.21437
1.18021
1.14873
1.12284
1.10373
1.09099
1.08346
1.07999
1.08003
1.08379
1.09201
1.10555
1.12508
1.15064
1.18112
1.21432
1.24692
1.27496
1.29475
1.30345
1.29991
1.28498
1.2613
1.2327
1.2034
1.1774
1.15786
1.14682
1.14482
1.15111
1.16385
1.1805
1.19814
1.21383
1.22524
1.23102
1.23109
1.22642
1.2185
1.20896
1.19911
1.18963
1.18088
1.173
1.16625
1.16087
1.15677
1.15334
1.14952
1.14417
1.13665
1.1271
1.11636
1.10572
1.09642
1.0893
1.08479
1.08287
1.08333
1.08582
1.09009
1.09606
1.10382
1.11346
1.12481
1.13712
1.14913
1.15933
1.16642
1.16991
1.17057
1.17026
1.17097
1.17358
1.17784
1.18316
1.18945
1.19707
1.20611
1.21561
1.22353
1.2272
1.22431
1.21369
1.19558
1.17173
1.14509
1.11938
1.09834
1.085
1.08108
1.08691
1.10178
1.12445
1.15355
1.18738
1.22354
1.25913
1.29107
1.31682
1.33469
1.34395
1.34476
1.33802
1.32514
1.30801
1.28855
1.26829
1.24824
1.22898
1.21095
1.19464
1.18052
1.16887
1.15975
1.15284
1.14762
1.1434
1.13923
1.13378
1.12543
1.11312
1.09709
1.07934
1.06355
1.05384
1.05337
1.0633
1.08241
1.10792
1.13639
1.16452
1.18958
1.20965
1.22335
1.22983
1.22863
1.21967
1.20345
1.18104
1.15443
1.12671
1.10169
1.08316
1.07398
1.07526
1.0863
1.10494
1.12809
1.15263
1.17585
1.19579
1.21106
1.22075
1.22437
1.22201
1.21461
1.20409
1.1932
1.18488
1.18122
1.18256
1.18754
1.19366
1.1985
1.20047
1.19928
1.19568
1.19112
1.18693
1.18354
1.18022
1.17589
1.17075
1.16688
1.1665
1.16949
1.17384
1.17811
1.18271
1.18908
1.1981
1.20965
1.2226
1.23532
1.24607
1.25322
1.25538
1.25134
1.24032
1.22252
1.19939
1.17376
1.14954
1.13074
1.12028
1.1189
1.12493
1.13509
1.14596
1.1551
1.16173
1.16633
1.17
1.17333
1.17608
1.17697
1.17433
1.16688
1.15443
1.13819
1.12034
1.1036
1.09091
1.0852
1.08882
1.10284
1.12633
1.15595
1.18663
1.21298
1.23055
1.23676
1.23118
1.21566
1.19386
1.17014
1.14793
1.12872
1.11289
1.10143
1.09715
1.10413
1.1254
1.1607
1.20581
1.2543
1.2998
1.33735
1.36393
1.37796
1.37931
1.36874
1.34806
1.31986
1.2874
1.25404
1.22311
1.19765
1.17997
1.17138
1.1716
1.17854
1.1887
1.19793
1.20254
1.19979
1.18857
1.16959
1.14541
1.11975
1.09624
1.07745
1.06461
1.05791
1.05681
1.06033
1.06734
1.07691
1.08808
1.09987
1.11122
1.12103
1.12835
1.13266
1.13405
1.13345
1.13249
1.13303
1.13663
1.14384
1.15393
1.16516
1.17572
1.18455
1.19181
1.19867
1.20624
1.2148
1.22349
1.2308
1.23499
1.23462
1.22901
1.21834
1.20364
1.1865
1.16861
1.15111
1.13428
1.11771
1.10086
1.08364
1.06683
1.05215
1.04201
1.03894
1.04482
1.06039
1.08504
1.11707
1.15401
1.19312
1.23142
1.26575
1.29283
1.30969
1.31413
1.30512
1.2831
1.25009
1.20989
1.16782
1.12976
1.10098
1.08512
1.08334
1.09441
1.11542
1.14243
1.17158
1.19965
1.22454
1.24517
1.26113
1.2724
1.27903
1.28089
1.27754
1.26818
1.2519
1.22788
1.196
1.15747
1.1153
1.0745
1.04131
1.02169
1.01904
1.03292
1.05959
1.09379
1.1301
1.16395
1.19198
1.21229
1.22431
1.22884
1.2275
1.22214
1.2147
1.20666
1.19883
1.19099
1.18218
1.1714
1.15855
1.14479
1.1323
1.12368
1.12092
1.12444
1.13288
1.14385
1.15478
1.16379
1.16975
1.17221
1.17112
1.16721
1.16228
1.15917
1.16092
1.1697
1.18568
1.20681
1.22945
1.24966
1.26424
1.27122
1.26989
1.26071
1.24517
1.22569
1.20519
1.18664
1.1726
1.16489
1.16415
1.1697
1.17962
1.19165
1.20381
1.21481
1.22366
1.22989
1.23357
1.23503
1.23452
1.23137
1.22401
1.21081
1.1909
1.1648
1.13419
1.10182
1.07096
1.04533
1.02857
1.02328
1.02988
1.04634
1.06863
1.09222
1.11341
1.12989
1.14103
1.14771
1.15179
1.15547
1.16039
1.16736
1.17614
1.1857
1.19467
1.20179
1.20632
1.20831
1.20876
1.20932
1.21196
1.2183
1.2292
1.24431
1.26214
1.28026
1.29595
1.30676
1.31104
1.30826
1.29868
1.28328
1.26337
1.24018
1.21485
1.18854
1.16287
1.14004
1.12263
1.11273
1.111
1.11594
1.12433
1.13238
1.13716
1.13711
1.13228
1.12382
1.11378
1.10463
1.09885
1.09835
1.10413
1.11599
1.13278
1.15275
1.17382
1.19373
1.2103
1.22181
1.22711
1.22592
1.21886
1.20728
1.1931
1.17837
1.16492
1.15398
1.14593
1.14061
1.13775
1.13724
1.13912
1.14338
1.14966
1.15722
1.16505
1.1723
1.1784
1.1832
1.18682
1.18948
1.19123
1.1919
1.1911
1.1886
1.1846
1.17977
1.17496
1.17066
1.16697
1.16368
1.16077
1.1586
1.158
1.15968
1.16405
1.17085
1.17942
1.18887
1.1982
1.20639
1.21249
1.21576
1.21576
1.21255
1.20671
1.19903
1.19022
1.18094
1.17162
1.16273
1.15473
1.14799
1.14263
1.13856
1.13553
1.13328
1.1316
1.1305
1.13012
1.13046
1.13102
1.13082
1.12884
1.1248
1.11982
1.1163
1.11682
1.12306
1.13541
1.15348
1.17676
1.20496
1.2378
1.27418
1.31205
1.34846
1.37988
1.40283
1.4145
1.41347
1.40025
1.37697
1.34673
1.31276
1.27756
1.24278
1.20951
1.17855
1.15074
1.12693
1.10773
1.09309
1.08215
1.07359
1.06627
1.05994
1.05546
1.0544
1.05811
1.06653
1.07826
1.09094
1.10197
1.10927
1.11162
1.10891
1.1021
1.093
1.08436
1.07944
1.08154
1.093
1.11425
1.14376
1.17882
1.21655
1.25405
1.28839
1.31675
1.33649
1.34551
1.34266
1.32814
1.30364
1.27243
1.23897
1.20792
1.18298
1.16573
1.15572
1.15123
1.15007
1.15007
1.14892
1.14451
1.13524
1.12042
1.10064
1.07772
1.0546
1.03531
1.02435
1.02529
1.03875
1.0618
1.08943
1.11707
1.14211
1.16387
1.18285
1.19987
1.21567
1.23049
1.24418
1.25635
1.26636
1.27374
1.27846
1.28123
1.28322
1.2856
1.28904
1.29328
1.29721
1.29944
1.29851
1.2932
1.28269
1.26665
1.2454
1.21983
1.1915
1.16266
1.13579
1.11334
1.09734
1.08894
1.08811
1.09327
1.10166
1.10979
1.11449
1.11372
1.10692
1.09506
1.08008
1.06437
1.05045
1.0409
1.03814
1.04396
1.05856
1.07987
1.10398
1.12649
1.14429
1.15614
1.16272
1.16586
1.16763
1.16974
1.17308
1.17787
1.18386
1.19082
1.1985
1.20666
1.21514
1.22356
1.23154
1.2386
1.24429
1.24823
1.25035
1.25091
1.25039
1.24888
1.24593
1.24076
1.23292
1.22289
1.21227
1.20314
1.19716
1.19476
1.19507
1.19643
1.19731
1.19695
1.19558
1.19403
1.19942
1.20029
1.20249
1.20494
1.20573
1.20285
1.19492
1.18169
1.16423
1.1449
1.12725
1.11591
1.11536
1.12767
1.15044
1.17694
1.19901
1.21041
1.20876
1.19553
1.17505
1.15303
1.13493
1.12443
1.12236
1.12697
1.13515
1.14383
1.151
1.156
1.15944
1.16285
1.16832
1.17753
1.19076
1.20663
1.2223
1.23483
1.24215
1.2439
1.24119
1.23581
1.22948
1.2236
1.2191
1.2166
1.21616
1.21699
1.21762
1.21621
1.21134
1.20269
1.19125
1.17906
1.16849
1.16171
1.16018
1.16416
1.17268
1.18377
1.19514
1.20482
1.21171
1.21532
1.2158
1.21357
1.20926
1.20352
1.19668
1.18861
1.17871
1.16638
1.15146
1.13471
1.11819
1.10497
1.09814
1.09937
1.10827
1.12308
1.14202
1.16416
1.18914
1.21602
1.2427
1.26606
1.28325
1.29248
1.29324
1.286
1.27184
1.25231
1.22938
1.20546
1.18323
1.16518
1.15299
1.14732
1.1479
1.1541
1.16514
1.1803
1.19853
1.21836
1.23776
1.25458
1.2673
1.27556
1.27986
1.2805
1.27666
1.26645
1.24787
1.22032
1.18522
1.14595
1.10691
1.07244
1.046
1.02954
1.02351
1.02701
1.03833
1.05538
1.07586
1.09724
1.11705
1.13328
1.145
1.15264
1.15771
1.16217
1.16783
1.17585
1.18649
1.19916
1.21269
1.22539
1.23534
1.24049
1.23897
1.2295
1.21221
1.18881
1.16261
1.13787
1.11869
1.108
1.1068
1.11412
1.12738
1.14324
1.1585
1.17093
1.17955
1.18451
1.18648
1.18598
1.18317
1.17809
1.1713
1.16427
1.1593
1.15892
1.16505
1.17833
1.19793
1.22165
1.24658
1.26959
1.28778
1.29874
1.30093
1.29422
1.28002
1.26125
1.24157
1.22439
1.21175
1.20394
1.19977
1.1975
1.19548
1.19237
1.18713
1.17876
1.16667
1.15108
1.13333
1.11583
1.10141
1.09201
1.0879
1.08788
1.0903
1.09431
1.10026
1.10923
1.12219
1.13923
1.15918
1.17994
1.199
1.21393
1.22264
1.22367
1.21649
1.20188
1.1819
1.15927
1.13665
1.11569
1.09736
1.08292
1.07447
1.07455
1.08506
1.10593
1.13458
1.1666
1.19743
1.22401
1.24525
1.26156
1.27382
1.28279
1.28842
1.29001
1.28662
1.27742
1.26228
1.24218
1.2193
1.1966
1.17711
1.16302
1.15499
1.15185
1.15126
1.15076
1.14896
1.14584
1.14251
1.14067
1.14207
1.14781
1.15809
1.17207
1.18833
1.20531
1.22183
1.23721
1.25096
1.26212
1.26909
1.2698
1.26232
1.24566
1.22033
1.18827
1.15286
1.1184
1.08921
1.06887
1.05945
1.06129
1.07312
1.09239
1.11572
1.13948
1.16044
1.17622
1.18547
1.18794
1.18443
1.17662
1.16672
1.15698
1.14875
1.14203
1.13612
1.13068
1.126
1.12282
1.12183
1.12366
1.12886
1.13802
1.15178
1.17039
1.19332
1.21891
1.24444
1.26663
1.28216
1.28866
1.28535
1.2734
1.25579
1.23644
1.21885
1.20493
1.19511
1.18933
1.188
1.19194
1.20163
1.21629
1.23373
1.25068
1.26387
1.27049
1.26906
1.25957
1.24381
1.22486
1.20621
1.19037
1.17812
1.16862
1.16014
1.15108
1.14054
1.12858
1.11626
1.10535
1.09785
1.09544
1.09886
1.1075
1.11943
1.13202
1.1432
1.15212
1.15896
1.16396
1.1668
1.16671
1.16312
1.15651
1.14862
1.14177
1.13819
1.13918
1.14474
1.15349
1.16332
1.17203
1.17819
1.18159
1.18304
1.18403
1.18601
1.18984
1.1954
1.20183
1.20789
1.21284
1.21676
1.22056
1.22526
1.23109
1.23725
1.24193
1.24314
1.23902
1.22858
1.21182
1.19005
1.16566
1.14177
1.12156
1.10771
1.102
1.1051
1.11661
1.13521
1.15884
1.1848
1.21006
1.2318
1.24781
1.25685
1.25859
1.25358
1.24277
1.22753
1.20912
1.18885
1.16805
1.14804
1.12993
1.1148
1.10347
1.09655
1.09426
1.09646
1.10266
1.1119
1.12309
1.13505
1.14676
1.15733
1.16628
1.17363
1.17972
1.18505
1.18975
1.19348
1.19543
1.1944
1.18912
1.1787
1.16305
1.14317
1.12162
1.10244
1.09058
1.09042
1.10351
1.12761
1.15792
1.18948
1.21879
1.24386
1.26344
1.27704
1.28525
1.28959
1.29166
1.29232
1.29159
1.28934
1.28607
1.28323
1.28243
1.28444
1.28851
1.29235
1.29289
1.28668
1.27083
1.24372
1.2056
1.15894
1.10823
1.05916
1.0175
0.988268
0.975149
0.980083
1.00295
1.04107
1.08923
1.14074
1.18923
1.23009
1.26078
1.28033
1.28848
1.28549
1.27214
1.25039
1.22341
1.19532
1.17021
1.1511
1.13927
1.13434
1.13498
1.13993
1.14836
1.15967
1.17338
1.18891
1.20557
1.22247
1.23851
1.2522
1.26165
1.26499
1.26087
1.24919
1.23135
1.21
1.18796
1.16744
1.14966
1.13511
1.12395
1.11591
1.11006
1.10468
1.09776
1.08793
1.07529
1.06192
1.0515
1.04807
1.05444
1.07108
1.09615
1.12652
1.15906
1.19111
1.22079
1.24653
1.26689
1.28059
1.28678
1.28566
1.27842
1.2675
1.25593
1.24674
1.24187
1.2415
1.24426
1.2482
1.25155
1.25315
1.25231
1.24856
1.24171
1.23211
1.22052
1.20829
1.19686
1.18743
1.18041
1.17524
1.17078
1.16574
1.15931
1.15161
1.1436
1.1366
1.13155
1.12838
1.1261
1.12346
1.11983
1.11572
1.11256
1.11228
1.11653
1.12606
1.14046
1.15837
1.17765
1.19575
1.21044
1.22064
1.22677
1.2302
1.23205
1.23242
1.23069
1.22604
1.21803
1.2065
1.19175
1.17421
1.15438
1.13288
1.11071
1.08965
1.07249
1.06237
1.0615
1.06974
1.08454
1.10232
1.1204
1.13792
1.15492
1.17082
1.18415
1.19372
1.19965
1.20336
1.20654
1.21034
1.21469
1.21852
1.22038
1.2192
1.21465
1.20751
1.1995
1.19297
1.19018
1.19275
1.20125
1.21516
1.23299
1.25261
1.27167
1.28775
1.29848
1.30196
1.297
1.28328
1.26179
1.23495
1.20629
1.17945
1.15676
1.13873
1.125
1.11548
1.11053
1.1105
1.11516
1.12361
1.13461
1.14698
1.15962
1.17137
1.18074
1.18604
1.18564
1.17835
1.16362
1.14181
1.11442
1.08433
1.05582
1.03414
1.02409
1.02833
1.04631
1.07479
1.10934
1.14558
1.17988
1.20972
1.23373
1.25168
1.26433
1.27272
1.27773
1.27943
1.27718
1.26984
1.25653
1.23717
1.21294
1.18611
1.15977
1.13726
1.12171
1.11527
1.11859
1.13047
1.14785
1.16665
1.18285
1.19363
1.19805
1.19741
1.19445
1.19205
1.19147
1.19189
1.19128
1.18767
1.18026
1.16977
1.15822
1.14855
1.14388
1.14652
1.15734
1.17547
1.19879
1.22457
1.24946
1.27
1.28332
1.28817
1.28558
1.27825
1.26943
1.26142
1.25481
1.24846
1.24047
1.22927
1.21409
1.19537
1.17449
1.15326
1.1335
1.11632
1.102
1.08999
1.07926
1.06887
1.05848
1.04847
1.03962
1.03276
1.02843
1.02754
1.03165
1.04261
1.06187
1.08954
1.12438
1.16421
1.20647
1.24847
1.28744
1.32068
1.34568
1.3605
1.36409
1.3565
1.33875
1.31287
1.28202
1.24991
1.2203
1.19629
1.17943
1.16952
1.165
1.16371
1.16362
1.16324
1.16169
1.15855
1.15378
1.14758
1.14025
1.13201
1.12299
1.11331
1.10314
1.09278
1.08299
1.0747
1.06892
1.06653
1.0682
1.07431
1.08471
1.09866
1.11462
1.13034
1.14368
1.15342
1.15972
1.16395
1.16807
1.17387
1.1824
1.19359
1.20657
1.22001
1.23272
1.24395
1.25338
1.26096
1.26663
1.27003
1.27041
1.26684
1.25855
1.24531
1.22749
1.20608
1.18258
1.15874
1.13621
1.11634
1.10034
1.0897
1.08585
1.08889
1.09664
1.10538
1.1119
1.11497
1.11569
1.11659
1.12042
1.12867
1.14099
1.15583
1.1718
1.18832
1.20516
1.22156
1.23568
1.24522
1.24841
1.24518
1.23741
1.22832
1.22136
1.21901
1.22232
1.23059
1.24187
1.25353
1.26293
1.26798
1.26764
1.26184
1.25155
1.23853
1.22503
1.2133
1.20484
1.19988
1.1972
1.19484
1.19114
1.18579
1.18017
1.17638
1.17555
1.17692
1.17809
1.17627
1.16965
1.15814
1.14344
1.12841
1.11619
1.10913
1.10775
1.11051
1.11458
1.1174
1.11751
1.11496
1.11093
1.10703
1.1048
1.10518
1.10823
1.11331
1.11946
1.12613
1.13379
1.14406
1.15929
1.18122
1.20964
1.24189
1.2736
1.30039
1.31914
1.32858
1.32899
1.32164
1.3081
1.28993
1.26859
1.24547
1.22207
1.19996
1.1806
1.16499
1.15367
1.14668
1.14374
1.14412
1.14651
1.14913
1.15014
1.14804
1.14199
1.13186
1.11836
1.10281
1.08686
1.07219
1.0604
1.05288
1.05072
1.05459
1.06478
1.08111
1.10286
1.12872
1.15676
1.18478
1.21069
1.23309
1.25126
1.26513
1.27496
1.28103
1.2834
1.28217
1.27762
1.27053
1.26206
1.25339
1.24559
1.23949
1.23578
1.23478
1.23582
1.23692
1.23514
1.22792
1.21425
1.19556
1.17495
1.15558
1.13911
1.12533
1.11338
1.10335
1.09664
1.09551
1.10188
1.11659
1.1389
1.16652
1.19606
1.22354
1.24536
1.25862
1.26169
1.25424
1.2372
1.21288
1.18475
1.15682
1.13308
1.11669
1.10919
1.11033
1.11832
1.13057
1.14442
1.15753
1.16826
1.17581
1.18023
1.18211
1.18243
1.18208
1.18148
1.18059
1.1789
1.17578
1.17093
1.16448
1.15698
1.14915
1.14165
1.13488
1.12903
1.1241
1.11998
1.11659
1.11399
1.11266
1.11363
1.11837
1.12844
1.14508
1.16843
1.19722
1.22879
1.25974
1.28681
1.30766
1.3211
1.32706
1.326
1.31846
1.30491
1.28593
1.26248
1.23593
1.20795
1.18017
1.15419
1.13154
1.1136
1.10135
1.09501
1.09412
1.09781
1.10495
1.11441
1.12503
1.13552
1.14436
1.15018
1.15215
1.15013
