-6.65046
-6.64754
-6.62974
-6.61937
-6.60933
-6.59929
-6.59314
-6.58957
-6.5873
-6.58567
-6.58276
-6.58179
-6.58049
-6.57888
-6.57953
-6.57986
-6.57954
-6.57792
-6.57857
-6.57857
-6.57663
-6.5763
-6.57922
-6.58019
-6.57986
-6.57824
-6.57792
-6.57889
-6.58115
-6.58245
-6.58407
-6.58342
-6.58342
-6.58213
-6.58051
-6.58051
-6.58083
-6.58148
-6.58051
-6.57986
-6.58083
-6.58083
-6.58245
-6.58537
-6.58537
-6.58569
-6.58537
-6.58537
-6.58602
-6.58666
-6.58602
-6.58342
-6.58375
-6.58245
-6.5844
-6.58569
-6.58796
-6.58504
-6.58602
-6.58634
-6.58602
-6.58764
-6.58537
-6.5844
-6.58408
-6.58634
-6.58505
-6.58375
-6.58343
-6.58213
-6.58342
-6.58181
-6.58181
-6.58278
-6.58278
-6.58148
-6.58148
-6.58083
-6.58083
-6.58245
-6.58213
-6.58213
-6.58472
-6.58246
-6.58408
-6.5844
-6.58343
-6.58375
-6.58472
-6.58278
-6.5844
-6.58376
-6.58343
-6.58117
-6.58246
-6.58214
-6.58084
-6.58343
-6.58246
-6.58473
-6.58311
-6.58278
-6.58116
-6.58084
-6.58052
-6.58052
-6.5789
-6.58019
-6.5789
-6.57922
-6.58052
-6.58181
-6.58343
-6.58343
-6.58441
-6.58344
-6.58279
-6.58603
-6.58668
-6.58635
-6.58668
-6.58603
-6.5857
-6.58732
-6.58765
-6.587
-6.5857
-6.58441
-6.58376
-6.58344
-6.58344
-6.58473
-6.58344
-6.58441
-6.58408
-6.58311
-6.58182
-6.58085
-6.57955
-6.58279
-6.58311
-6.58441
-6.58473
-6.58344
-6.58247
-6.58376
-6.58279
-6.58506
-6.58538
-6.58473
-6.58441
-6.58474
-6.58376
-6.58312
-6.58279
-6.57955
-6.57826
-6.57794
-6.57599
-6.57696
-6.57664
-6.57793
-6.57664
-6.57696
-6.57664
-6.57761
-6.57761
-6.57794
-6.57955
-6.58053
-6.57923
-6.5815
-6.58441
-6.58538
-6.58571
-6.58668
-6.58603
-6.58635
-6.58603
-6.58571
-6.58506
-6.58506
-6.58538
-6.58765
-6.58344
-6.58312
-6.5815
-6.58052
-6.58085
-6.58279
-6.58538
-6.58635
-6.58764
-6.58797
-6.587
-6.58829
-6.58603
-6.5857
-6.58441
-6.58473
-6.58376
-6.58149
-6.58376
-6.58441
-6.58409
-6.58312
-6.58409
-6.58506
-6.5857
-6.58506
-6.58408
-6.587
-6.58732
-6.58829
-6.58732
-6.5857
-6.587
-6.58764
-6.58635
-6.58505
-6.58473
-6.58311
-6.58279
-6.58473
-6.58408
-6.58473
-6.58538
-6.5857
-6.5844
-6.58278
-6.58408
-6.58343
-6.58537
-6.5844
-6.58473
-6.58699
-6.58667
-6.58602
-6.5857
-6.587
-6.58603
-6.58505
-6.58538
-6.58376
-6.58408
-6.58246
-6.58214
-6.58246
-6.58149
-6.58052
-6.58246
-6.58279
-6.58117
-6.58279
-6.58246
-6.58376
-6.58344
-6.58149
-6.58182
-6.58214
-6.58343
-6.58181
-6.58279
-6.58311
-6.58441
-6.58246
-6.58117
-6.58278
-6.58375
-6.58343
-6.58246
-6.58051
-6.58213
-6.58019
-6.57922
-6.58019
-6.58408
-6.58537
-6.58602
-6.58181
-6.57954
-6.5789
-6.57825
-6.57987
-6.57987
-6.57889
-6.57825
-6.5789
-6.57857
-6.58181
-6.58214
-6.58311
-6.58278
-6.58408
-6.58699
-6.58828
-6.58699
-6.58537
-6.58764
-6.58829
-6.58602
-6.58505
-6.58472
-6.58505
-6.58537
-6.58602
-6.58537
-6.58408
-6.58408
-6.58408
-6.5844
-6.58149
-6.58343
-6.58408
-6.58343
-6.58214
-6.58052
-6.57825
-6.58019
-6.57954
-6.58051
-6.58019
-6.58116
-6.57987
-6.58019
-6.58084
-6.58084
-6.58408
-6.58538
-6.58699
-6.58667
-6.58829
-6.58861
-6.58796
-6.58796
-6.58926
-6.59055
-6.58764
-6.58537
-6.5857
-6.5857
-6.58473
-6.58376
-6.58408
-6.58278
-6.58343
-6.58181
-6.58084
-6.58278
-6.58375
-6.58311
-6.58278
-6.58375
-6.58246
-6.58343
-6.58052
-6.58084
-6.58052
-6.58085
-6.58085
-6.58182
-6.58117
-6.58085
-6.57858
-6.57858
-6.58052
-6.58117
-6.57891
-6.57923
-6.5815
-6.58247
-6.58344
-6.58182
-6.58214
-6.58214
-6.58214
-6.58312
-6.58344
-6.58279
-6.58279
-6.58279
-6.58279
-6.58344
-6.58214
-6.58279
-6.58311
-6.58182
-6.58149
-6.58117
-6.58149
-6.58344
-6.58246
-6.58376
-6.58376
-6.58473
-6.58635
-6.58603
-6.58538
-6.58506
-6.58247
-6.58279
-6.58473
-6.5857
-6.58408
-6.58344
-6.58279
-6.58279
-6.58441
-6.58473
-6.58538
-6.58279
-6.58311
-6.58441
-6.58441
-6.58505
-6.58732
-6.58667
-6.58441
-6.58408
-6.58344
-6.58182
-6.58117
-6.57923
-6.57793
-6.5789
-6.58182
-6.58279
-6.58246
-6.58181
-6.58084
-6.58181
-6.58311
-6.58311
-6.58343
-6.58214
-6.58343
-6.58278
-6.58214
-6.58311
-6.5844
-6.58505
-6.58537
-6.58408
-6.58278
-6.58375
-6.58375
-6.58375
-6.58505
-6.5844
-6.58181
-6.58019
-6.58181
-6.58149
-6.58213
-6.58116
-6.58311
-6.58473
-6.58505
-6.58473
-6.5844
-6.58311
-6.58181
-6.58246
-6.58472
-6.58311
-6.58116
-6.58181
-6.57922
-6.5776
-6.57728
-6.5789
-6.57955
-6.5789
-6.57663
-6.57663
-6.57501
-6.57275
-6.57501
-6.57566
-6.57955
-6.57923
-6.58052
-6.5802
-6.58344
-6.58473
-6.58635
-6.587
-6.58538
-6.58538
-6.58538
-6.5857
-6.58408
-6.58505
-6.58441
-6.5857
-6.58473
-6.58602
-6.5857
-6.58473
-6.58279
-6.58214
-6.58052
-6.58085
-6.57858
-6.57988
-6.58149
-6.58246
-6.58084
-6.5802
-6.58052
-6.5802
-6.58214
-6.58408
-6.58279
-6.58376
-6.58279
-6.58246
-6.58182
-6.58279
-6.58376
-6.58214
-6.58214
-6.58117
-6.5815
-6.58182
-6.58085
-6.58311
-6.58344
-6.58344
-6.58376
-6.58538
-6.58765
-6.587
-6.58733
-6.58798
-6.58668
-6.58442
-6.58506
-6.58344
-6.58053
-6.58021
-6.5815
-6.5828
-6.58312
-6.5828
-6.58215
-6.58247
-6.58182
-6.58215
-6.58085
-6.58053
-6.57988
-6.57923
-6.57955
-6.58117
-6.58085
-6.58117
-6.57955
-6.57923
-6.5802
-6.57988
-6.57955
-6.5802
-6.58053
-6.58214
-6.58279
-6.58085
-6.57956
-6.57956
-6.57956
-6.58053
-6.58312
-6.58344
-6.5815
-6.58085
-6.57923
-6.57858
-6.57956
-6.57826
-6.57729
-6.57826
-6.57632
-6.57632
-6.576
-6.57502
-6.57664
-6.57794
-6.57762
-6.57826
-6.57956
-6.58247
-6.58086
-6.58086
-6.5815
-6.58247
-6.58247
-6.58183
-6.58085
-6.5815
-6.58215
-6.5815
-6.5828
-6.58312
-6.58733
-6.587
-6.58474
-6.58312
-6.58409
-6.58636
-6.58603
-6.58603
-6.58506
-6.58377
-6.58377
-6.58506
-6.58603
-6.58506
-6.58474
-6.5815
-6.58117
-6.5802
-6.57988
-6.57955
-6.58117
-6.58214
-6.58182
-6.58311
-6.58117
-6.58214
-6.58149
-6.58084
-6.58149
-6.57826
-6.58085
-6.58052
-6.58149
-6.58311
-6.58343
-6.58279
-6.58149
-6.58278
-6.58473
-6.5844
-6.58311
-6.58311
-6.58278
-6.58343
-6.58408
-6.58343
-6.58537
-6.58505
-6.58829
-6.58699
-6.58505
-6.58602
-6.58635
-6.58311
-6.58246
-6.5844
-6.58343
-6.58343
-6.58376
-6.5844
-6.58538
-6.58635
-6.58667
-6.58602
-6.58441
-6.58538
-6.58603
-6.58506
-6.58344
-6.58409
-6.58279
-6.58052
-6.5802
-6.57988
-6.5802
-6.5802
-6.58182
-6.58311
-6.58311
-6.58408
-6.587
-6.58829
-6.58926
-6.58894
-6.58829
-6.58764
-6.58603
-6.58667
-6.58506
-6.58603
-6.587
-6.58635
-6.58797
-6.58894
-6.58765
-6.58797
-6.58765
-6.587
-6.58667
-6.58441
-6.58473
-6.58505
-6.58343
-6.58311
-6.58441
-6.58506
-6.58441
-6.58441
-6.58376
-6.58312
-6.58344
-6.58118
-6.57956
-6.57956
-6.57794
-6.57794
-6.57697
-6.57632
-6.57826
-6.57697
-6.57794
-6.57891
-6.57956
-6.5802
-6.58118
-6.5815
-6.58182
-6.58247
-6.58215
-6.58215
-6.58247
-6.58474
-6.58377
-6.58409
-6.58506
-6.58441
-6.58474
-6.58312
-6.58312
-6.58377
-6.58344
-6.58571
-6.58798
-6.58992
-6.58733
-6.58798
-6.58538
-6.58409
-6.58312
-6.58377
-6.58409
-6.58344
-6.58182
-6.58182
-6.57923
-6.57762
-6.57859
-6.58021
-6.5815
-6.58085
-6.57988
-6.57923
-6.57859
-6.57956
-6.57988
-6.5802
-6.58182
-6.5828
-6.58085
-6.5802
-6.58021
-6.57988
-6.58021
-6.57891
-6.58118
-6.58247
-6.58377
-6.58635
-6.5883
-6.58797
-6.587
-6.58603
-6.587
-6.58506
-6.58473
-6.58441
-6.58409
-6.58506
-6.587
-6.58797
-6.587
-6.587
-6.58636
-6.58506
-6.58344
-6.58538
-6.58506
-6.58311
-6.58344
-6.58506
-6.58247
-6.58182
-6.58344
-6.58376
-6.58376
-6.58409
-6.58506
-6.58603
-6.58571
-6.58473
-6.58214
-6.58311
-6.58344
-6.58473
-6.58635
-6.58603
-6.58538
-6.58635
-6.58505
-6.58279
-6.58408
-6.58409
-6.58279
-6.58247
-6.58311
-6.58247
-6.58214
-6.58247
-6.58279
-6.58344
-6.58441
-6.58441
-6.58376
-6.5857
-6.58538
-6.5857
-6.58602
-6.58343
-6.58343
-6.58279
-6.58311
-6.58408
-6.58441
-6.58473
-6.58635
-6.58344
-6.58182
-6.58182
-6.58149
-6.58343
-6.58441
-6.58441
-6.5857
-6.58473
-6.58538
-6.58344
-6.58279
-6.58214
-6.58214
-6.58085
-6.58247
-6.58506
-6.58376
-6.58344
-6.58409
-6.58376
-6.58344
-6.58279
-6.58311
-6.58344
-6.58344
-6.58344
-6.58441
-6.58441
-6.58376
-6.58279
-6.58344
-6.58279
-6.58376
-6.58215
-6.58053
-6.5802
-6.5789
-6.5789
-6.57826
-6.5789
-6.57825
-6.57858
-6.5789
-6.57696
-6.57664
-6.57826
-6.57987
-6.58117
-6.58182
-6.57955
-6.57955
-6.58117
-6.58214
-6.58052
-6.58052
-6.57955
-6.58084
-6.57987
-6.57793
-6.57858
-6.58052
-6.58117
-6.58279
-6.58409
-6.58474
-6.58571
-6.58603
-6.58668
-6.58668
-6.587
-6.58668
-6.58376
-6.58344
-6.58182
-6.5802
-6.57988
-6.57793
-6.57955
-6.57988
-6.57923
-6.57826
-6.57729
-6.57761
-6.57697
-6.57697
-6.57697
-6.576
-6.57664
-6.57567
-6.57697
-6.57794
-6.57891
-6.57826
-6.57664
-6.57729
-6.57891
-6.57664
-6.57891
-6.5802
-6.58085
-6.58053
-6.5802
-6.5815
-6.58441
-6.58474
-6.58571
-6.58312
-6.5828
-6.58279
-6.58344
-6.58053
-6.58085
-6.58053
-6.58182
-6.58182
-6.58182
-6.58117
-6.58117
-6.5802
-6.57923
-6.57664
-6.57891
-6.57924
-6.57891
-6.57859
-6.57924
-6.58053
-6.58151
-6.58215
-6.58377
-6.5841
-6.58539
-6.58507
-6.58312
-6.5815
-6.58215
-6.58248
-6.58247
-6.58247
-6.58183
-6.5828
-6.58215
-6.58053
-6.58183
-6.58215
-6.58345
-6.58474
-6.58409
-6.58409
-6.58183
-6.58183
-6.03451
-6.03515
-6.03192
-6.029
-6.02997
-6.02932
-6.02867
-6.02867
-6.02705
-6.02834
-6.02769
-6.0264
-6.02802
-6.02575
-6.02576
-6.02349
-6.02382
-6.0235
-6.02382
-6.02447
-6.02415
-6.02285
-6.02188
-6.02123
-6.02188
-6.02155
-6.02026
-6.02252
-6.02381
-6.02414
-6.0264
-6.02543
-6.02737
-6.02673
-6.02738
-6.02835
-6.02673
-6.02803
-6.02932
-6.02964
-6.03094
-6.02932
-6.02802
-6.02672
-6.02834
-6.0277
-6.02737
-6.0277
-6.02867
-6.02673
-6.02835
-6.02803
-6.029
-6.03159
-6.03159
-6.03061
-6.02705
-6.02802
-6.02834
-6.03029
-6.03093
-6.0319
-6.03125
-6.0319
-6.02964
-6.03126
-6.03158
-6.03094
-6.02867
-6.029
-6.02867
-6.02835
-6.029
-6.02932
-6.02964
-6.02964
-6.03223
-6.03061
-6.0277
-6.02932
-6.02932
-6.02673
-6.02511
-6.02447
-6.02317
-6.02479
-6.02511
-6.02608
-6.02738
-6.02738
-6.02608
-6.02673
-6.02705
-6.0277
-6.02608
-6.02868
-6.02933
-6.02803
-6.02933
-6.02868
-6.0303
-6.029
-6.029
-6.03029
-6.02867
-6.0277
-6.02835
-6.02802
-6.02867
-6.03029
-6.02835
-6.02867
-6.03127
-6.03289
-6.03159
-6.03095
-6.03062
-6.0303
-6.0316
-6.03063
-6.03224
-6.03192
-6.03224
-6.03257
-6.03224
-6.03127
-6.03256
-6.03418
-6.03321
-6.0303
-6.02932
-6.02965
-6.02771
-6.02803
-6.02609
-6.02609
-6.02609
-6.02609
-6.02771
-6.02771
-6.02739
-6.02739
-6.02836
-6.02803
-6.02609
-6.02576
-6.02803
-6.02544
-6.02576
-6.02415
-6.02415
-6.02415
-6.02836
-6.02868
-6.0303
-6.03127
-6.03062
-6.03063
-6.03095
-6.03063
-6.03127
-6.03063
-6.0316
-6.03127
-6.03322
-6.03322
-6.03224
-6.0316
-6.02965
-6.02965
-6.02771
-6.02739
-6.02933
-6.02804
-6.02739
-6.02674
-6.02447
-6.0248
-6.0248
-6.02415
-6.0235
-6.0235
-6.02188
-6.02382
-6.02512
-6.02511
-6.02641
-6.02609
-6.02641
-6.02544
-6.02739
-6.02674
-6.02674
-6.02674
-6.02674
-6.02544
-6.02641
-6.02673
-6.02479
-6.02576
-6.0277
-6.02771
-6.02576
-6.02512
-6.02544
-6.02447
-6.02545
-6.02998
-6.02933
-6.03095
-6.03192
-6.03354
-6.03225
-6.03322
-6.03354
-6.03419
-6.03321
-6.03159
-6.03192
-6.03354
-6.03516
-6.0329
-6.03322
-6.0329
-6.02965
-6.02739
-6.02771
-6.02868
-6.02771
-6.02706
-6.02771
-6.02771
-6.02706
-6.02804
-6.02901
-6.02739
-6.02739
-6.02804
-6.02804
-6.02869
-6.02901
-6.02933
-6.02901
-6.02803
-6.02641
-6.02965
-6.02933
-6.02739
-6.02642
-6.02869
-6.03031
-6.02772
-6.02642
-6.02836
-6.02674
-6.02804
-6.02966
-6.02965
-6.0303
-6.02901
-6.0303
-6.02965
-6.03127
-6.03192
-6.02965
-6.02868
-6.02739
-6.02641
-6.02642
-6.02577
-6.02512
-6.02869
-6.02804
-6.02836
-6.02901
-6.02706
-6.02804
-6.02577
-6.02674
-6.02577
-6.0248
-6.02609
-6.02609
-6.0248
-6.02544
-6.02674
-6.02415
-6.02415
-6.02609
-6.02739
-6.0248
-6.02577
-6.02771
-6.02998
-6.03062
-6.03095
-6.0316
-6.03192
-6.03192
-6.03257
-6.0316
-6.0316
-6.03224
-6.03095
-6.03127
-6.02933
-6.02998
-6.02868
-6.02997
-6.029
-6.02965
-6.02868
-6.02803
-6.02674
-6.02771
-6.02447
-6.02479
-6.02836
-6.02577
-6.02609
-6.02674
-6.02803
-6.02739
-6.02836
-6.02901
-6.02642
-6.02868
-6.02674
-6.02641
-6.02576
-6.02512
-6.02544
-6.02609
-6.02674
-6.02674
-6.02674
-6.02642
-6.02642
-6.02739
-6.02804
-6.02804
-6.02836
-6.02901
-6.02998
-6.0316
-6.0303
-6.03063
-6.02869
-6.02966
-6.03063
-6.03322
-6.03289
-6.03224
-6.0316
-6.03224
-6.03095
-6.03063
-6.02966
-6.02901
-6.02836
-6.02771
-6.02609
-6.02544
-6.02836
-6.03095
-6.0303
-6.02836
-6.02609
-6.02447
-6.02609
-6.02674
-6.02609
-6.02707
-6.02739
-6.02739
-6.02772
-6.02901
-6.02869
-6.0316
-6.03193
-6.03257
-6.03128
-6.02998
-6.02933
-6.02836
-6.02869
-6.02609
-6.02642
-6.02609
-6.02674
-6.02577
-6.02448
-6.0248
-6.0248
-6.02415
-6.02512
-6.02577
-6.02512
-6.02512
-6.02577
-6.02577
-6.02674
-6.02609
-6.02739
-6.02739
-6.02739
-6.0261
-6.02674
-6.02512
-6.02415
-6.02351
-6.02383
-6.0248
-6.02545
-6.02577
-6.02642
-6.02772
-6.02869
-6.02739
-6.02707
-6.02901
-6.03063
-6.02803
-6.02771
-6.02771
-6.02674
-6.02641
-6.02739
-6.02545
-6.02448
-6.0261
-6.02869
-6.02999
-6.02934
-6.02934
-6.0274
-6.02772
-6.02805
-6.02837
-6.02837
-6.02837
-6.02934
-6.02998
-6.03095
-6.03192
-6.0303
-6.02933
-6.02707
-6.02609
-6.02739
-6.02675
-6.02675
-6.02675
-6.02481
-6.02351
-6.02449
-6.02351
-6.02383
-6.02254
-6.02448
-6.0248
-6.02447
-6.02447
-6.02447
-6.02609
-6.02642
-6.02707
-6.02772
-6.02933
-6.03095
-6.03354
-6.0329
-6.03257
-6.03063
-6.03063
-6.03095
-6.03225
-6.03095
-6.03095
-6.02933
-6.03062
-6.02997
-6.02932
-6.02835
-6.02835
-6.02543
-6.02641
-6.02447
-6.02479
-6.02836
-6.02804
-6.02674
-6.02609
-6.02609
-6.02609
-6.02609
-6.02576
-6.0277
-6.02835
-6.02543
-6.02802
-6.02673
-6.02608
-6.02803
-6.02867
-6.02868
-6.02867
-6.02738
-6.02803
-6.02803
-6.02641
-6.02577
-6.0248
-6.02674
-6.02738
-6.02803
-6.02771
-6.02803
-6.029
-6.02835
-6.02803
-6.02868
-6.02933
-6.03094
-6.02868
-6.02706
-6.02641
-6.02641
-6.02674
-6.02706
-6.02576
-6.02673
-6.02641
-6.02576
-6.02511
-6.02511
-6.02706
-6.02738
-6.02803
-6.03062
-6.02997
-6.03062
-6.03127
-6.03062
-6.03127
-6.03094
-6.03321
-6.03224
-6.03256
-6.03192
-6.02965
-6.03127
-6.03353
-6.03288
-6.03191
-6.03191
-6.03159
-6.03159
-6.03062
-6.02965
-6.02868
-6.02965
-6.03062
-6.02997
-6.02867
-6.0277
-6.02835
-6.02868
-6.02771
-6.02868
-6.02804
-6.02965
-6.02965
-6.0303
-6.03095
-6.0303
-6.02997
-6.03062
-6.0277
-6.02738
-6.02705
-6.02673
-6.02738
-6.0277
-6.02576
-6.0222
-6.02285
-6.02544
-6.0235
-6.02512
-6.02836
-6.02868
-6.02706
-6.02706
-6.02479
-6.02705
-6.02641
-6.02608
-6.02608
-6.02511
-6.02706
-6.02867
-6.029
-6.02738
-6.02511
-6.02673
-6.02868
-6.03029
-6.03224
-6.03029
-6.0277
-6.02738
-6.02738
-6.02641
-6.02511
-6.02479
-6.02576
-6.02738
-6.02576
-6.02479
-6.02576
-6.02576
-6.02641
-6.02512
-6.02609
-6.02642
-6.02642
-6.02609
-6.02577
-6.02577
-6.02577
-6.02706
-6.02706
-6.02674
-6.02901
-6.02609
-6.0261
-6.02642
-6.02545
-6.02448
-6.02513
-6.02351
-6.02318
-6.02545
-6.02512
-6.02447
-6.02544
-6.02674
-6.02706
-6.02771
-6.02738
-6.02382
-6.02382
-6.02512
-6.02803
-6.02706
-6.02868
-6.02998
-6.02901
-6.03095
-6.0303
-6.0316
-6.03095
-6.03063
-6.02836
-6.0261
-6.02545
-6.02448
-6.02545
-6.02577
-6.02415
-6.02383
-6.02577
-6.0261
-6.0274
-6.02902
-6.02869
-6.02805
-6.03031
-6.02902
-6.02934
-6.02869
-6.02966
-6.02902
-6.02999
-6.02837
-6.0261
-6.02675
-6.0274
-6.02675
-6.02772
-6.02934
-6.02772
-6.02772
-6.02642
-6.02675
-6.02772
-6.02642
-6.0248
-6.02545
-6.02513
-6.02416
-6.02383
-6.02416
-6.02545
-6.02707
-6.0261
-6.0261
-6.0261
-6.0261
-6.02642
-6.02739
-6.02739
-6.02901
-6.02836
-6.02804
-6.0303
-6.02869
-6.02674
-6.02545
-6.02578
-6.02707
-6.02934
-6.02675
-6.0261
-6.02902
-6.02902
-6.02966
-6.02837
-6.02772
-6.02805
-6.0261
-6.02545
-6.0261
-6.02578
-6.02513
-6.0248
-6.02448
-6.02383
-6.02319
-6.02286
-6.02351
-6.02189
-6.02384
-6.02513
-6.02481
-6.02513
-6.02319
-6.02448
-6.02643
-6.02546
-6.02643
-6.0261
-6.0261
-6.02772
-6.0274
-6.02837
-6.02707
-6.02837
-6.0261
-6.02772
-6.02707
-6.02513
-6.02383
-6.02319
-6.02383
-6.02286
-6.02448
-6.02707
-6.0274
-6.02546
-6.02546
-6.02611
-6.02675
-6.02675
-6.02416
-6.02578
-6.02675
-6.02675
-6.02837
-6.0274
-6.02578
-6.02642
-6.02643
-6.02513
-6.02513
-6.02449
-6.02513
-6.02578
-6.02611
-6.02837
-6.02902
-6.03032
-6.03129
-6.03128
-6.03064
-6.03128
-6.03064
-6.02934
-6.02675
-6.0261
-6.02708
-6.02708
-6.02675
-6.02707
-6.0287
-6.02999
-6.03032
-6.02837
-6.02805
-6.02708
-6.02772
-6.02675
-6.0261
-6.02869
-6.02837
-6.02869
-6.02804
-6.02934
-6.03128
-6.03225
-6.03161
-6.03031
-6.03128
-6.03096
-6.03096
-6.03193
-6.03225
-6.03031
-6.03096
-6.03128
-6.03064
-6.02999
-6.02999
-6.0316
-6.02966
-6.02707
-6.02577
-6.02448
-6.02416
-6.02416
-6.02416
-6.02384
-6.02513
-6.02578
-6.02513
-6.02416
-6.02448
-6.02546
-6.02707
-6.02643
-6.02578
-6.02513
-6.02416
-6.02351
-6.02481
-6.02545
-6.02578
-6.02416
-6.02513
-6.02578
-6.0261
-6.02804
-6.02869
-6.03031
-6.02966
-6.02966
-6.03096
-6.03096
-6.02966
-6.02998
-6.02999
-6.0316
-6.03096
-6.03128
-6.03064
-6.03064
-6.0329
-6.03096
-6.02998
-6.0303
-6.02966
-6.02933
-6.02933
-6.02933
-6.02998
-6.02998
-6.03225
-6.0329
-6.03322
-6.03257
-6.03419
-6.03225
-6.03193
-6.03063
-6.02901
-6.02998
-6.02901
-6.02836
-6.02836
-6.0303
-6.02998
-6.02934
-6.02739
-6.02772
-6.02869
-6.02642
-6.02707
-6.0261
-6.02513
-6.0261
-6.02416
-6.02351
-6.02092
-6.0206
-6.02125
-6.02254
-6.02157
-6.02027
-6.02189
-6.02221
-6.02286
-6.02351
-6.02481
-6.02513
-6.0274
-6.02643
-6.02675
-6.0274
-6.02902
-6.02902
-6.02869
-6.02837
-6.02837
-6.02869
-6.02869
-6.02902
-6.02805
-6.02805
-6.02902
-6.02902
-6.02837
-6.02837
-6.02772
-6.0261
-6.02707
-6.02675
-6.02772
-6.02869
-6.02837
-6.02869
-6.02869
-6.03063
-6.02836
-6.02707
-6.02933
-6.02901
-6.02771
-6.02739
-6.02739
-6.02771
-6.02674
-6.02674
-6.02804
-6.02998
-6.0303
-6.0303
-6.0303
-6.03127
-6.03063
-6.0316
-6.03095
-6.03128
-6.02901
-6.02998
-6.02674
-6.0248
-6.02577
-6.0248
-6.02286
-6.0235
-6.0235
-6.0235
-6.02415
-6.02383
-6.02416
-6.02675
-6.02513
-6.0261
-6.02545
-6.02578
-6.02578
-6.0248
-6.02513
-6.02513
-6.02642
-6.02642
-6.02772
-6.02739
-6.02902
-5.72015
-5.71788
-5.7182
-5.71853
-5.71691
-5.71593
-5.71528
-5.71852
-5.7182
-5.7182
-5.71723
-5.71917
-5.71917
-5.71982
-5.72144
-5.72079
-5.72403
-5.725
-5.7263
-5.72306
-5.72307
-5.72177
-5.72145
-5.72307
-5.72112
-5.7208
-5.7208
-5.71853
-5.7195
-5.7195
-5.72015
-5.72079
-5.72047
-5.71917
-5.71918
-5.71918
-5.71853
-5.71756
-5.71659
-5.71853
-5.71951
-5.71789
-5.71886
-5.71853
-5.71723
-5.71626
-5.71885
-5.71852
-5.71949
-5.71852
-5.71852
-5.71755
-5.71885
-5.72014
-5.7195
-5.72047
-5.72112
-5.72306
-5.72371
-5.72533
-5.725
-5.725
-5.72468
-5.725
-5.72241
-5.72112
-5.71885
-5.71756
-5.71691
-5.71593
-5.71593
-5.71626
-5.71367
-5.71302
-5.71464
-5.71658
-5.71982
-5.71853
-5.72079
-5.72209
-5.7195
-5.72047
-5.72079
-5.72079
-5.72015
-5.71885
-5.71918
-5.71918
-5.71691
-5.71659
-5.71626
-5.71756
-5.71788
-5.71982
-5.71918
-5.72112
-5.72079
-5.72015
-5.72015
-5.72015
-5.7195
-5.7195
-5.7208
-5.71982
-5.72047
-5.72047
-5.71982
-5.7195
-5.72047
-5.71982
-5.72047
-5.71917
-5.72015
-5.72144
-5.72112
-5.72112
-5.72079
-5.72209
-5.72015
-5.72079
-5.71917
-5.72274
-5.72274
-5.72177
-5.72015
-5.7208
-5.7208
-5.7195
-5.72047
-5.72079
-5.72112
-5.72274
-5.72209
-5.7195
-5.72112
-5.72339
-5.72242
-5.7221
-5.72178
-5.7221
-5.72049
-5.71919
-5.72049
-5.72145
-5.72048
-5.7208
-5.72112
-5.72273
-5.72274
-5.72306
-5.72404
-5.72469
-5.72275
-5.72242
-5.72016
-5.71951
-5.71757
-5.71822
-5.71919
-5.72048
-5.72048
-5.72048
-5.72242
-5.72371
-5.72371
-5.72339
-5.7221
-5.72307
-5.72048
-5.71854
-5.71919
-5.71789
-5.71757
-5.71563
-5.7153
-5.71562
-5.71433
-5.71497
-5.71303
-5.71303
-5.714
-5.71498
-5.71563
-5.71595
-5.71466
-5.71563
-5.71563
-5.71725
-5.71854
-5.71822
-5.71822
-5.7179
-5.72081
-5.72308
-5.72534
-5.72502
-5.72178
-5.71984
-5.71854
-5.71886
-5.71821
-5.71692
-5.71757
-5.71951
-5.72048
-5.72145
-5.72243
-5.72469
-5.72243
-5.71984
-5.72113
-5.72081
-5.72146
-5.72146
-5.72179
-5.71984
-5.71952
-5.71789
-5.71789
-5.71497
-5.71562
-5.71627
-5.71562
-5.7153
-5.71563
-5.71595
-5.7153
-5.71595
-5.71627
-5.71724
-5.71756
-5.71918
-5.71756
-5.71627
-5.714
-5.7153
-5.71789
-5.71821
-5.72015
-5.72047
-5.72241
-5.72144
-5.71788
-5.7182
-5.71723
-5.71756
-5.71497
-5.71529
-5.71496
-5.71496
-5.71691
-5.71561
-5.71691
-5.71691
-5.71982
-5.71917
-5.71853
-5.7195
-5.7195
-5.72047
-5.72111
-5.72111
-5.71885
-5.71982
-5.72079
-5.72208
-5.7237
-5.72435
-5.7237
-5.7237
-5.72403
-5.72306
-5.72241
-5.72112
-5.72306
-5.72403
-5.72597
-5.72694
-5.72791
-5.72791
-5.72532
-5.72111
-5.72176
-5.72435
-5.72564
-5.72662
-5.72597
-5.72467
-5.7237
-5.72338
-5.72143
-5.71949
-5.71819
-5.71787
-5.71754
-5.71722
-5.71755
-5.71917
-5.71982
-5.71917
-5.72079
-5.72014
-5.71981
-5.72046
-5.71982
-5.7182
-5.71852
-5.71723
-5.71432
-5.71302
-5.71431
-5.71593
-5.71658
-5.71625
-5.71561
-5.71755
-5.71917
-5.71722
-5.71787
-5.71723
-5.7169
-5.7169
-5.71625
-5.71723
-5.71723
-5.71787
-5.71852
-5.7182
-5.71852
-5.71917
-5.71917
-5.72079
-5.71982
-5.71885
-5.71949
-5.71852
-5.7182
-5.71788
-5.71885
-5.7195
-5.72112
-5.72209
-5.72144
-5.71982
-5.71723
-5.71788
-5.71949
-5.72176
-5.72208
-5.72208
-5.72241
-5.72241
-5.72176
-5.72306
-5.72371
-5.72436
-5.72663
-5.7263
-5.72695
-5.72598
-5.72727
-5.72436
-5.72468
-5.72403
-5.72112
-5.72112
-5.72177
-5.71951
-5.7221
-5.7221
-5.72243
-5.72243
-5.72178
-5.72081
-5.71983
-5.72112
-5.72241
-5.72144
-5.72209
-5.72113
-5.72275
-5.72437
-5.7247
-5.72534
-5.72631
-5.72599
-5.72502
-5.72501
-5.72566
-5.72566
-5.72533
-5.72533
-5.72339
-5.72436
-5.72501
-5.72436
-5.72242
-5.72048
-5.72145
-5.7208
-5.72048
-5.72048
-5.71983
-5.7195
-5.71918
-5.71724
-5.71756
-5.71788
-5.72047
-5.72048
-5.71983
-5.71854
-5.71918
-5.71886
-5.72145
-5.72113
-5.72016
-5.72113
-5.72113
-5.72113
-5.72048
-5.72016
-5.72113
-5.7208
-5.72112
-5.71918
-5.71595
-5.71757
-5.71757
-5.71919
-5.72113
-5.71951
-5.72177
-5.72274
-5.72275
-5.72372
-5.72372
-5.72405
-5.72534
-5.72696
-5.72599
-5.72502
-5.72598
-5.72631
-5.72598
-5.72437
-5.72307
-5.72145
-5.72145
-5.7221
-5.72113
-5.71984
-5.71822
-5.71887
-5.71855
-5.72114
-5.72308
-5.7247
-5.72373
-5.72373
-5.72178
-5.72146
-5.72049
-5.72114
-5.72114
-5.72114
-5.72243
-5.72211
-5.7234
-5.72308
-5.72243
-5.72049
-5.71985
-5.7179
-5.71888
-5.71952
-5.72017
-5.72212
-5.71888
-5.72082
-5.72179
-5.72147
-5.72082
-5.72017
-5.7179
-5.71887
-5.71758
-5.71726
-5.71694
-5.71629
-5.71661
-5.71661
-5.71726
-5.71758
-5.71823
-5.71855
-5.71693
-5.71628
-5.71628
-5.71887
-5.71887
-5.71952
-5.72049
-5.72082
-5.72017
-5.71952
-5.71919
-5.72113
-5.72081
-5.72081
-5.72016
-5.71919
-5.71854
-5.71887
-5.71887
-5.71725
-5.71628
-5.71693
-5.71531
-5.71758
-5.71887
-5.71887
-5.72146
-5.72211
-5.71887
-5.71855
-5.71725
-5.71693
-5.71563
-5.7179
-5.71823
-5.71661
-5.71919
-5.72049
-5.71919
-5.71984
-5.7192
-5.72017
-5.71952
-5.71952
-5.72276
-5.72373
-5.72114
-5.72082
-5.72082
-5.72147
-5.72179
-5.72082
-5.72082
-5.7205
-5.71888
-5.71758
-5.71985
-5.72049
-5.72082
-5.71855
-5.7192
-5.7192
-5.71855
-5.7192
-5.71888
-5.72082
-5.7205
-5.72017
-5.72082
-5.72212
-5.72212
-5.72147
-5.72083
-5.7205
-5.72018
-5.72083
-5.72115
-5.7218
-5.72277
-5.72179
-5.72147
-5.72082
-5.7205
-5.71921
-5.72083
-5.71953
-5.72018
-5.71888
-5.71953
-5.71791
-5.71791
-5.71824
-5.71953
-5.71824
-5.71824
-5.72018
-5.71953
-5.71953
-5.71856
-5.72017
-5.72211
-5.72406
-5.72309
-5.72147
-5.72017
-5.72017
-5.72309
-5.72341
-5.72309
-5.72309
-5.72438
-5.72373
-5.72212
-5.72115
-5.72018
-5.71824
-5.71921
-5.7205
-5.72147
-5.71985
-5.72276
-5.72147
-5.72147
-5.72147
-5.72147
-5.72082
-5.72147
-5.72244
-5.72147
-5.72018
-5.72147
-5.72147
-5.72277
-5.72244
-5.72018
-5.7205
-5.72277
-5.72374
-5.72406
-5.72503
-5.72212
-5.7205
-5.71953
-5.72115
-5.72083
-5.72083
-5.72212
-5.72147
-5.72018
-5.72115
-5.71985
-5.71888
-5.71888
-5.72017
-5.71985
-5.71953
-5.72018
-5.7205
-5.71629
-5.71727
-5.71694
-5.71856
-5.71888
-5.71856
-5.72082
-5.71953
-5.7205
-5.7205
-5.72114
-5.7205
-5.72147
-5.72212
-5.72374
-5.72439
-5.72342
-5.72212
-5.72083
-5.72244
-5.72115
-5.72277
-5.72309
-5.72147
-5.71985
-5.7205
-5.72018
-5.72212
-5.72309
-5.72341
-5.72212
-5.72309
-5.72244
-5.72147
-5.71953
-5.71985
-5.71888
-5.71921
-5.71889
-5.71954
-5.71954
-5.72018
-5.71953
-5.72083
-5.71888
-5.71726
-5.71726
-5.71759
-5.71597
-5.71564
-5.71403
-5.71694
-5.71856
-5.72115
-5.71921
-5.71824
-5.71759
-5.71856
-5.71856
-5.71629
-5.7192
-5.71791
-5.71758
-5.71726
-5.71661
-5.71758
-5.71791
-5.71823
-5.71629
-5.71661
-5.71693
-5.71758
-5.71823
-5.7192
-5.72049
-5.71984
-5.72243
-5.72308
-5.72049
-5.71919
-5.71854
-5.7179
-5.71757
-5.71499
-5.71661
-5.71628
-5.71466
-5.71596
-5.7166
-5.7179
-5.71984
-5.72016
-5.71984
-5.71919
-5.71984
-5.72016
-5.72113
-5.72405
-5.72437
-5.72534
-5.72664
-5.72858
-5.72761
-5.7234
-5.72502
-5.72631
-5.72469
-5.72145
-5.72372
-5.72275
-5.7221
-5.72016
-5.72049
-5.72049
-5.72211
-5.72114
-5.72081
-5.72211
-5.72178
-5.72308
-5.72372
-5.7247
-5.72567
-5.7247
-5.7234
-5.72243
-5.72081
-5.72049
-5.71952
-5.72081
-5.72243
-5.72081
-5.71887
-5.72016
-5.72017
-5.72017
-5.71887
-5.7179
-5.71887
-5.71887
-5.71725
-5.71595
-5.71984
-5.72016
-5.72048
-5.72178
-5.72242
-5.72405
-5.72566
-5.72631
-5.72664
-5.72243
-5.7234
-5.72178
-5.72049
-5.71984
-5.71984
-5.71887
-5.71919
-5.72081
-5.72081
-5.72243
-5.72178
-5.72145
-5.72371
-5.72371
-5.72404
-5.72339
-5.72275
-5.72405
-5.72535
-5.72438
-5.72308
-5.72243
-5.72275
-5.72146
-5.72307
-5.72405
-5.72405
-5.7234
-5.72632
-5.72599
-5.72405
-5.72016
-5.72113
-5.72113
-5.71951
-5.72016
-5.72145
-5.72048
-5.71951
-5.71886
-5.71886
-5.71789
-5.7153
-5.71498
-5.71563
-5.71596
-5.71628
-5.71596
-5.71628
-5.71628
-5.71887
-5.72081
-5.71919
-5.72081
-5.72113
-5.72178
-5.72178
-5.72146
-5.7221
-5.7221
-5.72113
-5.72146
-5.72081
-5.72016
-5.72146
-5.72243
-5.72146
-5.72243
-5.72567
-5.7234
-5.7234
-5.72243
-5.72243
-5.72307
-5.7234
-5.72534
-5.7247
-5.72308
-5.72373
-5.72437
-5.72243
-5.72243
-5.72243
-5.72081
-5.71985
-5.72114
-5.71887
-5.71467
-5.71596
-5.71693
-5.71434
-5.71596
-5.71628
-5.71725
-5.71887
-5.7179
-5.71725
-5.71855
-5.71952
-5.71758
-5.71822
-5.71855
-5.71919
-5.71919
-5.72016
-5.71822
-5.71984
-5.71984
-5.72081
-5.72243
-5.72211
-5.72049
-5.71822
-5.71855
-5.71919
-5.71887
-5.71855
-5.71726
-5.71661
-5.71823
-5.72082
-5.72308
-5.72114
-5.71952
-5.71887
-5.71855
-5.71531
-5.71596
-5.71498
-5.71531
-5.71433
-5.71531
-5.71466
-5.71693
-5.71726
-5.71628
-5.71693
-5.71693
-5.71791
-5.71823
-5.7192
-5.7205
-5.72017
-5.72115
-5.71953
-5.71889
-5.71921
-5.7205
-5.71953
-5.72018
-5.71823
-5.71694
-5.71823
-5.71661
-5.71661
-5.71629
-5.71726
-5.71888
-5.71985
-5.71985
-5.72179
-5.71985
-5.72115
-5.7192
-5.71823
-5.71694
-5.71856
-5.7205
-5.7218
-5.72212
-5.72244
-5.72277
-5.72082
-5.7205
-5.72017
-5.72049
-5.72179
-5.72082
-5.71953
-5.71954
-5.72018
-5.71986
-5.71857
-5.72051
-5.7205
-5.72115
-5.7205
-5.72147
-5.72017
-5.71985
-5.72017
-5.72147
-5.72179
-5.72082
-5.4881
-5.48746
-5.48681
-5.48843
-5.4894
-5.4894
-5.48875
-5.48616
-5.48778
-5.48875
-5.48778
-5.48842
-5.48842
-5.4881
-5.4868
-5.48648
-5.48648
-5.48584
-5.48389
-5.48292
-5.48324
-5.48389
-5.48292
-5.48357
-5.48162
-5.48421
-5.48324
-5.48259
-5.48227
-5.48227
-5.48227
-5.48389
-5.48259
-5.48
-5.48032
-5.48161
-5.48032
-5.47903
-5.48324
-5.48356
-5.48486
-5.48454
-5.48421
-5.48616
-5.4881
-5.48648
-5.48842
-5.48712
-5.48647
-5.48777
-5.48647
-5.48744
-5.4855
-5.48583
-5.48518
-5.48745
-5.48647
-5.48647
-5.48679
-5.48679
-5.48615
-5.48615
-5.48615
-5.4855
-5.48485
-5.48647
-5.48453
-5.48421
-5.48356
-5.48453
-5.48615
-5.48777
-5.48874
-5.48712
-5.48841
-5.49036
-5.48971
-5.48842
-5.48971
-5.48907
-5.48939
-5.48875
-5.48778
-5.4881
-5.48616
-5.48648
-5.4855
-5.4855
-5.4855
-5.48647
-5.48939
-5.48874
-5.48712
-5.48809
-5.48874
-5.48777
-5.48615
-5.48582
-5.48615
-5.48388
-5.48227
-5.48227
-5.48259
-5.48324
-5.48389
-5.48421
-5.48485
-5.48356
-5.48323
-5.48258
-5.48226
-5.48258
-5.48388
-5.48453
-5.48388
-5.48388
-5.48453
-5.48647
-5.48679
-5.48712
-5.48485
-5.48388
-5.48193
-5.48193
-5.47999
-5.48322
-5.4829
-5.48387
-5.48614
-5.48516
-5.48484
-5.48679
-5.48744
-5.48549
-5.48517
-5.48615
-5.48518
-5.48809
-5.48679
-5.48582
-5.48485
-5.48614
-5.48517
-5.48549
-5.48549
-5.48354
-5.48322
-5.4816
-5.48355
-5.48355
-5.48193
-5.48258
-5.48225
-5.48322
-5.48355
-5.48387
-5.48355
-5.48452
-5.48452
-5.48355
-5.48452
-5.4884
-5.48776
-5.48614
-5.48744
-5.48614
-5.48581
-5.48516
-5.48419
-5.48451
-5.48549
-5.48419
-5.48582
-5.4842
-5.48322
-5.48549
-5.48387
-5.4842
-5.48549
-5.48614
-5.48517
-5.48355
-5.48322
-5.48484
-5.48322
-5.48322
-5.48354
-5.48419
-5.48257
-5.4829
-5.48387
-5.48614
-5.48614
-5.48517
-5.48387
-5.48516
-5.48549
-5.48516
-5.48581
-5.48613
-5.48419
-5.48451
-5.48548
-5.48548
-5.48516
-5.48516
-5.48645
-5.48451
-5.48354
-5.48353
-5.48418
-5.48548
-5.48678
-5.48678
-5.48516
-5.48549
-5.48581
-5.48419
-5.48484
-5.48484
-5.48743
-5.48451
-5.48516
-5.48483
-5.48516
-5.48581
-5.48484
-5.48613
-5.48451
-5.48484
-5.48257
-5.4829
-5.48355
-5.48484
-5.48581
-5.48581
-5.48646
-5.48516
-5.48548
-5.48548
-5.48484
-5.48484
-5.4829
-5.48452
-5.48387
-5.4816
-5.48225
-5.48192
-5.48322
-5.48516
-5.48452
-5.48485
-5.4842
-5.48582
-5.48647
-5.48485
-5.48355
-5.48225
-5.48128
-5.4816
-5.4816
-5.48322
-5.4829
-5.48549
-5.4855
-5.48582
-5.48518
-5.4855
-5.48518
-5.48518
-5.48388
-5.48323
-5.48258
-5.48452
-5.48323
-5.48096
-5.48096
-5.48226
-5.4842
-5.4842
-5.48517
-5.48582
-5.48776
-5.49003
-5.49003
-5.48744
-5.48874
-5.48615
-5.48485
-5.4842
-5.48679
-5.48873
-5.48841
-5.48647
-5.4855
-5.48485
-5.48615
-5.4868
-5.48809
-5.48939
-5.48874
-5.48906
-5.49003
-5.48873
-5.48841
-5.48679
-5.48647
-5.48517
-5.48517
-5.48517
-5.48453
-5.48355
-5.48453
-5.48355
-5.4855
-5.4855
-5.48647
-5.48485
-5.48518
-5.48518
-5.48454
-5.48486
-5.48486
-5.48583
-5.48453
-5.48679
-5.4855
-5.48647
-5.48712
-5.48777
-5.48842
-5.48875
-5.48648
-5.48745
-5.48843
-5.48843
-5.48778
-5.48842
-5.49004
-5.48939
-5.48939
-5.4868
-5.48421
-5.48616
-5.48551
-5.48422
-5.48357
-5.48324
-5.48292
-5.48162
-5.48453
-5.48324
-5.48323
-5.48226
-5.48097
-5.48065
-5.4813
-5.48195
-5.48454
-5.48422
-5.48551
-5.48584
-5.48551
-5.48616
-5.48745
-5.48486
-5.48356
-5.48129
-5.48097
-5.48194
-5.48065
-5.48065
-5.48
-5.48
-5.47839
-5.47936
-5.47774
-5.47709
-5.47806
-5.48032
-5.48032
-5.48453
-5.48485
-5.48712
-5.48421
-5.4842
-5.48615
-5.48745
-5.4868
-5.4868
-5.48939
-5.48972
-5.48907
-5.48777
-5.48712
-5.48518
-5.48679
-5.48485
-5.4829
-5.48129
-5.48161
-5.48129
-5.48226
-5.48323
-5.48129
-5.48194
-5.48226
-5.48323
-5.48615
-5.48582
-5.48711
-5.48614
-5.48485
-5.48452
-5.48614
-5.48516
-5.48646
-5.48451
-5.48419
-5.48581
-5.48452
-5.48614
-5.48679
-5.48712
-5.48452
-5.48549
-5.48679
-5.48905
-5.49067
-5.4897
-5.4884
-5.48614
-5.48743
-5.48678
-5.48613
-5.48419
-5.48484
-5.48387
-5.48355
-5.48419
-5.48678
-5.48613
-5.48387
-5.48419
-5.48354
-5.48257
-5.48258
-5.48257
-5.48193
-5.48257
-5.48289
-5.48354
-5.48289
-5.48224
-5.48192
-5.48516
-5.48548
-5.48354
-5.48159
-5.4803
-5.48095
-5.4816
-5.48127
-5.48257
-5.48354
-5.48289
-5.48419
-5.48322
-5.48322
-5.48549
-5.48646
-5.48743
-5.48841
-5.491
-5.49132
-5.49132
-5.48808
-5.48549
-5.48451
-5.48386
-5.48451
-5.48678
-5.48548
-5.48483
-5.48289
-5.48548
-5.48646
-5.48581
-5.48711
-5.48581
-5.48581
-5.48452
-5.48289
-5.48063
-5.48289
-5.48386
-5.48386
-5.48613
-5.48743
-5.48646
-5.48581
-5.4858
-5.4871
-5.4871
-5.48677
-5.48483
-5.48678
-5.48581
-5.48645
-5.48419
-5.48386
-5.48516
-5.48451
-5.48354
-5.48516
-5.48418
-5.48321
-5.48289
-5.48256
-5.48418
-5.48223
-5.48126
-5.48288
-5.48321
-5.48289
-5.48257
-5.48289
-5.48451
-5.48548
-5.4871
-5.48678
-5.48483
-5.48483
-5.48451
-5.48548
-5.48354
-5.48483
-5.48321
-5.48321
-5.48418
-5.48515
-5.48742
-5.48775
-5.4884
-5.48904
-5.49098
-5.48936
-5.49065
-5.48903
-5.48839
-5.48612
-5.4845
-5.48418
-5.4871
-5.48645
-5.48775
-5.48775
-5.4858
-5.4871
-5.4858
-5.48386
-5.4845
-5.48385
-5.4832
-5.48385
-5.48515
-5.48451
-5.48516
-5.48516
-5.48645
-5.48516
-5.48516
-5.48613
-5.48516
-5.48483
-5.48872
-5.48613
-5.48645
-5.48483
-5.4858
-5.4858
-5.48871
-5.48645
-5.4871
-5.48516
-5.48516
-5.4858
-5.48645
-5.48613
-5.48775
-5.48678
-5.48613
-5.48354
-5.48581
-5.48484
-5.48613
-5.48581
-5.4871
-5.48743
-5.48613
-5.48581
-5.48678
-5.48613
-5.48678
-5.48807
-5.49034
-5.48872
-5.48581
-5.48387
-5.48289
-5.48354
-5.48419
-5.48516
-5.48484
-5.48257
-5.4829
-5.4816
-5.48322
-5.4829
-5.48322
-5.48257
-5.48451
-5.48419
-5.48225
-5.4829
-5.48096
-5.48031
-5.48064
-5.47902
-5.48129
-5.48129
-5.48226
-5.48161
-5.48225
-5.4816
-5.48322
-5.48452
-5.48646
-5.48517
-5.48549
-5.48517
-5.48582
-5.48809
-5.48841
-5.49003
-5.48809
-5.48711
-5.48711
-5.48679
-5.48549
-5.4829
-5.4816
-5.47934
-5.47934
-5.47934
-5.48258
-5.48323
-5.48517
-5.48387
-5.48355
-5.48323
-5.4829
-5.48161
-5.48355
-5.48096
-5.47966
-5.47966
-5.48193
-5.48257
-5.48096
-5.48257
-5.48452
-5.48743
-5.48613
-5.48743
-5.48775
-5.48969
-5.49002
-5.49002
-5.48937
-5.48873
-5.48905
-5.48711
-5.48841
-5.48808
-5.48711
-5.48614
-5.48452
-5.48225
-5.48193
-5.48128
-5.48096
-5.48096
-5.48161
-5.4829
-5.48484
-5.48484
-5.48484
-5.48419
-5.48484
-5.48581
-5.48646
-5.4842
-5.48582
-5.48647
-5.48549
-5.48582
-5.48743
-5.48419
-5.48581
-5.48451
-5.48775
-5.48483
-5.48516
-5.48386
-5.48516
-5.48483
-5.48645
-5.4858
-5.48483
-5.48516
-5.48419
-5.48484
-5.4858
-5.48613
-5.48483
-5.4845
-5.4858
-5.48677
-5.48904
-5.48839
-5.48839
-5.48742
-5.48677
-5.4858
-5.48224
-5.48288
-5.48191
-5.4819
-5.48352
-5.48222
-5.48254
-5.48352
-5.48385
-5.48385
-5.48159
-5.48191
-5.48191
-5.47997
-5.48159
-5.4832
-5.48353
-5.48385
-5.48256
-5.48126
-5.48191
-5.48256
-5.47997
-5.47932
-5.47932
-5.48029
-5.48028
-5.4819
-5.48125
-5.48126
-5.48288
-5.48255
-5.48385
-5.48159
-5.48127
-5.48353
-5.48353
-5.48353
-5.48353
-5.48288
-5.48288
-5.48062
-5.48288
-5.48547
-5.48612
-5.48742
-5.48483
-5.48645
-5.48742
-5.48903
-5.48741
-5.48774
-5.49001
-5.4913
-5.49098
-5.48936
-5.48807
-5.4871
-5.4858
-5.48613
-5.48742
-5.48483
-5.48677
-5.4871
-5.48645
-5.48807
-5.48483
-5.48515
-5.48515
-5.48256
-5.4803
-5.48159
-5.4803
-5.48062
-5.4803
-5.48159
-5.47997
-5.48095
-5.4803
-5.48257
-5.48257
-5.48354
-5.48257
-5.47934
-5.48095
-5.48127
-5.48321
-5.48418
-5.48353
-5.48321
-5.48289
-5.48386
-5.48224
-5.48289
-5.48257
-5.48322
-5.48257
-5.48224
-5.48224
-5.48289
-5.48353
-5.48159
-5.48191
-5.48224
-5.48386
-5.48483
-5.48386
-5.48322
-5.48224
-5.48353
-5.48483
-5.48386
-5.48483
-5.48321
-5.48094
-5.48386
-5.48547
-5.48353
-5.48418
-5.48224
-5.48256
-5.48483
-5.48451
-5.4858
-5.48483
-5.48354
-5.48321
-5.48257
-5.48322
-5.48257
-5.48386
-5.48515
-5.48547
-5.4858
-5.48644
-5.4858
-5.48483
-5.48515
-5.4858
-5.48612
-5.48807
-5.4858
-5.48742
-5.48742
-5.48418
-5.48288
-5.4858
-5.48644
-5.48741
-5.48385
-5.48353
-5.48288
-5.48418
-5.48515
-5.48612
-5.48483
-5.48548
-5.48612
-5.48451
-5.48548
-5.48709
-5.48579
-5.48514
-5.4845
-5.4845
-5.48514
-5.48676
-5.48741
-5.48677
-5.48742
-5.49001
-5.48742
-5.48677
-5.48709
-5.48612
-5.48774
-5.48774
-5.48936
-5.48806
-5.48677
-5.48547
-5.48547
-5.48288
-5.47997
-5.4777
-5.47867
-5.47964
-5.47996
-5.48255
-5.48384
-5.48449
-5.48579
-5.48514
-5.48482
-5.48514
-5.48352
-5.4845
-5.48417
-5.4832
-5.4832
-5.4832
-5.48449
-5.48417
-5.48385
-5.48417
-5.48385
-5.48385
-5.48708
-5.48838
-5.48676
-5.48579
-5.48644
-5.48449
-5.48579
-5.48611
-5.48644
-5.48644
-5.48482
-5.48385
-5.48287
-5.48287
-5.48385
-5.48514
-5.48482
-5.48677
-5.4845
-5.4845
-5.48515
-5.48482
-5.48676
-5.48644
-5.48482
-5.48612
-5.48612
-5.48612
-5.48677
-5.48838
-5.48709
-5.48774
-5.48709
-5.48482
-5.48449
-5.48417
-5.48741
-5.48806
-5.49
-5.49065
-5.48806
-5.48741
-5.48677
-5.48612
-5.48547
-5.4845
-5.48418
-5.48482
-5.48579
-5.48482
-5.48644
-5.48612
-5.48741
-5.48677
-5.48579
-5.48547
-5.48482
-5.48482
-5.35409
-5.35345
-5.35373
-5.35495
-5.35562
-5.35797
-5.35994
-5.36253
-5.36187
-5.3625
-5.36377
-5.367
-5.36862
-5.37057
-5.36897
-5.36996
-5.37125
-5.36866
-5.37187
-5.37282
-5.36957
-5.37186
-5.37156
-5.36963
-5.37091
-5.37057
-5.36829
-5.36635
-5.36603
-5.36409
-5.36378
-5.36087
-5.35763
-5.35763
-5.35536
-5.35567
-5.35566
-5.35404
-5.35339
-5.35437
-5.35567
-5.356
-5.35632
-5.35794
-5.35858
-5.35955
-5.36246
-5.36182
-5.36247
-5.35891
-5.35826
-5.35826
-5.35761
-5.35761
-5.35761
-5.36085
-5.35955
-5.35761
-5.35729
-5.35632
-5.35502
-5.35405
-5.35502
-5.35211
-5.35405
-5.35308
-5.3534
-5.3534
-5.35372
-5.35437
-5.35502
-5.35566
-5.35534
-5.35501
-5.35599
-5.35631
-5.35567
-5.35437
-5.35567
-5.356
-5.35503
-5.35438
-5.35341
-5.35146
-5.35081
-5.35146
-5.35016
-5.35145
-5.35178
-5.35145
-5.35178
-5.35178
-5.35307
-5.35437
-5.35275
-5.35211
-5.35405
-5.35599
-5.35891
-5.35923
-5.35826
-5.35632
-5.35535
-5.35664
-5.35631
-5.35566
-5.35598
-5.35372
-5.3576
-5.35761
-5.35631
-5.35664
-5.35859
-5.35697
-5.35471
-5.35633
-5.35503
-5.35535
-5.35503
-5.35405
-5.35437
-5.35243
-5.35178
-5.35178
-5.35178
-5.35308
-5.35276
-5.35341
-5.35243
-5.35502
-5.35729
-5.35697
-5.35664
-5.35696
-5.35696
-5.35761
-5.35534
-5.35405
-5.35567
-5.356
-5.356
-5.35664
-5.35535
-5.35502
-5.356
-5.35438
-5.35373
-5.35438
-5.35568
-5.35665
-5.35762
-5.35665
-5.35568
-5.3547
-5.35438
-5.35211
-5.35211
-5.35211
-5.35244
-5.35017
-5.34855
-5.35147
-5.35017
-5.35017
-5.35017
-5.35082
-5.35147
-5.35017
-5.35082
-5.35147
-5.35115
-5.3492
-5.34985
-5.34952
-5.34952
-5.34823
-5.34823
-5.34661
-5.34661
-5.34466
-5.34693
-5.34758
-5.34661
-5.34661
-5.34823
-5.34791
-5.34824
-5.34888
-5.35018
-5.35147
-5.35439
-5.35439
-5.35407
-5.35374
-5.35471
-5.35439
-5.35374
-5.35342
-5.35342
-5.3531
-5.35343
-5.35246
-5.35407
-5.35569
-5.35569
-5.35536
-5.35277
-5.35342
-5.3531
-5.35407
-5.35472
-5.35472
-5.35375
-5.35407
-5.35504
-5.35601
-5.35699
-5.35537
-5.35634
-5.35407
-5.35505
-5.3531
-5.35375
-5.35278
-5.35213
-5.35343
-5.35278
-5.3531
-5.35343
-5.35278
-5.35148
-5.35407
-5.35472
-5.35311
-5.3544
-5.35473
-5.35408
-5.35473
-5.35311
-5.35408
-5.35375
-5.35407
-5.35343
-5.3531
-5.35537
-5.35473
-5.35506
-5.35538
-5.35571
-5.35668
-5.35409
-5.35409
-5.35474
-5.35441
-5.35409
-5.35214
-5.35181
-5.35375
-5.35375
-5.35311
-5.35408
-5.35408
-5.35344
-5.35409
-5.35409
-5.35506
-5.35506
-5.357
-5.35538
-5.35538
-5.35603
-5.35505
-5.3544
-5.35376
-5.35505
-5.35732
-5.3557
-5.35667
-5.35538
-5.35473
-5.35667
-5.35408
-5.35214
-5.35149
-5.35311
-5.35246
-5.35473
-5.35311
-5.35376
-5.35376
-5.35409
-5.35214
-5.35312
-5.35376
-5.35538
-5.35376
-5.35505
-5.35441
-5.35635
-5.35505
-5.35472
-5.35149
-5.3489
-5.35181
-5.35246
-5.35343
-5.35408
-5.35311
-5.35311
-5.35376
-5.35538
-5.35571
-5.3557
-5.35441
-5.35311
-5.35408
-5.35375
-5.3531
-5.35375
-5.35051
-5.35019
-5.34954
-5.35019
-5.35246
-5.35343
-5.35408
-5.35375
-5.35246
-5.35408
-5.35246
-5.34955
-5.35311
-5.35311
-5.35278
-5.35407
-5.35504
-5.35537
-5.35472
-5.35569
-5.35343
-5.35472
-5.3557
-5.3544
-5.3544
-5.3557
-5.35634
-5.3557
-5.35796
-5.35667
-5.35667
-5.3557
-5.35732
-5.35958
-5.35861
-5.35699
-5.35861
-5.35635
-5.35602
-5.35667
-5.35667
-5.35667
-5.35764
-5.35764
-5.35797
-5.35635
-5.3557
-5.35537
-5.35505
-5.35407
-5.35504
-5.35407
-5.35342
-5.35278
-5.35537
-5.35505
-5.35473
-5.35311
-5.35472
-5.35602
-5.35537
-5.35569
-5.35537
-5.35763
-5.35892
-5.36022
-5.36086
-5.35892
-5.35633
-5.35504
-5.35472
-5.35278
-5.3544
-5.35505
-5.35278
-5.35246
-5.35311
-5.35635
-5.35602
-5.35343
-5.3518
-5.3518
-5.35406
-5.35244
-5.35147
-5.35277
-5.35212
-5.35213
-5.3531
-5.35181
-5.35278
-5.35278
-5.35278
-5.35505
-5.3557
-5.35602
-5.35537
-5.35667
-5.35828
-5.35763
-5.3586
-5.35731
-5.35602
-5.35505
-5.35635
-5.35408
-5.35505
-5.35506
-5.35409
-5.35408
-5.35473
-5.35505
-5.3544
-5.35149
-5.35052
-5.35084
-5.35084
-5.35084
-5.35213
-5.35148
-5.35051
-5.35148
-5.35342
-5.35439
-5.35472
-5.35537
-5.35375
-5.3544
-5.35441
-5.35667
-5.35441
-5.35344
-5.35214
-5.35473
-5.35311
-5.35117
-5.35375
-5.35213
-5.35245
-5.35278
-5.35375
-5.35602
-5.35505
-5.3557
-5.35246
-5.35149
-5.35246
-5.3544
-5.35375
-5.3544
-5.35634
-5.35569
-5.3544
-5.35569
-5.3557
-5.3544
-5.35538
-5.35732
-5.35602
-5.35537
-5.35504
-5.35374
-5.35309
-5.35147
-5.3492
-5.34823
-5.3505
-5.35439
-5.3544
-5.35602
-5.35634
-5.35634
-5.35764
-5.35861
-5.35796
-5.35602
-5.35537
-5.35602
-5.35602
-5.35408
-5.3544
-5.35569
-5.35504
-5.35375
-5.35278
-5.35537
-5.35602
-5.357
-5.35732
-5.35538
-5.35603
-5.35603
-5.35473
-5.35537
-5.35634
-5.3544
-5.35407
-5.3531
-5.35278
-5.35149
-5.35213
-5.35246
-5.35213
-5.35375
-5.35375
-5.35407
-5.35278
-5.35472
-5.3544
-5.35181
-5.35343
-5.35343
-5.35116
-5.35375
-5.35148
-5.35245
-5.35375
-5.35537
-5.35278
-5.35213
-5.35213
-5.3531
-5.35375
-5.35245
-5.35245
-5.35147
-5.3518
-5.35148
-5.35245
-5.35407
-5.35407
-5.35407
-5.35245
-5.35083
-5.35212
-5.35212
-5.35212
-5.35341
-5.35276
-5.35438
-5.35374
-5.35601
-5.35763
-5.35472
-5.35245
-5.35148
-5.35116
-5.34954
-5.34986
-5.35083
-5.35082
-5.35082
-5.34984
-5.35082
-5.3492
-5.34888
-5.34953
-5.35083
-5.35213
-5.35407
-5.35472
-5.35439
-5.35504
-5.35374
-5.35569
-5.35439
-5.3531
-5.35504
-5.3586
-5.35731
-5.35569
-5.35407
-5.3518
-5.35148
-5.3531
-5.35536
-5.35601
-5.35536
-5.35439
-5.35504
-5.35374
-5.35406
-5.35309
-5.35244
-5.35277
-5.35471
-5.35504
-5.35731
-5.35763
-5.35666
-5.35634
-5.35763
-5.35699
-5.35472
-5.35504
-5.35407
-5.356
-5.356
-5.3547
-5.35568
-5.35439
-5.35503
-5.3573
-5.35957
-5.35859
-5.3573
-5.35601
-5.3573
-5.35795
-5.35665
-5.35697
-5.35697
-5.35535
-5.35568
-5.35633
-5.35438
-5.35374
-5.35406
-5.35374
-5.35342
-5.35439
-5.35309
-5.35406
-5.35438
-5.35406
-5.35308
-5.35179
-5.35244
-5.35309
-5.35406
-5.35439
-5.35407
-5.35083
-5.35082
-5.35179
-5.35114
-5.35081
-5.34952
-5.35049
-5.35049
-5.35211
-5.35114
-5.35406
-5.35536
-5.35341
-5.35503
-5.35665
-5.35697
-5.35697
-5.35794
-5.35858
-5.35826
-5.35858
-5.36085
-5.36118
-5.36021
-5.35956
-5.35891
-5.35826
-5.356
-5.35406
-5.35536
-5.35504
-5.35406
-5.35438
-5.35697
-5.35729
-5.35696
-5.35534
-5.35729
-5.35664
-5.35762
-5.35697
-5.35794
-5.35697
-5.35827
-5.35697
-5.35568
-5.35535
-5.35212
-5.34985
-5.35017
-5.35049
-5.35049
-5.35049
-5.35081
-5.34984
-5.35016
-5.35049
-5.34952
-5.34823
-5.3492
-5.35017
-5.35244
-5.35438
-5.35633
-5.35503
-5.35568
-5.35632
-5.3547
-5.35438
-5.35308
-5.35211
-5.35146
-5.35243
-5.35146
-5.35082
-5.35147
-5.35244
-5.35277
-5.35212
-5.35147
-5.35342
-5.35115
-5.35212
-5.3505
-5.34985
-5.34985
-5.35114
-5.35276
-5.35211
-5.35082
-5.35438
-5.35179
-5.35244
-5.35438
-5.35439
-5.35665
-5.35665
-5.3573
-5.35568
-5.35471
-5.35212
-5.35406
-5.35535
-5.35341
-5.35341
-5.35567
-5.35503
-5.35502
-5.35794
-5.356
-5.3547
-5.35211
-5.35276
-5.35082
-5.34887
-5.3492
-5.34985
-5.35211
-5.35244
-5.35405
-5.35341
-5.35308
-5.35276
-5.35082
-5.35147
-5.35341
-5.35308
-5.35308
-5.35535
-5.3534
-5.35372
-5.35243
-5.34919
-5.34983
-5.3508
-5.34951
-5.35178
-5.35308
-5.3534
-5.35276
-5.35341
-5.35502
-5.35535
-5.35405
-5.35243
-5.35211
-5.3534
-5.35437
-5.35405
-5.3534
-5.3521
-5.35016
-5.35113
-5.35113
-5.35113
-5.35275
-5.35404
-5.35469
-5.35372
-5.35405
-5.35373
-5.3547
-5.35632
-5.35599
-5.35664
-5.35696
-5.35696
-5.35728
-5.3576
-5.35534
-5.35469
-5.35599
-5.35534
-5.35632
-5.35632
-5.35826
-5.35761
-5.35663
-5.35696
-5.35696
-5.35696
-5.35631
-5.35631
-5.35567
-5.35437
-5.35503
-5.3547
-5.35632
-5.3547
-5.35405
-5.35599
-5.3547
-5.35438
-5.35211
-5.35114
-5.34887
-5.34887
-5.34758
-5.34855
-5.34822
-5.34855
-5.34823
-5.34823
-5.34823
-5.34855
-5.35016
-5.3479
-5.35081
-5.35017
-5.34823
-5.34985
-5.35147
-5.35276
-5.35211
-5.35405
-5.35567
-5.35729
-5.35761
-5.35956
-5.36021
-5.36085
-5.35988
-5.35988
-5.35729
-5.35729
-5.35599
-5.35502
-5.35534
-5.35437
-5.35632
-5.35534
-5.35502
-5.3534
-5.3534
-5.35535
-5.35664
-5.35567
-5.35664
-5.35632
-5.35697
-5.35535
-5.35502
-5.35567
-5.35567
-5.35372
-5.35437
-5.35566
-5.35696
-5.35405
-5.35113
-5.35049
-5.34758
-5.3479
-5.34725
-5.34854
-5.35113
-5.35307
-5.35178
-5.35534
-5.35534
-5.35599
-5.35535
-5.35535
-5.35697
-5.35341
-5.35114
-5.35438
-5.35567
-5.356
-5.35599
-5.35502
-5.35372
-5.35242
-5.35274
-5.35339
-5.35274
-5.35403
-5.35436
-5.35339
-5.35566
-5.35567
-5.35535
-5.35567
-5.35762
-5.35762
-5.35599
-5.35664
-5.35437
-5.35405
-5.3547
-5.35308
-5.35372
-5.35243
-5.35405
-5.35275
-5.35178
-5.34854
-5.35081
-5.35016
-5.35016
-5.3521
-5.35275
-5.35534
-5.35469
-5.35631
-5.35502
-5.35599
-5.35664
-5.35696
-5.35891
-5.35826
-5.35923
-5.35631
-5.35436
-5.35339
-5.35242
-5.35048
-5.35015
-5.3495
-5.3508
-5.35048
-5.35048
-5.35015
-5.34983
-5.35048
-5.3508
-5.3495
-5.35047
-5.3508
-5.35177
-5.35339
-5.35566
-5.35695
-5.35825
-5.35825
-5.35857
-5.35825
-5.35987
-5.36019
-5.36116
-5.36084
-5.36084
-5.35889
-5.35824
-5.35759
-5.35598
-5.35468
-5.35565
-5.35404
-5.46443
-5.46443
-5.4641
-5.46637
-5.46443
-5.46346
-5.46411
-5.46346
-5.46378
-5.46345
-5.46313
-5.46345
-5.46442
-5.46345
-5.46507
-5.46572
-5.46475
-5.4641
-5.46443
-5.46539
-5.46701
-5.46636
-5.46442
-5.46442
-5.46442
-5.46248
-5.46151
-5.45989
-5.46248
-5.46345
-5.46216
-5.46281
-5.46314
-5.46217
-5.46249
-5.46151
-5.46281
-5.46248
-5.46345
-5.46151
-5.46183
-5.46313
-5.46475
-5.46442
-5.46572
-5.46378
-5.4641
-5.46475
-5.46443
-5.46443
-5.46346
-5.46508
-5.46605
-5.46669
-5.4654
-5.46345
-5.46313
-5.4641
-5.46443
-5.46411
-5.46411
-5.4667
-5.46508
-5.46443
-5.46281
-5.46378
-5.46281
-5.46022
-5.46151
-5.46216
-5.46151
-5.46054
-5.45957
-5.46313
-5.46087
-5.46087
-5.46022
-5.46185
-5.46508
-5.46411
-5.46638
-5.46476
-5.46282
-5.46346
-5.46346
-5.46216
-5.46118
-5.46183
-5.46345
-5.4628
-5.46216
-5.46345
-5.46281
-5.46281
-5.46411
-5.46217
-5.46411
-5.46378
-5.46378
-5.46248
-5.46151
-5.46119
-5.46119
-5.46345
-5.46313
-5.46378
-5.46281
-5.46378
-5.46378
-5.46507
-5.46604
-5.46766
-5.46701
-5.46701
-5.46701
-5.46604
-5.46734
-5.46702
-5.46766
-5.46702
-5.46605
-5.46767
-5.46573
-5.46314
-5.46314
-5.46314
-5.46217
-5.46184
-5.46314
-5.46346
-5.46346
-5.4654
-5.46475
-5.46507
-5.46507
-5.46378
-5.46443
-5.46541
-5.46314
-5.46185
-5.46152
-5.46185
-5.46346
-5.46443
-5.4641
-5.4654
-5.46604
-5.46702
-5.46573
-5.46411
-5.46347
-5.46412
-5.46217
-5.46347
-5.46314
-5.46476
-5.46508
-5.46443
-5.46508
-5.46475
-5.4654
-5.46442
-5.46378
-5.46216
-5.46151
-5.46281
-5.46411
-5.46444
-5.46606
-5.46574
-5.46542
-5.46444
-5.46703
-5.46735
-5.46606
-5.46638
-5.46541
-5.46541
-5.46509
-5.46606
-5.46671
-5.468
-5.46736
-5.46606
-5.46897
-5.46865
-5.46833
-5.46638
-5.46476
-5.46217
-5.46023
-5.46153
-5.46218
-5.46283
-5.46315
-5.4638
-5.46185
-5.46218
-5.4625
-5.46088
-5.46185
-5.46315
-5.46314
-5.46184
-5.46281
-5.46475
-5.46508
-5.4654
-5.46767
-5.46703
-5.46735
-5.46671
-5.46735
-5.46606
-5.46638
-5.46638
-5.46573
-5.46476
-5.46379
-5.46573
-5.46541
-5.46573
-5.46735
-5.46573
-5.46638
-5.46573
-5.46476
-5.46541
-5.46541
-5.46476
-5.46443
-5.46637
-5.46604
-5.46637
-5.46637
-5.46702
-5.4667
-5.46929
-5.46929
-5.46929
-5.47026
-5.46799
-5.46929
-5.46961
-5.46961
-5.46929
-5.46702
-5.46734
-5.46864
-5.46702
-5.46475
-5.46475
-5.46475
-5.46604
-5.46734
-5.46539
-5.46475
-5.46281
-5.46411
-5.46314
-5.46411
-5.46411
-5.46573
-5.46508
-5.46508
-5.46476
-5.46638
-5.46346
-5.46346
-5.46475
-5.46443
-5.4654
-5.46572
-5.46572
-5.46443
-5.46573
-5.46476
-5.46541
-5.46638
-5.46347
-5.46347
-5.46347
-5.4625
-5.46282
-5.46185
-5.46379
-5.46314
-5.46508
-5.46444
-5.46411
-5.46476
-5.46638
-5.46832
-5.46735
-5.46703
-5.46703
-5.46509
-5.46509
-5.46477
-5.46509
-5.46606
-5.46735
-5.46703
-5.468
-5.4667
-5.46573
-5.46411
-5.46508
-5.46346
-5.46314
-5.46249
-5.46055
-5.45828
-5.45764
-5.4599
-5.4599
-5.46055
-5.4599
-5.45958
-5.45958
-5.46217
-5.46282
-5.46541
-5.46605
-5.4654
-5.46507
-5.46604
-5.46539
-5.46669
-5.46798
-5.46669
-5.46734
-5.46669
-5.46476
-5.46702
-5.46638
-5.46606
-5.46929
-5.46832
-5.46735
-5.46637
-5.46702
-5.46669
-5.46475
-5.46475
-5.46443
-5.46475
-5.46411
-5.46572
-5.46605
-5.4641
-5.46507
-5.46604
-5.46766
-5.46831
-5.46701
-5.46507
-5.46249
-5.46281
-5.46152
-5.46249
-5.46184
-5.46152
-5.46281
-5.46411
-5.46508
-5.46444
-5.46541
-5.4654
-5.4654
-5.46346
-5.46475
-5.46378
-5.46346
-5.46443
-5.46184
-5.46249
-5.46151
-5.46281
-5.46248
-5.46184
-5.46151
-5.46119
-5.46249
-5.46184
-5.46054
-5.46216
-5.46087
-5.45893
-5.46054
-5.46184
-5.46119
-5.46184
-5.46152
-5.46087
-5.46152
-5.46217
-5.46411
-5.46346
-5.46637
-5.46572
-5.46637
-5.46669
-5.46702
-5.46702
-5.46734
-5.46573
-5.46216
-5.46281
-5.46249
-5.46476
-5.46508
-5.46638
-5.46702
-5.46702
-5.46605
-5.46475
-5.46669
-5.46539
-5.46572
-5.46442
-5.46539
-5.46442
-5.4641
-5.46248
-5.46119
-5.46216
-5.46475
-5.46507
-5.46507
-5.46475
-5.46443
-5.46539
-5.46701
-5.46378
-5.4628
-5.46183
-5.46183
-5.4641
-5.46572
-5.46734
-5.46637
-5.46604
-5.46377
-5.46216
-5.46281
-5.46313
-5.46637
-5.4667
-5.46799
-5.46864
-5.46863
-5.4722
-5.4709
-5.47156
-5.46994
-5.47059
-5.46832
-5.46735
-5.46605
-5.46508
-5.46249
-5.46378
-5.46475
-5.46443
-5.46378
-5.46345
-5.46475
-5.4654
-5.46443
-5.46313
-5.4654
-5.46605
-5.46864
-5.46702
-5.46832
-5.46702
-5.46929
-5.47091
-5.46864
-5.46638
-5.46573
-5.46508
-5.46735
-5.46864
-5.46993
-5.46831
-5.46604
-5.46506
-5.46409
-5.46183
-5.45891
-5.46086
-5.46022
-5.46022
-5.46055
-5.46249
-5.46346
-5.46379
-5.46864
-5.47026
-5.47123
-5.47026
-5.46961
-5.46831
-5.46767
-5.46669
-5.46572
-5.46475
-5.46378
-5.46475
-5.46507
-5.46831
-5.46507
-5.46475
-5.46702
-5.46669
-5.46637
-5.46637
-5.46637
-5.46734
-5.46669
-5.46604
-5.46766
-5.46734
-5.46475
-5.46216
-5.46313
-5.46216
-5.46184
-5.46087
-5.46151
-5.46443
-5.46443
-5.4641
-5.46475
-5.46604
-5.46637
-5.46734
-5.46701
-5.46734
-5.46669
-5.46734
-5.46637
-5.4654
-5.46443
-5.46508
-5.46605
-5.46508
-5.46281
-5.4641
-5.46442
-5.46378
-5.46345
-5.46216
-5.46248
-5.46346
-5.46475
-5.46281
-5.4641
-5.46507
-5.46475
-5.46475
-5.46508
-5.46508
-5.46508
-5.46573
-5.4654
-5.46411
-5.46508
-5.46572
-5.4641
-5.4654
-5.46734
-5.47026
-5.47059
-5.47059
-5.46962
-5.47091
-5.47091
-5.46929
-5.46832
-5.4667
-5.46702
-5.46702
-5.46896
-5.46507
-5.46734
-5.46961
-5.46994
-5.46767
-5.46379
-5.46379
-5.46314
-5.46314
-5.46508
-5.46411
-5.46443
-5.46573
-5.46443
-5.46572
-5.4654
-5.46896
-5.46799
-5.46637
-5.46734
-5.46896
-5.47123
-5.46929
-5.46994
-5.46735
-5.46637
-5.4654
-5.46443
-5.46476
-5.46378
-5.46411
-5.46411
-5.46411
-5.46152
-5.46379
-5.46346
-5.46541
-5.46509
-5.46476
-5.46541
-5.4667
-5.46735
-5.46897
-5.468
-5.47058
-5.47026
-5.46896
-5.46766
-5.46701
-5.46604
-5.46475
-5.46508
-5.46508
-5.46379
-5.46443
-5.4667
-5.46799
-5.46929
-5.46961
-5.46864
-5.46831
-5.46799
-5.46637
-5.46702
-5.46637
-5.46281
-5.4641
-5.46475
-5.46442
-5.46378
-5.46345
-5.4641
-5.46572
-5.46637
-5.46702
-5.46767
-5.46832
-5.46767
-5.46767
-5.46961
-5.46896
-5.46702
-5.46605
-5.46799
-5.47026
-5.46832
-5.46832
-5.46735
-5.47091
-5.46896
-5.46572
-5.46281
-5.46378
-5.46443
-5.46216
-5.46249
-5.46378
-5.46508
-5.46475
-5.46637
-5.46637
-5.46572
-5.46507
-5.46572
-5.46507
-5.46896
-5.46702
-5.46507
-5.46281
-5.46087
-5.46055
-5.46022
-5.4612
-5.46249
-5.46184
-5.46314
-5.46216
-5.46119
-5.45925
-5.45925
-5.46022
-5.46119
-5.46151
-5.46281
-5.46442
-5.46507
-5.4641
-5.46377
-5.4641
-5.46442
-5.46345
-5.46669
-5.46604
-5.46766
-5.46669
-5.46475
-5.46669
-5.46701
-5.46572
-5.46507
-5.46669
-5.46733
-5.46701
-5.46829
-5.467
-5.467
-5.46927
-5.4683
-5.46863
-5.4696
-5.46928
-5.46701
-5.46442
-5.46474
-5.46409
-5.46409
-5.46311
-5.46279
-5.46182
-5.46182
-5.46312
-5.46247
-5.46409
-5.46506
-5.46474
-5.46571
-5.46539
-5.46571
-5.46441
-5.46667
-5.46506
-5.46538
-5.46571
-5.46571
-5.46539
-5.46442
-5.46603
-5.46409
-5.46635
-5.46603
-5.46538
-5.46732
-5.46667
-5.46506
-5.46538
-5.46571
-5.46409
-5.46474
-5.46539
-5.46635
-5.46668
-5.46279
-5.46409
-5.46376
-5.46182
-5.46343
-5.46505
-5.46635
-5.46537
-5.46311
-5.46117
-5.46052
-5.4602
-5.4602
-5.45988
-5.46118
-5.46247
-5.46247
-5.46344
-5.46279
-5.46214
-5.46279
-5.46247
-5.4615
-5.45988
-5.46085
-5.46085
-5.46085
-5.46279
-5.46376
-5.46279
-5.46311
-5.46409
-5.46085
-5.4615
-5.46215
-5.46247
-5.46182
-5.46344
-5.46409
-5.46442
-5.46798
-5.46603
-5.46506
-5.46441
-5.46344
-5.46247
-5.46085
-5.46247
-5.46376
-5.46408
-5.46376
-5.46279
-5.46376
-5.46214
-5.4602
-5.46052
-5.46149
-5.46182
-5.46085
-5.4602
-5.46117
-5.46214
-5.46149
-5.46246
-5.46343
-5.46505
-5.46505
-5.46635
-5.46602
-5.46473
-5.46699
-5.46796
-5.46764
-5.46537
-5.46569
-5.46537
-5.46537
-5.46699
-5.46408
-5.46278
-5.46116
-5.46181
-5.46084
-5.46311
-5.46408
-5.46311
-5.46473
-5.46343
-5.46246
-5.46375
-5.46343
-5.46245
-5.46051
-5.46116
-5.46181
-5.46181
-5.46116
-5.46408
-5.46375
-5.46505
-5.4631
-5.4644
-5.46504
-5.46505
-5.4644
-5.46375
-5.46569
-5.46569
-5.46051
-5.46019
-5.46051
-5.46375
-5.46374
-5.4618
-5.46018
-5.45985
-5.45921
-5.45888
-5.4618
-5.4618
-5.46407
-5.4631
-5.46278
-5.46375
-5.46472
-5.46601
-5.46569
-5.46763
-5.46763
-5.46601
-5.46633
-5.46795
-5.46536
-5.46503
-5.46374
-5.46309
-5.46535
-5.46633
-5.46924
-5.46697
-5.46633
-5.46827
-5.46925
-5.4686
-5.46795
-5.46698
-5.46795
-5.4673
-5.4673
-5.4673
-5.46665
-5.46665
-5.46503
-5.4647
-5.46244
-5.46082
-5.46211
-5.46373
-5.46179
-5.46277
-5.46277
-5.46374
-5.46244
-5.46471
-5.46438
-5.46535
-5.46502
-5.46535
-5.46729
-5.46568
-5.46568
-5.46568
-5.46633
-5.46503
-5.46535
-5.46503
-5.46794
-5.46924
-5.46794
-5.46697
-5.466
-5.46373
-5.46309
-5.4618
-5.46277
-5.46245
-5.46407
-5.4631
-5.46374
-5.46828
-5.46633
-5.46568
-5.46536
-5.46439
-5.46309
-5.46277
-5.45985
-5.46244
-5.46373
-5.46082
-5.46276
-5.46276
-5.46309
-5.4618
-5.4631
-5.46342
-5.46407
-5.46536
-5.4673
-5.46665
-5.46632
-5.46535
-5.46534
-5.46308
-5.46438
-5.46405
-5.466
-5.46536
-5.46406
-5.46277
-5.46309
-5.46471
-5.46633
-5.51465
-5.51562
-5.51174
-5.51141
-5.50979
-5.51012
-5.50947
-5.51012
-5.51044
-5.51141
-5.51271
-5.51206
-5.51206
-5.51206
-5.51141
-5.51076
-5.51141
-5.51173
-5.51465
-5.51627
-5.51757
-5.51692
-5.51595
-5.51368
-5.51303
-5.51465
-5.51594
-5.51659
-5.51432
-5.51433
-5.51433
-5.51562
-5.51563
-5.51628
-5.51757
-5.51724
-5.51498
-5.51206
-5.51271
-5.51109
-5.5127
-5.514
-5.51335
-5.51335
-5.51271
-5.51174
-5.51303
-5.51271
-5.51238
-5.51465
-5.51562
-5.51594
-5.51627
-5.5153
-5.51562
-5.51465
-5.51271
-5.51303
-5.51303
-5.51368
-5.51206
-5.51109
-5.51076
-5.51335
-5.51497
-5.5153
-5.51594
-5.51497
-5.51368
-5.51335
-5.514
-5.51238
-5.51108
-5.5114
-5.51011
-5.50914
-5.51076
-5.51206
-5.51206
-5.51271
-5.51239
-5.51239
-5.51207
-5.51109
-5.51109
-5.51044
-5.51271
-5.51141
-5.51109
-5.51076
-5.51237
-5.51107
-5.51366
-5.51431
-5.51302
-5.51367
-5.51368
-5.51271
-5.51465
-5.51336
-5.5153
-5.51498
-5.51627
-5.5153
-5.5153
-5.51562
-5.51433
-5.51659
-5.51692
-5.51336
-5.51239
-5.51336
-5.51141
-5.51271
-5.51303
-5.51206
-5.51432
-5.51562
-5.51594
-5.51595
-5.51465
-5.51368
-5.51239
-5.51304
-5.51271
-5.51369
-5.5166
-5.51498
-5.51563
-5.51562
-5.51659
-5.51529
-5.51173
-5.51335
-5.51432
-5.51659
-5.51497
-5.514
-5.51174
-5.51141
-5.51239
-5.51206
-5.51498
-5.51628
-5.51595
-5.5166
-5.5166
-5.51563
-5.5166
-5.51627
-5.51692
-5.51886
-5.52016
-5.51984
-5.51919
-5.5179
-5.51855
-5.51628
-5.5166
-5.51499
-5.51596
-5.51628
-5.51434
-5.51434
-5.51434
-5.51531
-5.51369
-5.51369
-5.51304
-5.51304
-5.51303
-5.51433
-5.5153
-5.51465
-5.51271
-5.51595
-5.51692
-5.5166
-5.51919
-5.51692
-5.51692
-5.51627
-5.51368
-5.51401
-5.51368
-5.51336
-5.51433
-5.51335
-5.51238
-5.51336
-5.51336
-5.51012
-5.51109
-5.51142
-5.51077
-5.51239
-5.51466
-5.51433
-5.51401
-5.51692
-5.51725
-5.51563
-5.51465
-5.51724
-5.51951
-5.51886
-5.51983
-5.51886
-5.51757
-5.5153
-5.51465
-5.51304
-5.51239
-5.51303
-5.51239
-5.51141
-5.51206
-5.51206
-5.51465
-5.51368
-5.51401
-5.5153
-5.51272
-5.51239
-5.51434
-5.51466
-5.51434
-5.5153
-5.51563
-5.51627
-5.5166
-5.51628
-5.51595
-5.51692
-5.51401
-5.51433
-5.51368
-5.51692
-5.51659
-5.51497
-5.51368
-5.51271
-5.51368
-5.51433
-5.51433
-5.51466
-5.51401
-5.51466
-5.51596
-5.51531
-5.51499
-5.51337
-5.51434
-5.51304
-5.51304
-5.51401
-5.51401
-5.51337
-5.5124
-5.5124
-5.51045
-5.51045
-5.51207
-5.51207
-5.51337
-5.51305
-5.51369
-5.5124
-5.51272
-5.51434
-5.51499
-5.51272
-5.5111
-5.5124
-5.51369
-5.51304
-5.51336
-5.51563
-5.51628
-5.51498
-5.51596
-5.51564
-5.51596
-5.51564
-5.51467
-5.51402
-5.5124
-5.51305
-5.51726
-5.51402
-5.51305
-5.51272
-5.51272
-5.51337
-5.51402
-5.51304
-5.51304
-5.51304
-5.51304
-5.51272
-5.51239
-5.51142
-5.5124
-5.51499
-5.51661
-5.51499
-5.51564
-5.51597
-5.51726
-5.51693
-5.51693
-5.51725
-5.5166
-5.51757
-5.51757
-5.51886
-5.51951
-5.52016
-5.52017
-5.51855
-5.51823
-5.51596
-5.51402
-5.51499
-5.51402
-5.51337
-5.51304
-5.5124
-5.51175
-5.51013
-5.51013
-5.51078
-5.51207
-5.51078
-5.51013
-5.50916
-5.50916
-5.50981
-5.50948
-5.51272
-5.51304
-5.51336
-5.51174
-5.51207
-5.5111
-5.5111
-5.51077
-5.51013
-5.51013
-5.50883
-5.50656
-5.50689
-5.50915
-5.50851
-5.51174
-5.51207
-5.5111
-5.51271
-5.51401
-5.51466
-5.51433
-5.51725
-5.51757
-5.51628
-5.52016
-5.51822
-5.51855
-5.51984
-5.51919
-5.52146
-5.51822
-5.51628
-5.5153
-5.51595
-5.51562
-5.51627
-5.51659
-5.51465
-5.51303
-5.51368
-5.51368
-5.514
-5.51433
-5.51854
-5.51692
-5.5166
-5.51401
-5.51433
-5.51401
-5.51466
-5.51628
-5.51692
-5.51789
-5.51854
-5.5166
-5.5153
-5.51627
-5.51562
-5.51562
-5.5166
-5.51724
-5.51919
-5.5166
-5.51433
-5.51498
-5.51466
-5.51498
-5.51531
-5.51595
-5.51401
-5.51336
-5.51368
-5.51335
-5.5127
-5.5127
-5.51141
-5.51109
-5.51174
-5.51045
-5.51239
-5.51401
-5.51628
-5.51466
-5.51304
-5.51239
-5.51207
-5.51077
-5.51206
-5.5098
-5.51109
-5.51303
-5.51497
-5.51594
-5.5153
-5.51497
-5.51595
-5.51433
-5.51336
-5.51433
-5.51304
-5.51174
-5.51109
-5.51206
-5.51109
-5.51206
-5.51465
-5.514
-5.51335
-5.51335
-5.51336
-5.51174
-5.51174
-5.51401
-5.51498
-5.51433
-5.5153
-5.51692
-5.51627
-5.51336
-5.51433
-5.51433
-5.51498
-5.51562
-5.51336
-5.51304
-5.51239
-5.51271
-5.51206
-5.51303
-5.51401
-5.51497
-5.51498
-5.51303
-5.51433
-5.51368
-5.51627
-5.51595
-5.51789
-5.51789
-5.51562
-5.514
-5.51076
-5.51173
-5.51173
-5.51174
-5.51174
-5.51206
-5.51206
-5.51174
-5.51271
-5.51303
-5.51271
-5.51303
-5.51465
-5.51401
-5.51433
-5.5153
-5.51271
-5.51336
-5.51206
-5.51174
-5.51109
-5.50947
-5.51141
-5.50947
-5.50786
-5.50883
-5.51078
-5.51207
-5.51337
-5.51369
-5.51305
-5.51401
-5.51434
-5.51498
-5.51531
-5.51595
-5.51595
-5.51562
-5.51465
-5.51498
-5.51368
-5.51369
-5.51369
-5.51369
-5.51337
-5.51273
-5.51467
-5.51596
-5.51337
-5.51175
-5.51337
-5.51336
-5.51401
-5.51304
-5.51304
-5.51401
-5.51304
-5.51401
-5.51402
-5.5124
-5.51208
-5.51208
-5.51143
-5.50852
-5.50819
-5.50949
-5.5111
-5.51175
-5.51175
-5.51207
-5.51175
-5.51337
-5.51272
-5.51175
-5.51272
-5.51175
-5.50981
-5.50948
-5.51013
-5.51175
-5.51337
-5.51369
-5.51337
-5.51434
-5.51337
-5.51272
-5.51499
-5.51466
-5.51304
-5.51272
-5.5124
-5.51466
-5.51498
-5.51336
-5.51596
-5.51531
-5.5124
-5.5111
-5.51175
-5.51078
-5.51078
-5.51078
-5.51207
-5.51142
-5.5111
-5.5111
-5.51175
-5.51142
-5.51175
-5.51239
-5.51271
-5.51368
-5.51336
-5.51368
-5.51368
-5.51239
-5.51271
-5.51304
-5.51433
-5.51369
-5.51466
-5.51401
-5.51272
-5.51142
-5.51401
-5.51207
-5.51174
-5.51174
-5.51109
-5.51206
-5.51238
-5.51108
-5.5127
-5.51465
-5.51562
-5.51433
-5.5166
-5.51628
-5.51628
-5.51725
-5.51822
-5.5166
-5.51369
-5.51466
-5.51725
-5.5166
-5.51531
-5.51466
-5.51498
-5.51628
-5.51498
-5.51368
-5.51433
-5.51529
-5.51335
-5.51368
-5.514
-5.51304
-5.51272
-5.51013
-5.51207
-5.5124
-5.51304
-5.51498
-5.51433
-5.51563
-5.51563
-5.51465
-5.51595
-5.51595
-5.51466
-5.51433
-5.51304
-5.51174
-5.51303
-5.51239
-5.51336
-5.51045
-5.50948
-5.50818
-5.50689
-5.50754
-5.50657
-5.50819
-5.50916
-5.51078
-5.51207
-5.51498
-5.51433
-5.51498
-5.51401
-5.51595
-5.51563
-5.51596
-5.51499
-5.51564
-5.51369
-5.51305
-5.51499
-5.51563
-5.51466
-5.51466
-5.51368
-5.51433
-5.51368
-5.51206
-5.51207
-5.51207
-5.5098
-5.51207
-5.51272
-5.51304
-5.51401
-5.51369
-5.51498
-5.51466
-5.51564
-5.51823
-5.51628
-5.51434
-5.51499
-5.51466
-5.51401
-5.51595
-5.5166
-5.51757
-5.51595
-5.51563
-5.51434
-5.51272
-5.51305
-5.51564
-5.51596
-5.51531
-5.51466
-5.51433
-5.51013
-5.51077
-5.51272
-5.51369
-5.51337
-5.51402
-5.51531
-5.51434
-5.51337
-5.51337
-5.51304
-5.51499
-5.51434
-5.51175
-5.51078
-5.51208
-5.51273
-5.51403
-5.51759
-5.51694
-5.51629
-5.51791
-5.51596
-5.51694
-5.51467
-5.51435
-5.51467
-5.5137
-5.5124
-5.51467
-5.51402
-5.51402
-5.51305
-5.51435
-5.51305
-5.51338
-5.51305
-5.51337
-5.51305
-5.51078
-5.51143
-5.51272
-5.51208
-5.5111
-5.51046
-5.51111
-5.51208
-5.5124
-5.51273
-5.51532
-5.51435
-5.51402
-5.515
-5.51273
-5.5124
-5.51078
-5.51111
-5.51078
-5.51046
-5.50916
-5.51046
-5.51176
-5.51111
-5.50981
-5.50949
-5.51176
-5.51111
-5.51046
-5.51144
-5.51079
-5.51208
-5.51306
-5.51532
-5.51565
-5.51403
-5.51241
-5.51208
-5.51143
-5.51241
-5.51143
-5.51046
-5.51078
-5.51078
-5.50981
-5.51111
-5.51046
-5.51402
-5.51402
-5.51467
-5.51564
-5.51467
-5.51499
-5.51337
-5.51337
-5.5137
-5.51596
-5.5137
-5.51467
-5.51596
-5.51629
-5.51499
-5.51337
-5.51434
-5.51402
-5.51467
-5.51402
-5.5137
-5.51175
-5.50916
-5.50949
-5.50981
-5.51143
-5.51208
-5.51337
-5.51305
-5.51402
-5.51273
-5.51467
-5.51661
-5.51596
-5.51726
-5.51564
-5.51596
-5.51726
-5.51596
-5.51629
-5.51467
-5.51694
-5.51888
-5.5205
-5.52083
-5.52018
-5.5218
-5.52147
-5.52017
-5.51952
-5.51887
-5.51952
-5.51887
-5.5179
-5.5179
-5.51919
-5.51854
-5.51563
-5.51498
-5.51401
-5.51175
-5.51142
-5.51239
-5.51077
-5.5111
-5.51207
-5.51207
-5.51402
-5.51563
-5.51531
-5.51402
-5.51369
-5.51466
-5.51304
-5.51271
-5.51142
-5.51239
-5.51206
-5.51206
-5.51368
-5.51466
-5.51498
-5.51499
-5.51402
-5.51337
-5.51273
-5.51499
-5.51564
-5.51564
-5.51661
-5.51434
-5.51142
-5.51239
-5.51174
-5.51174
-5.51336
-5.51433
-5.51401
-5.51272
-5.5124
-5.51401
-5.51434
-5.51175
-5.51143
-5.51013
-5.50916
-5.50883
-5.50591
-5.50559
-5.50786
-5.50851
-5.50884
-5.51143
-5.5124
-5.51143
-5.51143
-5.5124
-5.5124
-5.51337
-5.51272
-5.51402
-5.51596
-5.51466
-5.51272
-5.51434
-5.51757
-5.5166
-5.51531
-5.51402
-5.51304
-5.51337
-5.51402
-5.51596
-5.51467
-5.51305
-5.51305
-5.51337
-5.51143
-5.51207
-5.51337
-5.51336
-5.51336
-5.51401
-5.51531
-5.51337
-5.51272
-5.51402
-5.51402
-5.51369
-5.51272
-5.51272
-5.51434
-5.51207
-5.51142
-5.51013
-5.51013
-5.50948
-5.51013
-5.5111
-5.5111
-5.51175
-5.51402
-5.51402
-5.51337
-5.51143
-5.5124
-5.51369
-5.5111
-5.51046
-5.50851
-5.51045
-5.5124
-5.51596
-5.51467
-5.51499
-5.51402
-5.51532
-5.5137
-5.51434
-5.51467
-5.51402
-5.51467
-5.51402
-5.51272
-5.51467
-5.51434
-5.51143
-5.51305
-5.51337
-5.51175
-5.51142
-5.51207
-5.51272
-5.51272
-5.51402
-5.51369
-5.51466
-5.50888
-5.5105
-5.50953
-5.5105
-5.51245
-5.5131
-5.51342
-5.51115
-5.51147
-5.51115
-5.50985
-5.50985
-5.50693
-5.50596
-5.50402
-5.505
-5.5063
-5.50565
-5.50629
-5.50597
-5.50434
-5.50369
-5.50758
-5.50628
-5.50628
-5.50725
-5.50661
-5.50888
-5.51017
-5.51146
-5.51114
-5.50822
-5.50725
-5.50692
-5.50692
-5.50692
-5.5066
-5.50596
-5.50498
-5.5066
-5.50854
-5.51016
-5.51048
-5.51113
-5.50983
-5.51081
-5.50951
-5.50919
-5.50951
-5.5079
-5.50725
-5.50822
-5.50725
-5.50595
-5.50433
-5.50562
-5.50433
-5.50465
-5.50433
-5.50465
-5.50433
-5.50563
-5.50595
-5.5066
-5.50692
-5.50757
-5.5066
-5.50595
-5.50659
-5.50757
-5.50822
-5.50854
-5.50854
-5.50563
-5.50595
-5.50433
-5.50562
-5.50756
-5.50789
-5.50854
-5.50886
-5.50789
-5.50822
-5.51016
-5.50822
-5.50822
-5.5079
-5.51017
-5.51179
-5.50952
-5.50919
-5.50822
-5.50887
-5.50757
-5.50822
-5.5066
-5.5053
-5.50563
-5.50336
-5.5053
-5.50595
-5.50822
-5.50822
-5.50822
-5.50822
-5.50984
-5.50822
-5.5079
-5.5079
-5.50757
-5.5079
-5.50757
-5.50693
-5.50887
-5.50984
-5.51048
-5.50951
-5.50724
-5.50465
-5.50432
-5.504
-5.50465
-5.50498
-5.50336
-5.50239
-5.50271
-5.50401
-5.50174
-5.50595
-5.50757
-5.50854
-5.50919
-5.50886
-5.50919
-5.5066
-5.50789
-5.50789
-5.50822
-5.50887
-5.5079
-5.50725
-5.50758
-5.50661
-5.50855
-5.51049
-5.51048
-5.50821
-5.50983
-5.50983
-5.51016
-5.51178
-5.50984
-5.51081
-5.50984
-5.50887
-5.50952
-5.50887
-5.50984
-5.51081
-5.5079
-5.50563
-5.50466
-5.50531
-5.50336
-5.50433
-5.50498
-5.50628
-5.50596
-5.5079
-5.50823
-5.51017
-5.50726
-5.50791
-5.50726
-5.50823
-5.50855
-5.50596
-5.50499
-5.50725
-5.50855
-5.5092
-5.50823
-5.50791
-5.50694
-5.50564
-5.50597
-5.50305
-5.50435
-5.50434
-5.50726
-5.50628
-5.50596
-5.50726
-5.50693
-5.50467
-5.50629
-5.50823
-5.5092
-5.50952
-5.50952
-5.50952
-5.50888
-5.50855
-5.50564
-5.50629
-5.50758
-5.50726
-5.50661
-5.50531
-5.50531
-5.50304
-5.50272
-5.5024
-5.50498
-5.50401
-5.50498
-5.50466
-5.50628
-5.50693
-5.50758
-5.5079
-5.50758
-5.50661
-5.50693
-5.50693
-5.50855
-5.50985
-5.51179
-5.51114
-5.51276
-5.51244
-5.5105
-5.5079
-5.50855
-5.50693
-5.50628
-5.50596
-5.50758
-5.50984
-5.51049
-5.51017
-5.50952
-5.50855
-5.51082
-5.51017
-5.51017
-5.51049
-5.51114
-5.51114
-5.51212
-5.50953
-5.50985
-5.50953
-5.51147
-5.51147
-5.51245
-5.5105
-5.51115
-5.51115
-5.51115
-5.50855
-5.51049
-5.51275
-5.51049
-5.51178
-5.51114
-5.51211
-5.51081
-5.50952
-5.50888
-5.51082
-5.51017
-5.5092
-5.5092
-5.50888
-5.50952
-5.50758
-5.50564
-5.50758
-5.50726
-5.5092
-5.5079
-5.50531
-5.50531
-5.50499
-5.50531
-5.50693
-5.50499
-5.50725
-5.50823
-5.50726
-5.50823
-5.50467
-5.50435
-5.50467
-5.50727
-5.50726
-5.50467
-5.50532
-5.50337
-5.50337
-5.50272
-5.50499
-5.50758
-5.50758
-5.50758
-5.50855
-5.50758
-5.50499
-5.50694
-5.50888
-5.50759
-5.50888
-5.50726
-5.50726
-5.50726
-5.50531
-5.50531
-5.50499
-5.50369
-5.50531
-5.50499
-5.50402
-5.50402
-5.50305
-5.50466
-5.50304
-5.50337
-5.50531
-5.5037
-5.50467
-5.50597
-5.50596
-5.50564
-5.50694
-5.50467
-5.50629
-5.50694
-5.50759
-5.50694
-5.50791
-5.50888
-5.50758
-5.50791
-5.50953
-5.50985
-5.50953
-5.51017
-5.50726
-5.50823
-5.50855
-5.50985
-5.51244
-5.51147
-5.51406
-5.51115
-5.50985
-5.50985
-5.50953
-5.50953
-5.50953
-5.50888
-5.50888
-5.50888
-5.50759
-5.50921
-5.50662
-5.505
-5.50403
-5.50338
-5.50046
-5.50208
-5.50079
-5.50014
-5.50273
-5.50499
-5.50661
-5.50726
-5.50791
-5.5105
-5.51309
-5.51374
-5.51374
-5.51277
-5.51244
-5.51277
-5.51147
-5.51179
-5.50888
-5.50629
-5.50564
-5.50694
-5.50564
-5.50564
-5.50629
-5.50564
-5.50693
-5.50499
-5.50467
-5.50402
-5.50111
-5.50403
-5.50403
-5.50694
-5.50694
-5.50661
-5.50758
-5.50758
-5.50791
-5.50629
-5.50823
-5.50629
-5.50694
-5.50791
-5.50791
-5.50726
-5.50693
-5.50693
-5.50693
-5.50564
-5.50467
-5.50467
-5.50629
-5.50629
-5.50338
-5.50597
-5.50662
-5.50921
-5.50985
-5.51212
-5.51342
-5.51471
-5.51665
-5.51406
-5.51406
-5.51567
-5.51535
-5.51373
-5.51276
-5.51147
-5.50985
-5.50791
-5.50564
-5.50531
-5.50596
-5.50531
-5.50433
-5.50433
-5.5053
-5.50497
-5.5053
-5.50594
-5.50498
-5.50531
-5.50563
-5.50563
-5.50661
-5.5079
-5.50952
-5.51147
-5.51049
-5.51146
-5.51081
-5.50887
-5.51048
-5.50919
-5.50919
-5.50789
-5.50692
-5.50789
-5.50659
-5.50627
-5.50724
-5.50692
-5.5066
-5.50822
-5.50919
-5.50822
-5.50984
-5.51081
-5.51017
-5.50984
-5.51017
-5.50984
-5.51211
-5.51275
-5.51211
-5.51211
-5.50984
-5.50887
-5.50887
-5.50822
-5.5066
-5.50595
-5.50498
-5.50725
-5.5066
-5.50562
-5.50692
-5.50432
-5.50368
-5.50465
-5.50498
-5.50401
-5.50466
-5.5066
-5.50693
-5.50855
-5.50822
-5.50855
-5.50919
-5.50952
-5.51016
-5.51145
-5.5134
-5.51145
-5.5121
-5.51146
-5.51016
-5.50693
-5.50725
-5.50984
-5.50984
-5.50887
-5.50855
-5.50919
-5.50984
-5.5079
-5.50855
-5.50952
-5.50887
-5.50661
-5.50823
-5.50661
-5.50985
-5.50758
-5.50596
-5.50563
-5.50628
-5.50564
-5.50628
-5.50596
-5.50499
-5.50498
-5.50336
-5.50595
-5.50563
-5.50693
-5.50758
-5.50661
-5.50758
-5.50952
-5.51017
-5.51082
-5.51017
-5.50985
-5.50661
-5.50758
-5.50726
-5.50694
-5.50758
-5.50758
-5.50791
-5.50791
-5.50823
-5.50791
-5.50758
-5.50369
-5.50369
-5.50369
-5.50531
-5.50434
-5.505
-5.50435
-5.5037
-5.50435
-5.50241
-5.50241
-5.505
-5.50629
-5.50694
-5.50661
-5.50791
-5.50953
-5.50953
-5.51115
-5.50985
-5.51018
-5.51082
-5.51179
-5.51017
-5.51017
-5.50887
-5.5092
-5.50855
-5.50985
-5.50953
-5.50953
-5.5105
-5.5118
-5.51115
-5.51147
-5.51017
-5.51114
-5.50952
-5.50855
-5.50758
-5.5079
-5.50758
-5.50693
-5.5079
-5.5079
-5.50693
-5.50499
-5.50693
-5.50758
-5.50855
-5.50823
-5.50661
-5.50694
-5.50694
-5.50662
-5.50532
-5.50435
-5.50629
-5.50597
-5.50661
-5.50661
-5.50726
-5.50725
-5.50887
-5.51114
-5.51179
-5.51115
-5.5118
-5.51213
-5.50889
-5.50792
-5.50565
-5.50662
-5.50791
-5.50824
-5.50727
-5.50759
-5.50759
-5.5063
-5.50792
-5.50921
-5.50921
-5.50985
-5.5105
-5.51082
-5.51017
-5.50952
-5.50856
-5.50888
-5.50791
-5.50597
-5.50597
-5.50759
-5.50727
-5.50727
-5.505
-5.50403
-5.505
-5.50759
-5.50598
-5.50565
-5.50597
-5.50695
-5.50921
-5.50856
-5.50888
-5.50727
-5.50953
-5.50824
-5.50889
-5.50922
-5.50825
-5.50889
-5.50663
-5.5076
-5.50727
-5.5063
-5.50792
-5.50954
-5.50792
-5.50922
-5.50889
-5.51084
-5.51116
-5.51083
-5.51051
-5.50727
-5.50565
-5.50533
-5.50403
-5.50436
-5.50403
-5.505
-5.50597
-5.50597
-5.5063
-5.50565
-5.50597
-5.50467
-5.50467
-5.50467
-5.50532
-5.50468
-5.505
-5.50565
-5.50792
-5.50824
-5.50921
-5.51019
-5.50954
-5.50727
-5.51084
-5.50954
-5.50857
-5.50565
-5.50565
-5.50694
-5.50371
-5.50338
-5.50338
-5.50338
-5.505
-5.50468
-5.50468
-5.50501
-5.50566
-5.50598
-5.50889
-5.50922
-5.50954
-5.50954
-5.50759
-5.50856
-5.50727
-5.50727
-5.50662
-5.50694
-5.50791
-5.50824
-5.50695
-5.50759
-5.50695
-5.50598
-5.5063
-5.50533
-5.50663
-5.50727
-5.5076
-5.50598
-5.505
-5.50468
-5.50727
-5.50922
-5.50954
-5.51019
-5.51051
-5.51116
-5.51083
-5.50922
-5.51084
-5.51019
-5.51019
-5.5076
-5.50857
-5.50727
-5.50695
-5.50694
-5.50791
-5.50597
-5.50662
-5.5063
-5.50856
-5.50792
-5.50727
-5.5063
-5.50565
-5.50566
-5.50727
-5.50792
-5.50727
-5.50759
-5.50598
-5.50662
-5.50695
-5.50727
-5.50825
-5.5076
-5.50857
-5.50728
-5.50728
-5.50533
-5.5076
-5.5076
-5.50436
-5.50533
-5.50662
-5.5076
-5.50986
-5.51407
-5.51375
-5.5157
-5.51602
-5.5157
-5.51376
-5.51149
-5.5089
-5.5089
-5.50825
-5.51051
-5.51019
-5.51052
-5.51052
-5.51052
-5.50922
-5.50922
-5.50954
-5.50825
-5.50566
-5.50696
-5.50793
-5.50793
-5.50922
-5.50825
-5.51051
-5.50921
-5.50727
-5.50566
-5.50534
-5.50566
-5.50566
-5.50372
-5.50404
-5.50307
-5.50371
-5.50307
-5.50372
-5.50566
-5.5076
-5.50663
-5.50793
-5.50858
-5.50922
-5.50857
-5.50695
-5.50792
-5.50663
-5.50761
-5.50858
-5.51053
-5.51344
-5.51312
-5.51182
-5.51214
-5.5102
-5.50923
-5.50923
-5.50858
-5.5089
-5.50728
-5.50599
-5.50761
-5.50696
-5.51052
-5.50955
-5.50955
-5.5102
-5.5102
-5.51053
-5.50858
-5.50988
-5.50891
-5.51053
-5.50858
-5.50761
-5.50631
-5.50825
-5.50825
-5.50534
-5.50469
-5.50372
-5.50372
-5.50437
-5.50535
-5.50632
-5.50599
-5.50632
-5.50664
-5.50632
-5.50761
-5.50891
-5.51117
-5.51053
-5.51247
-5.51409
-5.51409
-5.51409
-5.51247
-5.51214
-5.51214
-5.5089
-5.50923
-5.50794
-5.50567
-5.50567
-5.50438
-5.50535
-5.50437
-5.5047
-5.50729
-5.5047
-5.50341
-5.50276
-5.50016
-5.50049
-5.50146
-5.50405
-5.50469
-5.50469
-5.5047
-5.50502
-5.50664
-5.50664
-5.50567
-5.50664
-5.50761
-5.50858
-5.5076
-5.50695
-5.50663
-5.50825
-5.50987
-5.50857
-5.50955
-5.51052
-5.5102
-5.50826
-5.50437
-5.50308
-5.50405
-5.50469
-5.50469
-5.50599
-5.50664
-5.50664
-5.50502
-5.50567
-5.50794
-5.50794
-5.50632
-5.50988
-5.50923
-5.50923
-5.50955
-5.50858
-5.51117
-5.50826
-5.50891
-5.50794
-5.50859
-5.50664
-5.50761
-5.50697
-5.50761
-5.50956
-5.50859
-5.50794
-5.51151
-5.50924
-5.50924
-5.5086
-5.50795
-5.50698
-5.50989
-5.50892
-5.50989
-5.50924
-5.50697
-5.50827
-5.50632
-5.50406
-5.50535
-5.506
-5.50761
-5.50923
-5.50859
-5.50794
-5.50859
-5.5073
-5.5073
-5.5073
-5.50892
-5.50665
-5.5073
