0.793591
0.771664
0.735023
0.684817
0.62285
0.551887
0.47574
0.399174
0.3276
0.26639
0.21999
0.191083
0.180096
0.185261
0.203167
0.229574
0.260219
0.291388
0.320229
0.344826
0.364146
0.377894
0.386354
0.3902
0.390409
0.388079
0.384334
0.380247
0.376784
0.374673
0.374395
0.37617
0.379959
0.385542
0.392473
0.40027
0.408435
0.416505
0.42409
0.430852
0.436557
0.440984
0.443929
0.445242
0.444771
0.442432
0.438215
0.432313
0.425166
0.417447
0.41002
0.403799
0.399628
0.398176
0.399768
0.404319
0.411326
0.420039
0.429499
0.438713
0.446758
0.452924
0.456714
0.457878
0.456391
0.452503
0.44666
0.439486
0.431649
0.423769
0.416293
0.409431
0.40323
0.397621
0.392587
0.388269
0.384999
0.383229
0.383357
0.385461
0.389191
0.393785
0.398359
0.402279
0.405329
0.407655
0.409586
0.411398
0.413119
0.414556
0.415323
0.415056
0.413526
0.410694
0.406765
0.402046
0.396901
0.391643
0.386589
0.382022
0.378216
0.375436
0.373978
0.374064
0.375811
0.379186
0.384007
0.389921
0.396516
0.403358
0.410051
0.416317
0.422012
0.427055
0.431366
0.434853
0.437368
0.438758
0.438901
0.437706
0.435206
0.431618
0.427222
0.422432
0.417659
0.413298
0.409615
0.406725
0.404604
0.403133
0.402109
0.401315
0.40055
0.399732
0.398875
0.398156
0.397891
0.398441
0.400087
0.402955
0.406889
0.41143
0.415938
0.419683
0.42203
0.422556
0.421161
0.418099
0.413851
0.409046
0.404274
0.399883
0.396006
0.392504
0.389072
0.385449
0.381556
0.377586
0.373995
0.371449
0.370633
0.372066
0.375997
0.382355
0.390749
0.400578
0.41116
0.421803
0.431921
0.441057
0.44886
0.455139
0.459764
0.462656
0.463735
0.463023
0.460573
0.456522
0.451059
0.444413
0.436826
0.428468
0.419481
0.410018
0.400278
0.390579
0.381331
0.373018
0.366083
0.360877
0.357581
0.356193
0.356569
0.358462
0.36162
0.365811
0.370831
0.376501
0.382663
0.389159
0.395799
0.402411
0.408833
0.41493
0.420687
0.42613
0.431334
0.436356
0.441216
0.445842
0.450049
0.453556
0.45608
0.457319
0.457064
0.455115
0.451346
0.445741
0.438452
0.429876
0.420518
0.410973
0.401833
0.393581
0.386583
0.381095
0.37735
0.375618
0.376082
0.378717
0.383283
0.389289
0.39608
0.402994
0.409385
0.414711
0.41856
0.420638
0.420835
0.419219
0.416013
0.411564
0.406372
0.400972
0.39588
0.39149
0.388131
0.386039
0.385418
0.386411
0.389065
0.393325
0.39898
0.405593
0.41266
0.419675
0.426183
0.431853
0.436546
0.440282
0.443096
0.445039
0.446101
0.446187
0.445115
0.442704
0.438862
0.433678
0.427385
0.420401
0.413239
0.406366
0.400159
0.394856
0.39052
0.387034
0.384255
0.382022
0.380199
0.378803
0.377981
0.377969
0.379063
0.381505
0.385412
0.390674
0.396914
0.403607
0.410075
0.415609
0.419592
0.421653
0.421719
0.420081
0.4173
0.414023
0.410872
0.408269
0.40641
0.405284
0.404784
0.404758
0.405054
0.40555
0.406183
0.406965
0.407939
0.409154
0.41062
0.412296
0.414067
0.415667
0.416752
0.416943
0.415933
0.41352
0.409745
0.404961
0.399729
0.394768
0.3908
0.388385
0.387819
0.38912
0.391976
0.395861
0.400077
0.403937
0.406911
0.408713
0.409392
0.409278
0.408866
0.408659
0.409037
0.410172
0.4121
0.414706
0.417775
0.421009
0.424047
0.426493
0.427926
0.427939
0.426271
0.422896
0.418014
0.41213
0.405949
0.400339
0.396121
0.393945
0.394115
0.396556
0.400853
0.406295
0.412045
0.417261
0.421237
0.423436
0.423593
0.421701
0.418001
0.412871
0.406813
0.400285
0.393708
0.38748
0.381997
0.377732
0.375194
0.37484
0.376979
0.38169
0.388776
0.397759
0.407994
0.41869
0.428977
0.43802
0.445108
0.449707
0.451499
0.450441
0.446762
0.440963
0.433745
0.425908
0.418236
0.411372
0.405791
0.401762
0.399316
0.398322
0.398462
0.399307
0.400298
0.400856
0.400529
0.399081
0.396545
0.393172
0.389405
0.385749
0.382642
0.380444
0.379373
0.379537
0.381002
0.383768
0.38781
0.392995
0.39913
0.405953
0.413099
0.420156
0.426654
0.432124
0.436224
0.438692
0.439453
0.438588
0.436319
0.433009
0.429057
0.424917
0.421015
0.417712
0.415175
0.413442
0.412409
0.411812
0.411303
0.410469
0.408948
0.40648
0.403026
0.398731
0.393946
0.389248
0.385332
0.382878
0.382387
0.384059
0.387664
0.392618
0.39804
0.40304
0.406964
0.409533
0.41094
0.411785
0.412844
0.414781
0.417814
0.42171
0.425896
0.429712
0.43269
0.434593
0.435339
0.43501
0.433724
0.431553
0.428618
0.425099
0.421195
0.417215
0.413347
0.409732
0.406432
0.403506
0.401044
0.39919
0.398183
0.398331
0.399905
0.403043
0.407728
0.41367
0.420377
0.427159
0.433188
0.437731
0.440055
0.439618
0.436126
0.429608
0.420413
0.4092
0.39693
0.384783
0.373967
0.365609
0.360584
0.359432
0.362231
0.368521
0.377376
0.387521
0.397466
0.4058
0.411448
0.413863
0.413116
0.409853
0.405142
0.400216
0.396163
0.393767
0.393334
0.394737
0.397545
0.401091
0.404685
0.407737
0.409823
0.410782
0.410693
0.409856
0.408695
0.40767
0.40719
0.407533
0.408807
0.410956
0.413879
0.417411
0.42145
0.425885
0.430618
0.435504
0.440364
0.44493
0.448908
0.452043
0.454108
0.454852
0.45409
0.451696
0.447598
0.44186
0.434752
0.426719
0.418328
0.410061
0.402227
0.394889
0.387891
0.38104
0.374228
0.36753
0.361224
0.355708
0.351444
0.348865
0.348274
0.349802
0.353425
0.358996
0.366212
0.374745
0.384204
0.394159
0.404178
0.413844
0.422759
0.430555
0.436861
0.441384
0.443955
0.444509
0.443102
0.439846
0.434929
0.428617
0.421208
0.413103
0.404793
0.396828
0.389812
0.384374
0.380998
0.380079
0.381822
0.386139
0.392543
0.400224
0.408186
0.415499
0.421458
0.425686
0.428114
0.42889
0.428318
0.426725
0.424514
0.422078
0.419759
0.417874
0.416581
0.415855
0.415544
0.41547
0.415445
0.415344
0.415152
0.414874
0.414582
0.414391
0.414429
0.414765
0.415448
0.416411
0.417461
0.418265
0.418396
0.417458
0.415136
0.411282
0.405998
0.399633
0.392764
0.386114
0.380449
0.376441
0.374533
0.374885
0.377376
0.381647
0.387135
0.393167
0.39897
0.403733
0.406751
0.407561
0.406095
0.402747
0.398308
0.393832
0.390435
0.389044
0.390266
0.394256
0.400695
0.408911
0.417934
0.426747
0.434447
0.440402
0.444271
0.44604
0.445942
0.444352
0.44168
0.438236
0.434235
0.429748
0.424823
0.419545
0.414069
0.40865
0.403672
0.399592
0.396812
0.395605
0.396064
0.39804
0.401144
0.404808
0.408415
0.4114
0.413308
0.413901
0.413126
0.411092
0.408004
0.404141
0.399846
0.39548
0.391421
0.388002
0.385631
0.384666
0.385405
0.388072
0.392739
0.399291
0.407407
0.416516
0.425844
0.43455
0.441842
0.447136
0.450012
0.450196
0.447541
0.442057
0.433947
0.423725
0.412242
0.400685
0.390418
0.382791
0.378759
0.37876
0.382591
0.389507
0.398387
0.408035
0.417361
0.425496
0.431817
0.4359
0.437478
0.436422
0.43277
0.426783
0.41893
0.409905
0.400537
0.391682
0.38408
0.378258
0.374511
0.372927
0.373381
0.375592
0.379143
0.383554
0.38834
0.393118
0.397666
0.40194
0.406063
0.410164
0.414387
0.418768
0.423218
0.427506
0.431306
0.434258
0.436017
0.436257
0.434767
0.431466
0.426431
0.41991
0.412312
0.40421
0.396258
0.38916
0.383606
0.380167
0.379145
0.380454
0.383656
0.388004
0.392631
0.396767
0.399887
0.401817
0.402693
0.40289
0.402938
0.403404
0.404764
0.40729
0.410956
0.415491
0.420453
0.425351
0.429751
0.433325
0.435812
0.436999
0.43671
0.434757
0.4311
0.425812
0.419227
0.4119
0.404596
0.398233
0.393623
0.391375
0.391673
0.394222
0.398311
0.403061
0.407583
0.411183
0.413416
0.414131
0.413436
0.411597
0.408999
0.406045
0.403131
0.40056
0.398604
0.397495
0.397446
0.398571
0.40091
0.404316
0.40852
0.413065
0.417448
0.421106
0.42355
0.424475
0.423807
0.421717
0.418508
0.414555
0.410357
0.406467
0.403454
0.401794
0.401823
0.403583
0.406885
0.411281
0.416224
0.421138
0.42554
0.429047
0.431436
0.432662
0.43282
0.432106
0.43076
0.428895
0.42645
0.423325
0.419442
0.414828
0.409686
0.404401
0.399463
0.395279
0.392078
0.389882
0.388497
0.387621
0.387005
0.386503
0.386141
0.386046
0.386486
0.387732
0.389996
0.393369
0.397754
0.40287
0.408336
0.413717
0.418581
0.422526
0.425243
0.426512
0.426216
0.424389
0.421189
0.416881
0.411855
0.4066
0.401627
0.397405
0.394251
0.392359
0.391851
0.392759
0.395043
0.398626
0.403329
0.408876
0.414818
0.420608
0.425659
0.429413
0.431478
0.431654
0.430032
0.426888
0.422567
0.417492
0.412056
0.406622
0.401513
0.397039
0.393514
0.391183
0.390135
0.390287
0.39129
0.392623
0.393703
0.39396
0.392994
0.390702
0.387371
0.383668
0.380546
0.379054
0.380076
0.384166
0.391408
0.401359
0.413142
0.425568
0.437341
0.44725
0.454332
0.458061
0.458405
0.455771
0.450946
0.444869
0.438441
0.432385
0.427121
0.422824
0.419512
0.417141
0.415655
0.414968
0.414911
0.415174
0.415255
0.414613
0.412689
0.409091
0.403643
0.396471
0.387968
0.378833
0.369965
0.362273
0.356531
0.353277
0.352707
0.354807
0.359378
0.366116
0.37466
0.384642
0.395669
0.407342
0.419258
0.430935
0.441845
0.451353
0.458789
0.46356
0.465245
0.463638
0.458802
0.450999
0.440741
0.428694
0.415659
0.402591
0.390492
0.380369
0.373158
0.369567
0.369872
0.373861
0.380878
0.389954
0.400054
0.410199
0.419564
0.427455
0.43337
0.436979
0.438118
0.436863
0.43348
0.428391
0.422086
0.415071
0.407824
0.40085
0.394693
0.38983
0.386662
0.385401
0.386058
0.388461
0.392252
0.39705
0.402529
0.408467
0.414718
0.421172
0.427657
0.433883
0.80364
0.79837
0.783514
0.759356
0.726852
0.687809
0.644969
0.601698
0.561627
0.527906
0.502728
0.487124
0.481028
0.483499
0.492922
0.507186
0.523893
0.540717
0.555692
0.567385
0.574989
0.578161
0.577066
0.572252
0.564674
0.555634
0.546591
0.539038
0.534412
0.533826
0.537944
0.546768
0.559567
0.574976
0.591297
0.606851
0.620215
0.630398
0.637007
0.64022
0.640664
0.639227
0.636978
0.634868
0.633681
0.633827
0.63535
0.637878
0.640817
0.64336
0.644566
0.643462
0.639314
0.631839
0.621316
0.608621
0.595021
0.58186
0.570376
0.561523
0.555962
0.554053
0.556022
0.561893
0.571504
0.584283
0.599163
0.614631
0.628912
0.64034
0.647713
0.650488
0.648858
0.643687
0.636349
0.628378
0.621147
0.615645
0.612172
0.610516
0.610092
0.610173
0.610075
0.609316
0.607656
0.605056
0.60155
0.597264
0.592575
0.588203
0.585226
0.584709
0.58735
0.593089
0.600916
0.609131
0.61574
0.618919
0.617377
0.610568
0.5987
0.582658
0.563842
0.54402
0.525131
0.509081
0.49753
0.491731
0.492455
0.499852
0.513299
0.531607
0.553195
0.576379
0.599594
0.621482
0.640889
0.656884
0.668773
0.676016
0.67832
0.675737
0.668794
0.658441
0.646038
0.633107
0.621085
0.611021
0.603552
0.598956
0.597277
0.59835
0.60191
0.607407
0.614037
0.620815
0.626731
0.630893
0.632614
0.631446
0.627218
0.619978
0.610169
0.598618
0.586492
0.575148
0.565954
0.559887
0.557323
0.558052
0.561284
0.565905
0.570844
0.575403
0.579548
0.583813
0.588918
0.595274
0.602688
0.610428
0.617636
0.623795
0.629
0.633746
0.638668
0.644045
0.649729
0.655223
0.659898
0.663088
0.66433
0.663394
0.660162
0.654627
0.646808
0.636749
0.624593
0.610634
0.595386
0.579636
0.564429
0.550974
0.540403
0.533631
0.531243
0.533443
0.540101
0.550632
0.56396
0.578541
0.592484
0.603768
0.61057
0.611648
0.606702
0.59662
0.583404
0.569784
0.558701
0.552498
0.552437
0.558536
0.569734
0.584343
0.600409
0.616085
0.629816
0.640464
0.647506
0.651123
0.652038
0.651182
0.64935
0.647116
0.645037
0.643788
0.643924
0.6456
0.648191
0.650346
0.650469
0.647327
0.640556
0.630666
0.619017
0.607316
0.597153
0.589704
0.585607
0.584997
0.587576
0.59268
0.599298
0.606221
0.612178
0.616064
0.616984
0.614356
0.607989
0.598307
0.586281
0.573391
0.561425
0.552244
0.547478
0.548112
0.554243
0.564942
0.578404
0.592377
0.604693
0.613764
0.618768
0.619765
0.617454
0.612931
0.607381
0.601794
0.596816
0.592744
0.589609
0.587379
0.586046
0.585732
0.586574
0.588699
0.592137
0.596671
0.601826
0.606962
0.611442
0.614865
0.617185
0.618666
0.619794
0.620938
0.622081
0.622899
0.622953
0.622015
0.620189
0.617864
0.615568
0.613665
0.612375
0.611644
0.611276
0.610956
0.610362
0.609341
0.607881
0.606055
0.604027
0.601964
0.60006
0.598432
0.597075
0.595834
0.594473
0.592805
0.590782
0.588599
0.586597
0.584958
0.583632
0.582394
0.581037
0.579541
0.578151
0.577183
0.576916
0.577511
0.578937
0.581099
0.583908
0.58731
0.591163
0.595164
0.598752
0.601176
0.60168
0.599702
0.595045
0.58792
0.578915
0.568951
0.559155
0.550826
0.545281
0.543545
0.546152
0.55301
0.563525
0.57671
0.59142
0.606447
0.620738
0.63346
0.644128
0.652566
0.658769
0.662826
0.664827
0.664808
0.662795
0.658776
0.652803
0.645062
0.635947
0.626167
0.61673
0.608737
0.60316
0.600459
0.600372
0.602003
0.604135
0.605658
0.605889
0.604649
0.602132
0.598684
0.594681
0.590433
0.586198
0.582213
0.578776
0.57632
0.57536
0.576549
0.580522
0.587563
0.597383
0.608981
0.620781
0.631068
0.638353
0.641749
0.641121
0.63708
0.630654
0.623046
0.615188
0.607591
0.600355
0.593393
0.586686
0.580349
0.574646
0.56987
0.566172
0.563485
0.561682
0.560674
0.560558
0.561403
0.563184
0.56577
0.568909
0.572519
0.576669
0.581425
0.586778
0.592503
0.59819
0.603457
0.608135
0.612384
0.616634
0.621482
0.627354
0.634223
0.641591
0.648631
0.654378
0.657862
0.658194
0.654655
0.646855
0.634998
0.619964
0.603226
0.586707
0.572303
0.561746
0.556496
0.55766
0.56565
0.579854
0.598516
0.619085
0.638874
0.655705
0.668176
0.67558
0.677706
0.674686
0.666744
0.65419
0.637503
0.617514
0.59563
0.573788
0.554336
0.539433
0.530634
0.528643
0.533212
0.543415
0.55774
0.574233
0.590727
0.605037
0.615214
0.619949
0.618759
0.612008
0.600938
0.587519
0.574154
0.563343
0.557112
0.556492
0.561381
0.570651
0.582665
0.595786
0.608736
0.620699
0.631334
0.64068
0.648936
0.656298
0.662664
0.667527
0.670104
0.669555
0.665196
0.656868
0.644931
0.6303
0.614287
0.598503
0.584692
0.574561
0.56951
0.570339
0.577006
0.588527
0.603084
0.618245
0.631442
0.640455
0.643834
0.641166
0.633075
0.620974
0.606801
0.592622
0.580323
0.571302
0.566188
0.564897
0.566895
0.571589
0.578415
0.586968
0.596773
0.607057
0.616752
0.624649
0.629577
0.630715
0.627775
0.621132
0.611743
0.601097
0.590888
0.582818
0.578105
0.577101
0.579247
0.583406
0.588176
0.592188
0.594291
0.593744
0.590339
0.584385
0.57666
0.568227
0.560205
0.553538
0.549002
0.547281
0.54896
0.554367
0.563421
0.575382
0.588998
0.602856
0.615874
0.627629
0.638329
0.648356
0.657614
0.665377
0.670626
0.672615
0.671068
0.666172
0.65838
0.648311
0.636579
0.623974
0.611227
0.599035
0.587937
0.57841
0.570968
0.566149
0.564498
0.566415
0.571896
0.580448
0.59109
0.602423
0.612921
0.62104
0.625492
0.625444
0.620706
0.611784
0.599849
0.586494
0.573509
0.56251
0.55476
0.55096
0.551252
0.555419
0.563084
0.573807
0.586938
0.601507
0.616144
0.62918
0.639012
0.644437
0.644937
0.640755
0.632834
0.622682
0.611904
0.601927
0.593795
0.588025
0.584632
0.583311
0.583597
0.58501
0.587208
0.589927
0.592981
0.596183
0.599289
0.602038
0.604146
0.605437
0.605814
0.605286
0.603858
0.601632
0.59882
0.59564
0.59234
0.589178
0.586389
0.584179
0.582754
0.58236
0.583231
0.58557
0.589323
0.594198
0.599614
0.604887
0.609511
0.613383
0.616834
0.620468
0.624834
0.630013
0.635418
0.640109
0.6431
0.643745
0.641958
0.637932
0.631733
0.623224
0.612335
0.599422
0.585383
0.571412
0.558642
0.547992
0.540176
0.535727
0.534989
0.537997
0.544497
0.553943
0.565616
0.578684
0.592239
0.605293
0.616874
0.626295
0.633313
0.638034
0.640733
0.641585
0.640604
0.637737
0.633032
0.626875
0.620084
0.613729
0.608926
0.60651
0.606774
0.609392
0.613495
0.617981
0.621862
0.62457
0.626057
0.626648
0.626822
0.626911
0.626952
0.626662
0.625491
0.622756
0.61787
0.610566
0.601031
0.589943
0.578404
0.567755
0.559248
0.553814
0.551869
0.553345
0.557761
0.564415
0.572531
0.581321
0.590017
0.59791
0.604377
0.60888
0.61109
0.610948
0.60864
0.604566
0.599255
0.593292
0.587268
0.581634
0.576737
0.572727
0.569642
0.567583
0.566893
0.568106
0.571688
0.577619
0.585205
0.593238
0.600343
0.605426
0.607906
0.60777
0.605459
0.601648
0.597067
0.592317
0.587785
0.583797
0.580753
0.579067
0.57921
0.581492
0.58589
0.591951
0.598897
0.605828
0.611944
0.616776
0.620185
0.622342
0.623639
0.624382
0.624728
0.624604
0.623787
0.62203
0.619305
0.615918
0.612397
0.60939
0.607428
0.60671
0.606969
0.607564
0.607681
0.606594
0.603951
0.599895
0.595075
0.590411
0.586885
0.585292
0.58602
0.588924
0.593445
0.598694
0.603674
0.607471
0.609381
0.609017
0.606319
0.601571
0.595391
0.588637
0.582279
0.577242
0.574285
0.573753
0.57555
0.579229
0.584078
0.589309
0.594259
0.598413
0.60144
0.603104
0.603251
0.601754
0.59858
0.593749
0.587487
0.58028
0.572847
0.566066
0.560727
0.557329
0.556032
0.556727
0.559256
0.563559
0.569715
0.577741
0.587469
0.598358
0.609453
0.619665
0.628024
0.63387
0.63711
0.638148
0.63786
0.637342
0.63758
0.639093
0.641785
0.644968
0.647719
0.649321
0.649493
0.648436
0.646675
0.644714
0.642874
0.641061
0.638755
0.635063
0.628988
0.619873
0.607751
0.593496
0.57861
0.564961
0.554426
0.548415
0.547576
0.551704
0.559676
0.569677
0.579595
0.587516
0.592017
0.592399
0.588703
0.581634
0.572332
0.562087
0.552084
0.543296
0.536408
0.531935
0.530296
0.531791
0.536531
0.544282
0.554386
0.565889
0.577807
0.589314
0.599944
0.609538
0.618177
0.626109
0.633636
0.64092
0.647898
0.654277
0.659489
0.662813
0.663562
0.661223
0.655445
0.646091
0.633327
0.617795
0.600698
0.583945
0.569834
0.560602
0.557727
0.56161
0.571595
0.586289
0.603894
0.622517
0.640328
0.655735
0.667491
0.674845
0.67752
0.675663
0.669755
0.660571
0.649199
0.636868
0.624873
0.614327
0.605936
0.599761
0.595271
0.591576
0.587785
0.583303
0.57785
0.571422
0.564176
0.556269
0.547824
0.539009
0.529998
0.521
0.512191
0.503628
0.49543
0.488062
0.482618
0.480763
0.48422
0.494108
0.510433
0.531993
0.556679
0.581947
0.605463
0.62548
0.64101
0.651805
0.65821
0.660896
0.660713
0.658529
0.655132
0.651093
0.646765
0.642177
0.637072
0.631077
0.623957
0.615876
0.607444
0.599578
0.593216
0.589077
0.587454
0.588217
0.590868
0.594638
0.598741
0.60249
0.605397
0.607333
0.60851
0.609375
0.610347
0.611679
0.613326
0.614977
0.616162
0.616482
0.61567
0.613688
0.610745
0.607321
0.604184
0.602179
0.602068
0.604161
0.608154
0.613111
0.617713
0.620667
0.621073
0.618682
0.613776
0.607164
0.59985
0.592843
0.587022
0.582999
0.581015
0.580958
0.582414
0.58475
0.587271
0.589233
0.590017
0.589227
0.586825
0.583211
0.57909
0.575341
0.572803
0.57209
0.573514
0.577075
0.582385
0.588702
0.594969
0.803081
0.798786
0.786597
0.767374
0.743003
0.716133
0.689687
0.666175
0.647192
0.633355
0.624523
0.620255
0.62026
0.624375
0.632442
0.644208
0.659185
0.676561
0.695256
0.713923
0.731019
0.74493
0.754211
0.757805
0.755209
0.746528
0.732518
0.714666
0.695102
0.676412
0.661273
0.652021
0.650072
0.655554
0.667308
0.683201
0.700626
0.717096
0.730592
0.73977
0.743966
0.743175
0.738008
0.729491
0.718998
0.708018
0.698282
0.691557
0.689388
0.692696
0.701464
0.714679
0.73057
0.747023
0.762027
0.774025
0.781979
0.785447
0.784432
0.779381
0.771143
0.760841
0.749602
0.738318
0.727459
0.717106
0.707184
0.697714
0.688892
0.681124
0.674829
0.670454
0.668319
0.668488
0.670618
0.674046
0.677805
0.680887
0.682475
0.682142
0.679888
0.676125
0.671508
0.666744
0.662412
0.658825
0.656096
0.654225
0.653262
0.653332
0.654713
0.657881
0.663425
0.671879
0.683531
0.698188
0.715205
0.733516
0.751781
0.768609
0.782668
0.792937
0.798889
0.800544
0.798508
0.793639
0.786811
0.778736
0.769843
0.760356
0.750404
0.740084
0.729496
0.718684
0.707611
0.696347
0.685062
0.674085
0.663918
0.655168
0.648402
0.643946
0.641811
0.641622
0.642792
0.64478
0.647254
0.650343
0.654695
0.661301
0.671161
0.684839
0.702083
0.721896
0.742731
0.76279
0.780283
0.793373
0.800306
0.799522
0.789931
0.771117
0.743894
0.710429
0.674414
0.64082
0.614788
0.6001
0.598078
0.607471
0.625478
0.648644
0.673603
0.697688
0.719168
0.737157
0.751324
0.761368
0.766837
0.76742
0.763428
0.756052
0.747205
0.738783
0.731944
0.726976
0.723453
0.720631
0.717677
0.713869
0.708565
0.701341
0.692024
0.680738
0.668012
0.654922
0.643066
0.634283
0.63025
0.632049
0.639863
0.652775
0.669038
0.686565
0.703386
0.718054
0.729761
0.73823
0.743533
0.745888
0.745612
0.743129
0.738935
0.73345
0.727014
0.719841
0.712189
0.70454
0.697547
0.692005
0.688599
0.687762
0.689745
0.69468
0.702436
0.712412
0.723674
0.735026
0.745445
0.754233
0.761164
0.766162
0.768873
0.768521
0.764168
0.75527
0.742206
0.726485
0.710546
0.696974
0.687746
0.683662
0.684278
0.688242
0.69363
0.698512
0.701498
0.702158
0.701008
0.699307
0.69841
0.699174
0.701669
0.705199
0.708725
0.711184
0.711972
0.711144
0.709245
0.70696
0.704844
0.703043
0.701285
0.699169
0.69629
0.692488
0.687976
0.683255
0.679107
0.676339
0.675608
0.677356
0.681643
0.688011
0.695502
0.702749
0.708345
0.711233
0.710939
0.707802
0.702913
0.697802
0.693959
0.692523
0.694072
0.698696
0.70612
0.715874
0.727287
0.739444
0.751214
0.76135
0.768724
0.772559
0.772551
0.768858
0.762026
0.752897
0.742582
0.732416
0.723795
0.71787
0.71513
0.715262
0.717018
0.718732
0.718894
0.716506
0.711248
0.703296
0.693257
0.682209
0.671774
0.663848
0.66003
0.660886
0.665633
0.672605
0.680119
0.687119
0.693298
0.698867
0.704217
0.709459
0.714069
0.716974
0.717104
0.713991
0.708165
0.701021
0.694321
0.689367
0.686664
0.686081
0.68731
0.690081
0.69409
0.698882
0.703818
0.70835
0.71218
0.715198
0.717466
0.719096
0.720067
0.72024
0.719342
0.717129
0.713441
0.70847
0.702986
0.698248
0.695588
0.695866
0.699019
0.703945
0.708879
0.712138
0.712554
0.709789
0.704239
0.696826
0.688696
0.680912
0.674273
0.66932
0.666496
0.666351
0.669478
0.676283
0.686873
0.700742
0.716735
0.733269
0.748535
0.760699
0.768186
0.770072
0.766379
0.758289
0.7479
0.737518
0.728944
0.723297
0.721119
0.722457
0.726758
0.732749
0.73855
0.742065
0.741434
0.735457
0.72382
0.707268
0.687826
0.668899
0.655148
0.651149
0.658847
0.675908
0.697284
0.718067
0.735073
0.746714
0.752436
0.752314
0.747038
0.737918
0.72684
0.716191
0.708347
0.705092
0.707109
0.713664
0.7229
0.732366
0.73957
0.742631
0.740513
0.73324
0.721822
0.707969
0.693665
0.680854
0.671138
0.665709
0.665121
0.669293
0.677496
0.688455
0.700682
0.712772
0.723974
0.734385
0.744536
0.754487
0.763035
0.768044
0.76746
0.760253
0.746827
0.728937
0.709235
0.690641
0.675658
0.665712
0.660932
0.660168
0.661769
0.664433
0.667856
0.672723
0.679957
0.689936
0.702101
0.715182
0.727371
0.736544
0.740736
0.73901
0.731986
0.721448
0.709646
0.69855
0.689533
0.683231
0.679735
0.678875
0.680508
0.684565
0.690904
0.699049
0.708149
0.717063
0.724707
0.730365
0.733944
0.735874
0.736838
0.737297
0.737192
0.735953
0.732817
0.72742
0.720264
0.71259
0.705926
0.701521
0.700079
0.701734
0.706216
0.713015
0.721456
0.730766
0.740095
0.748513
0.755115
0.759036
0.759631
0.75644
0.749378
0.738903
0.726044
0.712427
0.700216
0.691568
0.687699
0.688235
0.691497
0.695446
0.698689
0.700753
0.701909
0.702798
0.704154
0.706459
0.709756
0.713601
0.717135
0.719354
0.719377
0.716675
0.711177
0.703241
0.693603
0.683091
0.672504
0.662428
0.653182
0.645125
0.638751
0.634792
0.634064
0.637207
0.644279
0.654706
0.667308
0.68069
0.693629
0.705273
0.715254
0.723611
0.730587
0.736362
0.740855
0.743689
0.744321
0.742359
0.737742
0.730892
0.722683
0.714405
0.707684
0.704159
0.704969
0.710347
0.719398
0.730356
0.741136
0.749801
0.754897
0.755656
0.751924
0.744213
0.733515
0.721109
0.708139
0.695387
0.683275
0.672164
0.662504
0.654871
0.649785
0.647633
0.648555
0.652371
0.658609
0.666542
0.675415
0.68466
0.694064
0.703694
0.713623
0.723747
0.733629
0.74255
0.749617
0.753985
0.754977
0.752261
0.745852
0.736178
0.724098
0.71101
0.698679
0.688951
0.683266
0.682294
0.685791
0.692858
0.702245
0.712616
0.722664
0.731237
0.737418
0.740667
0.740706
0.737557
0.731497
0.723018
0.7128
0.701714
0.690706
0.680705
0.672592
0.667112
0.664922
0.666341
0.671081
0.678233
0.686603
0.695158
0.703309
0.71095
0.718147
0.724948
0.731269
0.73688
0.741423
0.744462
0.745492
0.744023
0.739777
0.732761
0.723617
0.713621
0.704426
0.697656
0.694289
0.694401
0.697199
0.701532
0.70621
0.710319
0.713321
0.714871
0.71487
0.7133
0.710213
0.705953
0.701162
0.696626
0.693118
0.691102
0.690675
0.691695
0.693979
0.697282
0.701286
0.705473
0.709234
0.711952
0.713098
0.712364
0.709727
0.705597
0.700808
0.696531
0.694051
0.694512
0.698489
0.705686
0.714684
0.72328
0.729112
0.730495
0.726975
0.719365
0.709363
0.698994
0.689984
0.683473
0.680059
0.679999
0.683431
0.690241
0.699892
0.711324
0.723118
0.733773
0.74197
0.746868
0.748308
0.746774
0.743211
0.738663
0.734011
0.729737
0.725883
0.722172
0.718225
0.713674
0.70847
0.703031
0.698212
0.694968
0.694011
0.695582
0.699348
0.704591
0.710354
0.715507
0.718872
0.719306
0.716021
0.709011
0.699187
0.688153
0.677796
0.669712
0.664801
0.663556
0.666355
0.673325
0.684222
0.698057
0.71308
0.727145
0.738186
0.744652
0.745884
0.742194
0.734781
0.725379
0.715814
0.707577
0.701524
0.697877
0.696428
0.696721
0.698233
0.700374
0.702564
0.704168
0.704555
0.703155
0.699582
0.693787
0.686214
0.677789
0.669814
0.663822
0.661257
0.66311
0.669667
0.680449
0.694141
0.708906
0.722861
0.734434
0.742729
0.747544
0.749242
0.748537
0.746272
0.743246
0.740139
0.737503
0.735719
0.734906
0.73485
0.734869
0.734072
0.731501
0.726457
0.718681
0.708487
0.696751
0.684841
0.674268
0.666275
0.661591
0.660284
0.661828
0.665414
0.670202
0.675489
0.680592
0.684792
0.687341
0.687722
0.686017
0.68301
0.680126
0.678984
0.680812
0.685979
0.693915
0.703368
0.712807
0.720955
0.727005
0.73067
0.732084
0.731624
0.72973
0.726754
0.722819
0.71789
0.711807
0.704546
0.69638
0.688005
0.680329
0.674161
0.670076
0.668428
0.66938
0.672843
0.678567
0.686142
0.695116
0.704965
0.715032
0.724607
0.732958
0.739515
0.743977
0.746467
0.747349
0.746976
0.745435
0.74231
0.736945
0.728718
0.717505
0.704123
0.690462
0.679311
0.673596
0.67534
0.68453
0.698881
0.714774
0.728887
0.739287
0.745579
0.748554
0.74954
0.749861
0.750392
0.751511
0.753022
0.754163
0.753918
0.751232
0.745401
0.736223
0.724058
0.709614
0.69375
0.677297
0.661077
0.646015
0.633264
0.62424
0.620415
0.622777
0.631212
0.644477
0.660495
0.676938
0.691788
0.703738
0.712342
0.717949
0.721372
0.723435
0.724792
0.725688
0.726062
0.72569
0.724505
0.72278
0.721053
0.719924
0.719869
0.720954
0.722874
0.725088
0.727096
0.728473
0.728845
0.727844
0.725172
0.720688
0.714606
0.707452
0.699945
0.692918
0.687225
0.68367
0.682849
0.685067
0.690253
0.697815
0.706865
0.716368
0.725342
0.732905
0.738319
0.741066
0.740876
0.737989
0.733148
0.727491
0.722144
0.717871
0.714878
0.71284
0.711293
0.709866
0.708324
0.706527
0.704266
0.701116
0.696568
0.690352
0.682849
0.675237
0.669219
0.666343
0.66737
0.672085
0.679644
0.68908
0.699658
0.710929
0.722585
0.734271
0.745456
0.755492
0.763669
0.769302
0.771773
0.770582
0.765425
0.756114
0.742595
0.724947
0.703565
0.679302
0.653625
0.62867
0.606926
0.590829
0.582076
0.581133
0.587169
0.598485
0.613108
0.629332
0.646003
0.662684
0.679455
0.696741
0.714905
0.733857
0.752866
0.77058
0.785273
0.795477
0.80035
0.799976
0.79535
0.788083
0.779922
0.772132
0.765369
0.759683
0.754702
0.749975
0.745117
0.739893
0.734115
0.727758
0.720976
0.71402
0.707248
0.700901
0.694993
0.689409
0.68391
0.678139
0.671751
0.664646
0.657186
0.650312
0.64561
0.645174
0.651106
0.664702
0.68562
0.711417
0.737973
0.760775
0.776172
0.782251
0.778873
0.767338
0.749946
0.729321
0.707916
0.687733
0.670264
0.656532
0.647048
0.641955
0.640997
0.643566
0.803937
0.805887
0.805311
0.802426
0.797824
0.792305
0.78677
0.781989
0.778512
0.776574
0.776114
0.776905
0.778646
0.781161
0.784169
0.787208
0.789579
0.790603
0.789918
0.787556
0.78388
0.779383
0.77434
0.768706
0.762289
0.755015
0.747339
0.74025
0.734902
0.731968
0.731193
0.731619
0.732383
0.733619
0.736657
0.743391
0.755116
0.77169
0.79156
0.812381
0.831732
0.847581
0.858395
0.863308
0.862193
0.855677
0.845017
0.83193
0.818128
0.804957
0.79308
0.782483
0.772566
0.762763
0.752867
0.743275
0.735034
0.729559
0.728195
0.731645
0.739507
0.750301
0.761936
0.772617
0.781472
0.788548
0.794453
0.799811
0.80496
0.809766
0.813846
0.816977
0.819221
0.82101
0.822998
0.826106
0.83117
0.83859
0.847908
0.857761
0.866263
0.871706
0.873177
0.870679
0.864918
0.856736
0.846891
0.836167
0.825633
0.816381
0.809029
0.803366
0.79863
0.794001
0.788967
0.783493
0.777814
0.772345
0.767469
0.763485
0.76029
0.757274
0.753349
0.747368
0.738614
0.727245
0.714436
0.702193
0.692896
0.688761
0.691272
0.700817
0.716541
0.736676
0.759032
0.781466
0.802291
0.820317
0.834709
0.844981
0.850899
0.852513
0.850059
0.844042
0.835214
0.824508
0.813183
0.802759
0.794955
0.79137
0.792958
0.79972
0.810446
0.823014
0.834863
0.843524
0.847143
0.844778
0.836506
0.823194
0.806317
0.787606
0.768816
0.751644
0.737699
0.728239
0.723949
0.724758
0.730062
0.73912
0.751274
0.766049
0.782954
0.801317
0.820175
0.83851
0.85546
0.870244
0.882032
0.889907
0.89278
0.889637
0.879763
0.862929
0.839729
0.811772
0.781776
0.753255
0.729654
0.713133
0.703926
0.700571
0.700996
0.703653
0.707884
0.713555
0.720554
0.728485
0.736736
0.744653
0.751694
0.757491
0.76196
0.765471
0.768863
0.773236
0.779401
0.787693
0.79785
0.809141
0.820484
0.830722
0.838947
0.844658
0.847861
0.848801
0.847702
0.844707
0.839991
0.833968
0.827143
0.819879
0.812155
0.803574
0.793875
0.783412
0.773358
0.765534
0.761857
0.763506
0.770385
0.781069
0.793405
0.805267
0.81505
0.82167
0.824371
0.822738
0.816783
0.807189
0.795469
0.78374
0.77432
0.768924
0.768168
0.771483
0.777639
0.785443
0.79404
0.802941
0.811614
0.819184
0.82459
0.827066
0.826509
0.82348
0.818966
0.814001
0.80942
0.805629
0.802594
0.799912
0.797081
0.79373
0.789937
0.786304
0.783997
0.78426
0.787721
0.793835
0.801023
0.807048
0.809661
0.807142
0.798878
0.785619
0.769464
0.753507
0.741182
0.735409
0.73789
0.748689
0.766391
0.78856
0.81227
0.83462
0.853071
0.865801
0.871907
0.871405
0.865089
0.854399
0.841153
0.827288
0.814444
0.803608
0.794982
0.78812
0.782415
0.77746
0.773285
0.770304
0.769014
0.769599
0.771763
0.774801
0.777851
0.780343
0.782327
0.78455
0.788052
0.793692
0.801586
0.81096
0.820226
0.827408
0.830638
0.828603
0.820882
0.808168
0.792199
0.775388
0.760167
0.748334
0.740682
0.736901
0.735971
0.73658
0.737513
0.737824
0.737041
0.735255
0.733004
0.730999
0.729925
0.730168
0.73164
0.733761
0.735417
0.735042
0.731265
0.723618
0.713403
0.704026
0.70023
0.705903
0.722083
0.746797
0.776608
0.808142
0.838497
0.865337
0.886929
0.902208
0.910801
0.912948
0.909475
0.901621
0.89097
0.879236
0.867977
0.85827
0.850452
0.844098
0.838179
0.831508
0.823161
0.812818
0.800946
0.788747
0.778003
0.770698
0.768513
0.772328
0.781918
0.796006
0.812501
0.828823
0.842207
0.850193
0.850992
0.84383
0.829111
0.808476
0.784329
0.759466
0.73654
0.717851
0.70511
0.699292
0.700526
0.708074
0.720488
0.735915
0.752306
0.767561
0.779788
0.78781
0.791544
0.791934
0.790717
0.789954
0.791547
0.796656
0.805395
0.816737
0.828714
0.839031
0.845561
0.846789
0.842025
0.83124
0.815111
0.794969
0.772702
0.750629
0.731176
0.716536
0.70816
0.706494
0.711078
0.72094
0.734893
0.751723
0.770226
0.789048
0.806613
0.8212
0.831343
0.836121
0.835362
0.829778
0.820726
0.810064
0.799899
0.792189
0.788346
0.789018
0.79392
0.801977
0.811527
0.82064
0.827491
0.830664
0.829549
0.824393
0.816255
0.806469
0.796178
0.786148
0.776919
0.768931
0.76256
0.75799
0.755167
0.753868
0.753794
0.754647
0.756131
0.758076
0.760462
0.7634
0.766888
0.770509
0.773374
0.774385
0.772641
0.767875
0.760658
0.752236
0.74412
0.73763
0.733547
0.731985
0.73274
0.735748
0.74102
0.748335
0.757146
0.7668
0.776817
0.786782
0.796205
0.804732
0.812472
0.820112
0.828639
0.838752
0.85044
0.862979
0.875159
0.885417
0.892077
0.893516
0.888635
0.877163
0.860066
0.839246
0.81736
0.797113
0.780912
0.770366
0.766068
0.767603
0.773616
0.782318
0.791757
0.800145
0.806059
0.808476
0.806809
0.801098
0.792195
0.781681
0.771554
0.763579
0.758655
0.756624
0.756608
0.75771
0.759661
0.76275
0.767431
0.77368
0.780839
0.787905
0.794053
0.798715
0.80145
0.801798
0.799512
0.794705
0.787886
0.779769
0.771065
0.762266
0.753873
0.746612
0.741701
0.74061
0.744345
0.753047
0.765934
0.781675
0.798838
0.816044
0.832015
0.84558
0.855778
0.86206
0.864409
0.863164
0.858772
0.851555
0.841815
0.830213
0.818143
0.807766
0.801328
0.799948
0.802828
0.807518
0.810931
0.810664
0.805801
0.797032
0.786233
0.775734
0.767702
0.763553
0.763777
0.76783
0.774192
0.78064
0.784815
0.784942
0.780344
0.771537
0.760056
0.748077
0.737905
0.731705
0.731148
0.737091
0.74947
0.76719
0.788234
0.809912
0.829471
0.844581
0.853745
0.856458
0.85315
0.844992
0.833522
0.820398
0.807213
0.795267
0.785525
0.778602
0.774692
0.773559
0.77462
0.777103
0.780274
0.783671
0.787084
0.790558
0.794308
0.798595
0.803744
0.810049
0.817374
0.825039
0.831975
0.837023
0.839371
0.838676
0.835014
0.828644
0.82012
0.810356
0.800613
0.792011
0.784951
0.779136
0.773876
0.768709
0.763588
0.758674
0.754112
0.749939
0.746298
0.743577
0.742226
0.742578
0.744636
0.748119
0.752716
0.758475
0.765957
0.776046
0.78931
0.805358
0.822496
0.838086
0.849418
0.854363
0.851794
0.841684
0.82486
0.802938
0.778339
0.754598
0.736169
0.727081
0.728804
0.739485
0.755207
0.772094
0.787564
0.800339
0.809975
0.81645
0.819891
0.820426
0.818166
0.813377
0.806662
0.799137
0.792276
0.787554
0.786014
0.788166
0.794001
0.802999
0.814124
0.825887
0.836872
0.846057
0.853015
0.857573
0.859532
0.858465
0.853819
0.845382
0.833175
0.817691
0.799822
0.780849
0.762266
0.745483
0.731503
0.720853
0.713672
0.709997
0.709882
0.713269
0.719707
0.728352
0.738114
0.747883
0.756821
0.764498
0.770912
0.776339
0.781241
0.786006
0.790642
0.794681
0.797395
0.798035
0.796259
0.792222
0.786574
0.780435
0.775204
0.772429
0.773602
0.779945
0.791882
0.808563
0.827725
0.846034
0.860076
0.867282
0.866675
0.858929
0.845959
0.830198
0.813908
0.798759
0.785807
0.775799
0.769405
0.767237
0.769602
0.776133
0.78572
0.796629
0.806923
0.815004
0.820046
0.822417
0.823669
0.826152
0.832062
0.842137
0.855206
0.868635
0.879437
0.885125
0.884079
0.875563
0.859644
0.837214
0.810059
0.780823
0.753045
0.730869
0.718222
0.717363
0.727495
0.744825
0.764304
0.781671
0.79467
0.802924
0.807289
0.808967
0.809009
0.808034
0.80631
0.803825
0.800355
0.795391
0.788148
0.77779
0.763785
0.746527
0.727627
0.709741
0.695938
0.688676
0.688964
0.696226
0.708798
0.724551
0.741592
0.758537
0.774433
0.788736
0.801171
0.811748
0.820622
0.82789
0.833207
0.835925
0.83527
0.830737
0.822548
0.811966
0.800973
0.791844
0.786423
0.785617
0.78941
0.796872
0.806816
0.817965
0.829184
0.839451
0.847919
0.853872
0.856745
0.856268
0.852386
0.845122
0.834497
0.820836
0.805032
0.788419
0.772455
0.758228
0.746413
0.737415
0.731609
0.729463
0.731467
0.737899
0.748618
0.762964
0.779804
0.797508
0.813957
0.826574
0.83271
0.830442
0.819406
0.801431
0.78026
0.760329
0.745189
0.736515
0.734181
0.736932
0.743107
0.751019
0.759229
0.766607
0.77239
0.77624
0.778449
0.779803
0.781506
0.784921
0.791079
0.800233
0.811553
0.82329
0.833245
0.83949
0.840922
0.837623
0.830708
0.821698
0.811965
0.802464
0.793873
0.787105
0.78324
0.783315
0.787806
0.796342
0.807708
0.820125
0.831667
0.840591
0.845686
0.846477
0.843133
0.836068
0.825494
0.811488
0.794433
0.77565
0.757644
0.743753
0.736764
0.737511
0.744385
0.754499
0.765212
0.774992
0.783306
0.789989
0.794881
0.797579
0.797714
0.795136
0.790006
0.782947
0.775045
0.767689
0.762207
0.759508
0.759706
0.762207
0.765863
0.76937
0.77154
0.771463
0.768609
0.762855
0.754638
0.74527
0.736987
0.732477
0.734076
0.742973
0.758623
0.778834
0.800507
0.820597
0.836845
0.848098
0.854302
0.856214
0.855027
0.852206
0.849102
0.846614
0.845035
0.843954
0.842372
0.839003
0.832702
0.822988
0.810061
0.794816
0.778714
0.763564
0.751186
0.743103
0.740092
0.741945
0.747607
0.755596
0.764453
0.773069
0.78084
0.787488
0.792947
0.797262
0.800463
0.802504
0.803412
0.803296
0.802271
0.800363
0.797485
0.793641
0.78918
0.784803
0.781266
0.778885
0.77746
0.776501
0.775517
0.77431
0.772807
0.771011
0.769273
0.768641
0.770658
0.776413
0.785598
0.796749
0.808128
0.818336
0.826548
0.832394
0.835837
0.837205
0.836966
0.835545
0.833249
0.830296
0.826952
0.823431
0.819602
0.814823
0.808197
0.799305
0.788834
0.778741
0.771504
0.768882
0.771131
0.777036
0.784777
0.792841
0.80028
0.806483
0.81105
0.813758
0.814549
0.813567
0.811056
0.807224
0.802207
0.795964
0.788181
0.778493
0.766653
0.753021
0.738788
0.725921
0.716623
0.712657
0.786738
0.744165
0.674549
0.632637
0.690402
0.828423
0.965847
1.05646
1.09406
1.08788
1.05846
1.03169
1.02053
1.0284
1.04851
1.05676
1.03539
0.984686
0.915727
0.850149
0.816746
0.825875
0.854441
0.871489
0.864295
0.840567
0.817624
0.80869
0.816203
0.834886
0.856114
0.870184
0.869233
0.849877
0.814329
0.770135
0.72847
0.699686
0.688191
0.691134
0.701969
0.714982
0.727245
0.738473
0.750063
0.764265
0.783078
0.806908
0.833516
0.858679
0.878337
0.890738
0.89667
0.898287
0.898098
0.898313
0.900453
0.905064
0.911632
0.918823
0.924978
0.928511
0.928231
0.923607
0.91492
0.903064
0.889295
0.874793
0.860459
0.84715
0.835777
0.827554
0.823891
0.825987
0.834016
0.846548
0.860786
0.873644
0.88268
0.886434
0.884485
0.877451
0.866731
0.853846
0.839944
0.825856
0.812624
0.801871
0.795562
0.795236
0.801523
0.814062
0.831734
0.852864
0.875255
0.896301
0.913449
0.924488
0.927967
0.923329
0.910881
0.891781
0.867892
0.841758
0.816436
0.794977
0.779994
0.77313
0.774916
0.784563
0.800021
0.818223
0.835693
0.849059
0.855648
0.853797
0.843175
0.824902
0.801415
0.776044
0.752601
0.734652
0.724771
0.724043
0.731835
0.746194
0.764566
0.78448
0.803925
0.821403
0.835867
0.84688
0.854745
0.860571
0.865858
0.871964
0.879662
0.888916
0.899045
0.909095
0.91821
0.925852
0.93187
0.936353
0.9393
0.940401
0.938957
0.934005
0.924868
0.911692
0.895598
0.87809
0.860539
0.844108
0.829837
0.818877
0.8121
0.809625
0.810625
0.813621
0.817175
0.820561
0.823887
0.827783
0.832826
0.838948
0.845264
0.850383
0.853052
0.852672
0.849323
0.843734
0.836885
0.829704
0.822937
0.816994
0.811926
0.807616
0.804064
0.801584
0.801111
0.803733
0.810142
0.820199
0.832839
0.84639
0.85906
0.869375
0.876482
0.880228
0.880948
0.87929
0.876215
0.872988
0.871026
0.871389
0.874373
0.879273
0.884514
0.88792
0.887418
0.881675
0.870513
0.854932
0.836746
0.818217
0.801546
0.788185
0.778735
0.773073
0.770696
0.771054
0.773612
0.778009
0.784058
0.791679
0.800854
0.811394
0.822836
0.834406
0.845384
0.855251
0.863931
0.871598
0.878347
0.883896
0.88771
0.889473
0.889672
0.88975
0.891515
0.896059
0.902655
0.908968
0.912209
0.910322
0.902381
0.888606
0.870316
0.849905
0.830644
0.816014
0.808764
0.810064
0.819095
0.833485
0.849917
0.864974
0.875612
0.879575
0.875628
0.863634
0.844501
0.820065
0.793023
0.766709
0.744645
0.72984
0.724149
0.72796
0.740249
0.758921
0.781301
0.80467
0.826772
0.846096
0.861863
0.87385
0.882117
0.886878
0.888625
0.888089
0.886162
0.883699
0.881147
0.878525
0.875552
0.871868
0.867339
0.862271
0.857273
0.853093
0.85012
0.848482
0.848218
0.849364
0.851866
0.855441
0.859505
0.863286
0.865904
0.866552
0.864574
0.859676
0.852091
0.842441
0.831581
0.820371
0.810044
0.802187
0.798309
0.799361
0.805553
0.816456
0.831204
0.84867
0.86762
0.886653
0.904153
0.918307
0.927323
0.92974
0.924711
0.912274
0.893512
0.8705
0.845901
0.822342
0.802112
0.786956
0.777956
0.775444
0.778998
0.787442
0.799085
0.811957
0.824245
0.834611
0.842164
0.846456
0.847313
0.845015
0.840517
0.835387
0.831425
0.830155
0.832383
0.838062
0.846393
0.85598
0.865251
0.872778
0.877525
0.879064
0.877637
0.87408
0.869696
0.865945
0.86422
0.865565
0.870425
0.878277
0.887612
0.896487
0.903242
0.90715
0.90852
0.908308
0.907645
0.907129
0.90654
0.904814
0.900388
0.891803
0.87832
0.860212
0.838907
0.816611
0.796021
0.779773
0.769933
0.767469
0.771915
0.781405
0.793299
0.804823
0.813625
0.818197
0.817984
0.813315
0.805249
0.795298
0.785176
0.776589
0.771135
0.77012
0.774409
0.784234
0.7988
0.816386
0.834581
0.850663
0.862082
0.866954
0.864272
0.854022
0.83708
0.815054
0.790273
0.765728
0.745008
0.731998
0.730221
0.741552
0.765215
0.797671
0.834123
0.870311
0.903433
0.932004
0.954961
0.970986
0.978512
0.976255
0.963876
0.942512
0.914838
0.884731
0.856613
0.83446
0.820884
0.816773
0.821257
0.831957
0.845681
0.859008
0.869045
0.874142
0.874179
0.870504
0.865147
0.859812
0.855057
0.850088
0.843469
0.834101
0.822027
0.808622
0.796277
0.787685
0.784948
0.789107
0.799994
0.816418
0.836509
0.857996
0.878432
0.895447
0.906885
0.911318
0.908221
0.898185
0.88277
0.864154
0.84443
0.825134
0.807632
0.793414
0.784007
0.780289
0.781992
0.787773
0.795791
0.804435
0.812861
0.821024
0.829357
0.838392
0.848522
0.859995
0.872753
0.88627
0.899338
0.909956
0.915656
0.914125
0.903792
0.884615
0.858472
0.828963
0.800825
0.778647
0.765926
0.764437
0.774138
0.7933
0.818751
0.846474
0.872615
0.89424
0.909649
0.918278
0.920524
0.91738
0.910128
0.899914
0.887706
0.874349
0.860896
0.848835
0.839892
0.835527
0.836349
0.841931
0.85088
0.861078
0.870123
0.875944
0.877081
0.872939
0.863792
0.850685
0.835348
0.819892
0.806295
0.795877
0.788872
0.784386
0.780911
0.777317
0.773595
0.771002
0.77127
0.775681
0.784689
0.797942
0.814487
0.832896
0.851326
0.867918
0.881258
0.890938
0.897566
0.902212
0.905758
0.908455
0.909787
0.908911
0.905107
0.898113
0.888162
0.875972
0.862861
0.850773
0.841925
0.837802
0.838306
0.841667
0.845042
0.845647
0.841797
0.833318
0.821589
0.808989
0.798314
0.791943
0.791176
0.796179
0.806114
0.819495
0.834334
0.848389
0.859427
0.865404
0.864792
0.856836
0.841746
0.820959
0.797241
0.774667
0.75791
0.751129
0.75635
0.77263
0.796543
0.82365
0.849985
0.872918
0.891329
0.905362
0.915872
0.923809
0.92981
0.934034
0.936272
0.93614
0.933176
0.926836
0.916877
0.90355
0.887911
0.871622
0.856366
0.843203
0.832202
0.822546
0.813013
0.80257
0.790927
0.77886
0.768045
0.760641
0.75851
0.762579
0.772491
0.786796
0.80331
0.819672
0.833705
0.843583
0.847779
0.845082
0.834681
0.816662
0.792949
0.768139
0.748676
0.739649
0.741844
0.752225
0.7671
0.783917
0.801288
0.818438
0.834798
0.849654
0.862278
0.872155
0.879304
0.884392
0.888618
0.893167
0.898642
0.904781
0.910543
0.914622
0.915826
0.913281
0.906386
0.895142
0.880154
0.862631
0.844413
0.827673
0.814608
0.806855
0.804756
0.806959
0.810598
0.812381
0.809886
0.802619
0.792138
0.78158
0.774497
0.773592
0.779984
0.793231
0.811718
0.833179
0.855127
0.875124
0.891122
0.901732
0.906454
0.905719
0.900842
0.893601
0.885897
0.879162
0.873853
0.869456
0.864756
0.858702
0.851296
0.844127
0.839946
0.841083
0.847687
0.857245
0.86587
0.869915
0.867252
0.857791
0.843764
0.829357
0.81914
0.816268
0.82149
0.833414
0.849345
0.866176
0.881072
0.892054
0.898199
0.899364
0.895713
0.887418
0.874567
0.857311
0.836203
0.812551
0.788486
0.766866
0.750828
0.743177
0.745547
0.757732
0.777666
0.801977
0.82689
0.849048
0.865961
0.87607
0.878592
0.873578
0.861925
0.845338
0.826214
0.807321
0.79138
0.780695
0.776788
0.780351
0.791183
0.808092
0.828864
0.850637
0.870399
0.885668
0.894848
0.89737
0.893659
0.884832
0.872499
0.858692
0.845625
0.835365
0.829378
0.828266
0.831894
0.839594
0.850349
0.862691
0.874889
0.885245
0.892304
0.895294
0.894242
0.889797
0.882754
0.873777
0.863301
0.851857
0.840372
0.830025
0.821873
0.816438
0.813564
0.812619
0.812796
0.813623
0.815249
0.81836
0.823554
0.830611
0.838287
0.844791
0.848799
0.850203
0.850187
0.850543
0.852514
0.855975
0.859459
0.860962
0.858839
0.852299
0.841412
0.82711
0.811092
0.795692
0.783456
0.776603
0.776395
0.782965
0.795471
0.812396
0.831756
0.851333
0.86891
0.882714
0.89164
0.89538
0.894294
0.88913
0.880803
0.870415
0.859263
0.848713
0.839638
0.832134
0.825919
0.821237
0.819198
0.820809
0.82602
0.833889
0.843333
0.853136
0.861669
0.867179
0.868618
0.865899
0.859945
0.852266
0.844558
0.838365
0.834857
0.834684
0.838021
0.844373
0.852621
0.861061
0.867697
0.870816
0.869574
0.864453
0.856987
0.849146
0.842601
0.838578
0.838042
0.841384
0.847785
0.855095
0.860606
0.862239
0.859478
0.853636
0.847304
0.843146
0.842614
0.845435
0.850246
0.855593
0.86051
0.864523
0.867448
0.869144
0.869311
0.867265
0.862129
0.853369
0.841397
0.827977
0.816092
0.80882
0.807533
0.811075
0.816866
0.822523
0.826618
0.828661
0.828943
0.828341
0.828018
0.829025
0.831754
0.835645
0.839427
0.841568
0.840997
0.837415
0.831348
0.823815
0.816027
0.809189
0.80439
0.802354
0.80328
0.806956
0.812814
0.820109
0.828128
0.83618
0.843733
0.850282
0.855562
0.859458
0.861955
0.862859
0.861601
0.857568
0.850489
0.840894
0.830221
0.820223
0.812231
0.806523
0.802365
0.798424
0.793543
0.787587
0.782064
0.779883
0.784001
0.795916
0.814931
0.838722
0.864529
0.889899
0.912833
0.93173
0.945239
0.952375
0.952396
0.944825
0.929543
0.906998
0.87836
0.845655
0.81164
0.779513
0.752499
0.733492
0.72483
0.728019
0.743256
0.76878
0.800744
0.834072
0.863859
0.88668
0.901218
0.908085
0.908954
0.905604
0.899355
0.890948
0.880755
0.869016
0.856083
0.842581
0.829287
0.817143
0.806995
0.799392
0.794728
0.793449
0.796224
0.80379
0.816616
0.834647
0.856835
0.881054
0.904296
0.923311
0.935463
0.939388
0.935176
0.924011
0.907767
0.888555
0.868438
0.849279
0.832438
0.818579
0.807707
0.799291
0.792734
0.787656
0.783764
0.780784
0.778405
0.77646
0.775218
0.775382
0.777965
0.78399
0.794042
0.807775
0.823957
0.840781
0.856401
0.869356
0.878851
0.884657
0.886974
0.886366
0.883647
0.879794
0.875797
0.872657
0.871093
0.871316
0.872897
0.874729
0.875403
0.873817
0.796772
0.793035
0.78926
0.785557
0.781522
0.77655
0.770176
0.762575
0.75471
0.748184
0.744635
0.745163
0.749882
0.757814
0.767121
0.775659
0.781692
0.784362
0.784029
0.782049
0.780159
0.779662
0.781059
0.784324
0.789401
0.796633
0.806691
0.820112
0.836699
0.855046
0.872546
0.885947
0.892311
0.8903
0.880868
0.867093
0.85288
0.841094
0.832557
0.826618
0.822394
0.819526
0.817969
0.817704
0.818337
0.819129
0.819236
0.81802
0.815217
0.810868
0.805259
0.798725
0.79152
0.784091
0.777261
0.772263
0.770265
0.77156
0.775251
0.779558
0.782692
0.783628
0.782442
0.780039
0.777588
0.775998
0.775704
0.776546
0.77813
0.780025
0.782283
0.785552
0.790835
0.799266
0.811501
0.827321
0.84525
0.862665
0.876312
0.88306
0.880682
0.868519
0.8476
0.820342
0.790096
0.76061
0.735559
0.717901
0.709408
0.710359
0.719731
0.735641
0.755574
0.77653
0.795414
0.809616
0.81777
0.820041
0.817828
0.81314
0.808019
0.80421
0.802852
0.804155
0.807362
0.810818
0.812555
0.811008
0.805734
0.797496
0.788135
0.780085
0.77556
0.775796
0.780736
0.789184
0.799517
0.810403
0.821205
0.831796
0.842025
0.851403
0.858906
0.863208
0.862989
0.857268
0.845775
0.82907
0.808602
0.786622
0.765837
0.749049
0.738605
0.735963
0.741319
0.753509
0.770168
0.788172
0.804241
0.815575
0.820506
0.818978
0.81254
0.80406
0.797051
0.794599
0.798367
0.808013
0.821297
0.83489
0.845394
0.850281
0.84816
0.838882
0.823229
0.802616
0.778884
0.754145
0.730798
0.711442
0.698557
0.694107
0.699077
0.713195
0.734864
0.76145
0.789777
0.816738
0.839701
0.8567
0.866538
0.869009
0.864938
0.856144
0.844989
0.833809
0.82431
0.817208
0.812227
0.808469
0.805015
0.801272
0.79709
0.792654
0.788406
0.784916
0.782752
0.782344
0.783891
0.787306
0.792296
0.798409
0.805158
0.812055
0.818655
0.824473
0.828846
0.830726
0.82883
0.822058
0.810013
0.79362
0.775221
0.758206
0.746198
0.74208
0.7469
0.759523
0.777363
0.797573
0.817708
0.835839
0.850422
0.860478
0.865987
0.867868
0.867185
0.864287
0.858898
0.850786
0.840566
0.829818
0.820375
0.813288
0.808425
0.80456
0.800095
0.79377
0.785086
0.77455
0.763787
0.755207
0.751275
0.753569
0.762095
0.775293
0.790685
0.805724
0.818514
0.828173
0.834667
0.838449
0.840158
0.840303
0.838924
0.83572
0.83023
0.82218
0.81182
0.800025
0.788236
0.778245
0.77172
0.769793
0.772799
0.78041
0.79182
0.80592
0.821365
0.836408
0.848964
0.856837
0.858417
0.853204
0.841892
0.826013
0.807207
0.786937
0.766524
0.74738
0.731228
0.719883
0.714886
0.716974
0.725776
0.739969
0.757741
0.777145
0.796466
0.814233
0.829047
0.839666
0.845077
0.844768
0.838991
0.828915
0.81661
0.804625
0.795413
0.790561
0.790472
0.794472
0.801329
0.809848
0.819176
0.828629
0.837372
0.844524
0.849285
0.851163
0.849919
0.845423
0.837614
0.826631
0.812935
0.797497
0.782015
0.768659
0.75951
0.755736
0.757202
0.762684
0.77051
0.779277
0.788161
0.796954
0.805616
0.813744
0.820183
0.823008
0.820388
0.811534
0.797348
0.7803
0.763665
0.750612
0.74361
0.74416
0.752771
0.769151
0.792462
0.821177
0.852961
0.884407
0.911516
0.930565
0.939091
0.936196
0.92275
0.901119
0.875033
0.848677
0.825483
0.807142
0.793567
0.783486
0.775197
0.767063
0.758113
0.74864
0.740129
0.734581
0.733666
0.738362
0.748963
0.765082
0.785438
0.807881
0.829727
0.84838
0.861878
0.869446
0.871438
0.868682
0.861597
0.850014
0.833892
0.814041
0.792485
0.771818
0.754527
0.742265
0.735558
0.733764
0.735487
0.739191
0.743632
0.74818
0.752649
0.757166
0.761896
0.766883
0.772006
0.777047
0.781843
0.786304
0.790481
0.794515
0.798597
0.802904
0.807493
0.812099
0.816077
0.818621
0.81902
0.817066
0.813094
0.807951
0.802625
0.798066
0.794908
0.793464
0.793873
0.796156
0.800271
0.80608
0.813301
0.82148
0.830004
0.838166
0.845034
0.849432
0.850209
0.84669
0.839017
0.828191
0.815789
0.803478
0.792729
0.784644
0.779817
0.778292
0.779612
0.783033
0.787884
0.793739
0.800269
0.80681
0.812034
0.814625
0.814112
0.811175
0.807331
0.804091
0.802315
0.802007
0.802461
0.802807
0.802462
0.801552
0.800928
0.801716
0.804735
0.810052
0.816976
0.824358
0.830826
0.834758
0.834808
0.830785
0.824423
0.818877
0.816866
0.81882
0.822635
0.825431
0.825357
0.82208
0.816271
0.808869
0.800554
0.791642
0.782331
0.772859
0.76368
0.755517
0.74934
0.746326
0.747735
0.754552
0.767039
0.784609
0.805839
0.828974
0.852333
0.874506
0.894282
0.91035
0.921171
0.92521
0.921221
0.908516
0.887215
0.858466
0.824458
0.788209
0.753401
0.723863
0.702903
0.69284
0.694589
0.707451
0.729211
0.756552
0.785572
0.812385
0.833739
0.847596
0.853409
0.852067
0.845513
0.836174
0.826326
0.817542
0.810484
0.805315
0.802052
0.80084
0.801761
0.804507
0.808362
0.812616
0.816613
0.819811
0.821503
0.820854
0.817104
0.809853
0.79934
0.78655
0.773192
0.761329
0.752985
0.749537
0.751217
0.757139
0.765876
0.776261
0.787694
0.799851
0.812254
0.824192
0.834963
0.844042
0.851304
0.857023
0.861543
0.865162
0.868068
0.870346
0.871927
0.872651
0.872197
0.86987
0.864716
0.855678
0.842017
0.823661
0.80149
0.777388
0.753964
0.734019
0.719858
0.712538
0.71164
0.71556
0.722333
0.730493
0.739348
0.748829
0.758974
0.769519
0.779724
0.788489
0.794602
0.797258
0.796294
0.792254
0.786321
0.780293
0.776559
0.777578
0.785014
0.798769
0.816717
0.835526
0.851801
0.863096
0.868391
0.867994
0.863065
0.855134
0.846003
0.837655
0.832087
0.830846
0.834511
0.842381
0.852825
0.863695
0.872961
0.878949
0.880362
0.87635
0.866746
0.852227
0.834069
0.813868
0.793316
0.773914
0.75688
0.74318
0.733413
0.727564
0.725235
0.725836
0.728802
0.733562
0.739573
0.746226
0.75283
0.758942
0.764481
0.769859
0.775787
0.782997
0.791951
0.802501
0.814025
0.825538
0.835899
0.844093
0.849321
0.850994
0.848652
0.842119
0.83145
0.817119
0.799884
0.780774
0.761334
0.743784
0.731035
0.726062
0.730885
0.745729
0.768896
0.797355
0.82769
0.856779
0.882173
0.902057
0.915247
0.921089
0.919587
0.911401
0.897788
0.880278
0.860373
0.839404
0.818505
0.79869
0.780765
0.765368
0.752885
0.743693
0.738356
0.737459
0.741231
0.748953
0.75876
0.768333
0.775742
0.780225
0.782309
0.78346
0.785411
0.789405
0.795663
0.803427
0.811471
0.81877
0.824642
0.828847
0.831568
0.83339
0.835164
0.837618
0.840855
0.844393
0.847303
0.848626
0.847541
0.843566
0.836573
0.826983
0.815778
0.804286
0.793936
0.785991
0.781352
0.780357
0.782767
0.787838
0.794471
0.80152
0.80802
0.813168
0.816104
0.815716
0.811013
0.801702
0.788686
0.77381
0.75915
0.746186
0.735353
0.726359
0.718753
0.712466
0.708099
0.706746
0.709737
0.718263
0.7328
0.752806
0.776849
0.802985
0.829236
0.853893
0.875435
0.892565
0.904024
0.908698
0.905919
0.895672
0.878803
0.857102
0.833462
0.811852
0.796497
0.79017
0.792549
0.800573
0.810077
0.817401
0.819928
0.816144
0.805834
0.790359
0.772739
0.756949
0.746686
0.743934
0.748594
0.758903
0.772535
0.787438
0.802221
0.815962
0.828026
0.837933
0.845412
0.850505
0.853602
0.855234
0.855746
0.855041
0.852431
0.846975
0.837882
0.82494
0.808752
0.790714
0.77299
0.758209
0.749066
0.747718
0.754933
0.769672
0.788895
0.80836
0.824031
0.833383
0.8359
0.832693
0.825582
0.816164
0.805365
0.793692
0.781927
0.77139
0.763884
0.76131
0.765083
0.775536
0.791453
0.810277
0.828763
0.844033
0.854243
0.858853
0.858396
0.854131
0.847611
0.840249
0.833027
0.826287
0.819744
0.81268
0.804411
0.794663
0.783949
0.773433
0.764688
0.759021
0.757068
0.758528
0.76246
0.767868
0.774138
0.78113
0.789008
0.797741
0.806679
0.814726
0.820517
0.822796
0.820646
0.813822
0.802926
0.789341
0.774786
0.760957
0.749347
0.741303
0.737901
0.73985
0.747144
0.758862
0.773408
0.788921
0.80384
0.81728
0.828963
0.838991
0.847556
0.854737
0.86054
0.86488
0.867625
0.868524
0.867084
0.862668
0.854858
0.843775
0.830165
0.815398
0.801205
0.789195
0.780464
0.775232
0.772977
0.772958
0.774593
0.777687
0.782316
0.788605
0.79648
0.805353
0.8141
0.821232
0.825261
0.825082
0.820186
0.810875
0.798289
0.784287
0.77113
0.760953
0.755202
0.754268
0.757492
0.76354
0.770928
0.778578
0.78615
0.793831
0.801906
0.81035
0.818675
0.826136
0.831998
0.835818
0.837476
0.837089
0.83473
0.830325
0.823936
0.816033
0.807615
0.799966
0.794413
0.792193
0.794195
0.800749
0.81126
0.824201
0.837463
0.848676
0.855927
0.858158
0.85518
0.847424
0.835586
0.820465
0.802958
0.78424
0.765768
0.749136
0.735668
0.726331
0.721865
0.72294
0.730069
0.74319
0.761377
0.782718
0.804665
0.82463
0.840636
0.851723
0.85796
0.860237
0.859717
0.857312
0.853363
0.847761
0.840342
0.831424
0.821889
0.813053
0.806155
0.801906
0.800153
0.799857
0.799396
0.79711
0.791809
0.783161
0.772009
0.760399
0.750837
0.745455
0.744981
0.748488
0.753857
0.758774
0.761578
0.76159
0.759321
0.756372
0.755061
0.757513
0.764702
0.776194
0.790625
0.806269
0.821439
0.835026
0.846546
0.855699
0.862098
0.865321
0.865052
0.861468
0.855275
0.847607
0.839274
0.83044
0.820839
0.810404
0.799778
0.790624
0.785476
0.786889
0.7962
0.812505
0.832695
0.852534
0.867988
0.876162
0.87539
0.865226
0.846415
0.820891
0.791864
0.763531
0.740293
0.725623
0.721267
0.72706
0.741279
0.761099
0.783042
0.803565
0.81989
0.830383
0.834673
0.833426
0.794852
0.787899
0.780623
0.77391
0.768172
0.763289
0.758871
0.754613
0.750596
0.74722
0.745154
0.745088
0.747712
0.753505
0.762674
0.775041
0.789932
0.806199
0.822197
0.836023
0.845867
0.850401
0.849215
0.843127
0.833977
0.824297
0.816744
0.813414
0.815156
0.821294
0.829942
0.838793
0.845826
0.849491
0.8488
0.843352
0.83331
0.819481
0.803309
0.78666
0.771449
0.759177
0.750597
0.745581
0.743209
0.742053
0.74061
0.737761
0.733109
0.727084
0.720763
0.715454
0.712298
0.71194
0.714382
0.719247
0.726039
0.734405
0.744112
0.755011
0.766726
0.778433
0.788954
0.797014
0.801472
0.801562
0.797003
0.788123
0.775754
0.761231
0.746257
0.732883
0.723434
0.72021
0.724972
0.738372
0.75957
0.786358
0.815605
0.843989
0.868414
0.886338
0.896141
0.897182
0.889715
0.874557
0.852842
0.825922
0.795622
0.764605
0.736326
0.714836
0.703771
0.705099
0.718283
0.740217
0.766257
0.791614
0.812517
0.826916
0.834472
0.836089
0.833324
0.827739
0.820479
0.811987
0.802179
0.790807
0.777757
0.763197
0.747747
0.73247
0.718885
0.708645
0.703383
0.704278
0.71174
0.725273
0.743481
0.764349
0.785512
0.804677
0.819881
0.829764
0.833533
0.831018
0.822538
0.809023
0.791935
0.77318
0.754874
0.739079
0.727538
0.721403
0.721091
0.726438
0.736889
0.751446
0.768722
0.787003
0.804607
0.820033
0.832098
0.839945
0.843082
0.841601
0.836338
0.828837
0.82114
0.815236
0.812503
0.813513
0.818074
0.825374
0.834147
0.842867
0.849988
0.854157
0.854591
0.851079
0.843948
0.833781
0.821157
0.806516
0.790196
0.772597
0.754293
0.736059
0.718764
0.703258
0.690336
0.680638
0.674721
0.672859
0.67499
0.680562
0.688484
0.697365
0.705904
0.713198
0.718884
0.72318
0.726612
0.729829
0.733388
0.737774
0.743395
0.750592
0.759537
0.77016
0.782011
0.794267
0.805924
0.816048
0.823939
0.829234
0.831728
0.831127
0.827172
0.819821
0.809622
0.797759
0.785902
0.775754
0.768533
0.764708
0.763984
0.765611
0.768702
0.772477
0.77639
0.780141
0.783554
0.786613
0.78948
0.792638
0.796965
0.803484
0.8129
0.825069
0.838728
0.851694
0.86149
0.865917
0.863722
0.854902
0.840759
0.823651
0.806226
0.790551
0.777598
0.767217
0.758631
0.750878
0.743156
0.735104
0.726974
0.719614
0.714417
0.713209
0.717722
0.728976
0.746678
0.769045
0.793325
0.81655
0.836314
0.85106
0.860086
0.863299
0.860858
0.853018
0.840182
0.823107
0.803006
0.781632
0.760953
0.742719
0.728059
0.717556
0.711404
0.709621
0.712168
0.718775
0.728813
0.741273
0.754901
0.768496
0.78099
0.791476
0.799166
0.803582
0.804708
0.803252
0.800774
0.799306
0.80074
0.806131
0.81543
0.82754
0.840687
0.852685
0.861193
0.864142
0.860146
0.848845
0.831251
0.80958
0.78681
0.76582
0.748563
0.735821
0.727327
0.722306
0.71999
0.720018
0.722526
0.728004
0.737036
0.750053
0.76709
0.787413
0.809546
0.831277
0.849974
0.863165
0.868966
0.866608
0.856652
0.840867
0.821801
0.80227
0.784931
0.77191
0.764545
0.763216
0.767408
0.7759
0.787001
0.798757
0.809217
0.816826
0.820681
0.82073
0.817615
0.81233
0.805975
0.799408
0.793087
0.787256
0.782
0.777503
0.773914
0.771177
0.768892
0.766347
0.76278
0.757766
0.751397
0.744241
0.737147
0.730945
0.726203
0.723192
0.721913
0.722217
0.72388
0.726727
0.730704
0.73588
0.742309
0.749871
0.75808
0.766088
0.772889
0.777612
0.779938
0.780379
0.780175
0.780645
0.782385
0.785229
0.788773
0.792964
0.798048
0.804077
0.810409
0.815687
0.818134
0.816206
0.809129
0.797056
0.781151
0.763395
0.746255
0.732228
0.723336
0.720717
0.72461
0.734523
0.749633
0.769032
0.791586
0.815696
0.83942
0.860714
0.877882
0.889794
0.895964
0.896508
0.89201
0.883424
0.872005
0.859036
0.845527
0.83216
0.819321
0.807302
0.796428
0.787012
0.779249
0.773167
0.768557
0.765082
0.762267
0.759489
0.755852
0.750284
0.742083
0.731395
0.719562
0.709033
0.70256
0.702248
0.708868
0.721608
0.738614
0.757592
0.776345
0.793056
0.806431
0.815569
0.819889
0.819084
0.81311
0.802297
0.787361
0.769619
0.751139
0.734461
0.722107
0.715988
0.716842
0.724197
0.736628
0.75206
0.76842
0.783902
0.797195
0.807376
0.813836
0.816247
0.814671
0.809742
0.802726
0.795465
0.789919
0.787478
0.788374
0.791692
0.795774
0.799001
0.800313
0.79952
0.797123
0.794079
0.791286
0.789027
0.78681
0.783929
0.780501
0.77792
0.777668
0.779663
0.782562
0.785406
0.788476
0.792718
0.798732
0.806431
0.815065
0.823548
0.830716
0.835482
0.836923
0.834228
0.826879
0.815011
0.79959
0.782507
0.766358
0.753827
0.746853
0.745931
0.749952
0.756729
0.763973
0.770067
0.774486
0.777556
0.779999
0.782222
0.784051
0.784644
0.782888
0.777919
0.769617
0.758794
0.746895
0.735733
0.727273
0.723468
0.72588
0.735224
0.750888
0.770636
0.791089
0.808655
0.820367
0.824507
0.820785
0.810442
0.795909
0.780094
0.765284
0.752478
0.741927
0.734286
0.731433
0.736085
0.750269
0.773801
0.803874
0.836203
0.866531
0.891568
0.909285
0.918643
0.919538
0.912494
0.898706
0.879906
0.858265
0.836025
0.815407
0.798435
0.786649
0.780918
0.781065
0.785695
0.792466
0.79862
0.801694
0.799857
0.792382
0.779725
0.763607
0.746498
0.730828
0.718303
0.70974
0.705271
0.704538
0.706887
0.711563
0.717941
0.725388
0.733245
0.740815
0.747352
0.752235
0.755104
0.756035
0.755632
0.754996
0.755353
0.757754
0.762562
0.769283
0.776772
0.783815
0.789699
0.794537
0.799112
0.80416
0.809863
0.815662
0.820536
0.823328
0.823081
0.819341
0.812225
0.802426
0.791
0.779077
0.76741
0.756187
0.745137
0.733906
0.722427
0.711221
0.701434
0.694671
0.692626
0.696548
0.706927
0.723361
0.74471
0.76934
0.795414
0.820947
0.843831
0.861885
0.87313
0.876087
0.870082
0.855403
0.833391
0.80659
0.778548
0.753171
0.733984
0.723411
0.722224
0.72961
0.743615
0.761621
0.781051
0.799766
0.816361
0.830115
0.840754
0.848265
0.852686
0.853925
0.851691
0.845452
0.834598
0.818584
0.797335
0.771646
0.743532
0.716333
0.694205
0.681127
0.67936
0.68861
0.706395
0.729195
0.753402
0.775964
0.794654
0.808191
0.81621
0.819227
0.818334
0.814759
0.809797
0.80444
0.799217
0.793996
0.788117
0.780931
0.772368
0.763196
0.754866
0.749117
0.747278
0.749624
0.755254
0.762569
0.769851
0.775858
0.779833
0.78147
0.780744
0.778143
0.774856
0.77278
0.773949
0.7798
0.790456
0.804537
0.819634
0.833108
0.842826
0.847482
0.846596
0.840474
0.830112
0.817124
0.80346
0.791095
0.781732
0.776591
0.776101
0.779798
0.786414
0.794431
0.80254
0.80987
0.815775
0.819927
0.822377
0.823355
0.823013
0.820912
0.816009
0.807206
0.793934
0.776531
0.75613
0.73455
0.713973
0.696889
0.685713
0.682186
0.68659
0.697557
0.712417
0.72815
0.742271
0.753258
0.760689
0.765141
0.767861
0.770311
0.773591
0.778237
0.784091
0.790465
0.796444
0.801194
0.804211
0.805537
0.80584
0.806212
0.807973
0.812202
0.81947
0.829543
0.841428
0.853507
0.863969
0.871174
0.874028
0.87217
0.865784
0.855523
0.842247
0.826788
0.8099
0.79236
0.775246
0.760024
0.748417
0.741818
0.740668
0.743962
0.749555
0.754922
0.758104
0.758074
0.75485
0.749217
0.742519
0.736421
0.732568
0.732236
0.736088
0.743994
0.755188
0.768498
0.782549
0.795821
0.806869
0.81454
0.818071
0.817277
0.812572
0.804851
0.795401
0.785579
0.776614
0.769318
0.763954
0.760404
0.758499
0.758157
0.759416
0.762253
0.766443
0.771478
0.776703
0.781534
0.785599
0.788803
0.791213
0.792986
0.794154
0.794599
0.794065
0.792397
0.789732
0.786516
0.783305
0.780442
0.777981
0.775786
0.773848
0.7724
0.771998
0.773123
0.776032
0.780564
0.786281
0.792579
0.798801
0.804262
0.808329
0.810506
0.810508
0.808368
0.804471
0.799352
0.79348
0.78729
0.781083
0.775152
0.769821
0.765329
0.761755
0.75904
0.757018
0.755517
0.754401
0.753667
0.753412
0.75364
0.754011
0.753878
0.75256
0.749865
0.746545
0.7442
0.744548
0.748707
0.756943
0.768984
0.78451
0.803309
0.825202
0.849452
0.874702
0.89897
0.919923
0.935218
0.942998
0.942313
0.933501
0.91798
0.897818
0.875171
0.851706
0.828518
0.80634
0.7857
0.767162
0.751287
0.738488
0.728724
0.721434
0.715727
0.710849
0.706626
0.703637
0.702937
0.705404
0.711018
0.718841
0.727292
0.734644
0.739515
0.74108
0.739272
0.734731
0.72867
0.722906
0.719625
0.721026
0.728665
0.742836
0.762506
0.785881
0.811032
0.836032
0.858928
0.877831
0.890995
0.897003
0.895105
0.885425
0.869092
0.848287
0.825978
0.805279
0.788655
0.777151
0.770479
0.767483
0.766713
0.766711
0.765945
0.763004
0.756829
0.746947
0.733759
0.718478
0.703067
0.69021
0.682901
0.683528
0.692499
0.707865
0.726288
0.744717
0.761408
0.775914
0.788568
0.799914
0.810445
0.820329
0.829453
0.837567
0.844237
0.849158
0.852307
0.85415
0.85548
0.857068
0.859361
0.862184
0.864809
0.866297
0.865671
0.862131
0.855126
0.844437
0.830269
0.813217
0.794335
0.775109
0.757191
0.742229
0.731561
0.725963
0.725404
0.728849
0.734438
0.739862
0.742993
0.74248
0.737948
0.730037
0.720056
0.709578
0.700298
0.693934
0.692096
0.695975
0.70571
0.719912
0.735984
0.750994
0.762858
0.770757
0.775144
0.777243
0.778423
0.779825
0.782056
0.78525
0.789242
0.79388
0.798997
0.804443
0.810093
0.815708
0.821026
0.825735
0.829525
0.832154
0.833568
0.83394
0.833591
0.832584
0.830619
0.827176
0.821944
0.815258
0.80818
0.802096
0.798104
0.796507
0.796714
0.797622
0.798207
0.797964
0.797052
0.796018
0.799612
0.800194
0.801659
0.803293
0.803819
0.8019
0.796614
0.78779
0.776155
0.763269
0.7515
0.743941
0.743573
0.751781
0.766959
0.784626
0.799341
0.80694
0.805837
0.797023
0.783366
0.768688
0.756622
0.749621
0.748237
0.751316
0.756765
0.762554
0.767334
0.770664
0.772957
0.775232
0.778877
0.785019
0.793839
0.804417
0.814865
0.823221
0.828103
0.829266
0.827458
0.823872
0.819652
0.815731
0.812735
0.811064
0.810772
0.811326
0.811748
0.810809
0.80756
0.801793
0.794164
0.78604
0.778992
0.774476
0.773454
0.776109
0.781789
0.789181
0.79676
0.803213
0.807805
0.810212
0.810532
0.809047
0.806176
0.802345
0.797788
0.792405
0.785805
0.777584
0.767641
0.756476
0.74546
0.736649
0.732096
0.732911
0.73885
0.74872
0.761345
0.776106
0.79276
0.810679
0.828463
0.844039
0.855498
0.861653
0.862163
0.857336
0.847892
0.834875
0.819586
0.803641
0.788818
0.776785
0.76866
0.764878
0.765268
0.769403
0.776761
0.786866
0.799019
0.812238
0.825176
0.836387
0.844867
0.850372
0.853243
0.853667
0.851105
0.844303
0.831915
0.813546
0.790149
0.763965
0.737938
0.714958
0.69733
0.686359
0.682338
0.684674
0.692222
0.703588
0.717237
0.731492
0.744701
0.755522
0.763332
0.768426
0.771807
0.774781
0.778553
0.783902
0.790991
0.799439
0.808461
0.816926
0.823561
0.826993
0.825977
0.819668
0.808137
0.792543
0.775073
0.758579
0.745795
0.738665
0.737866
0.742748
0.751589
0.762157
0.772332
0.780622
0.786367
0.78967
0.790989
0.790654
0.78878
0.785396
0.780865
0.776181
0.772867
0.772613
0.776702
0.785556
0.798623
0.814434
0.831053
0.846396
0.85852
0.865826
0.867288
0.862811
0.853344
0.840835
0.827715
0.816261
0.807835
0.802625
0.799849
0.798332
0.796989
0.79491
0.79142
0.785842
0.777782
0.767388
0.755551
0.743884
0.734274
0.728007
0.725264
0.725251
0.726865
0.729541
0.733509
0.739484
0.748128
0.759484
0.772786
0.786626
0.799332
0.809284
0.815093
0.815778
0.810991
0.801255
0.787931
0.772846
0.757768
0.74379
0.731571
0.721944
0.716314
0.716368
0.723372
0.737289
0.756385
0.77773
0.798287
0.816007
0.830169
0.84104
0.849215
0.855191
0.858947
0.860006
0.857746
0.851611
0.841522
0.828123
0.812867
0.797734
0.784739
0.775346
0.769991
0.7679
0.767507
0.767175
0.765975
0.763895
0.761671
0.76045
0.761378
0.765204
0.772057
0.781381
0.792217
0.803537
0.814554
0.824808
0.833976
0.841414
0.846061
0.846534
0.841544
0.830438
0.81355
0.792183
0.768573
0.745599
0.726142
0.712581
0.706298
0.707528
0.715415
0.728263
0.743817
0.75965
0.773623
0.784144
0.790312
0.791962
0.789621
0.784411
0.777811
0.771318
0.765834
0.76135
0.757416
0.753787
0.750669
0.748544
0.747884
0.749106
0.752571
0.75868
0.767856
0.780259
0.795545
0.812605
0.829628
0.844419
0.854776
0.859106
0.856898
0.848935
0.837194
0.824296
0.812569
0.803286
0.79674
0.792889
0.792001
0.79463
0.801085
0.810857
0.822484
0.83379
0.842577
0.846993
0.846038
0.839714
0.82921
0.816574
0.804138
0.793579
0.785415
0.779078
0.773428
0.767383
0.760361
0.752386
0.744175
0.736901
0.731897
0.730294
0.732575
0.738331
0.746285
0.754681
0.762136
0.768082
0.772638
0.775975
0.777868
0.777804
0.77541
0.771009
0.765747
0.761177
0.758791
0.759457
0.763159
0.768995
0.775549
0.781353
0.78546
0.787726
0.788691
0.78935
0.790672
0.793224
0.796935
0.801218
0.805262
0.808562
0.811172
0.81371
0.81684
0.820725
0.824831
0.82795
0.828758
0.826017
0.81905
0.807882
0.793367
0.777105
0.761183
0.747709
0.73847
0.734667
0.736734
0.744405
0.756804
0.772562
0.789867
0.806707
0.821201
0.831872
0.837897
0.839062
0.835717
0.828516
0.81835
0.806079
0.792564
0.778703
0.765358
0.753288
0.743199
0.735646
0.731034
0.729504
0.730975
0.735104
0.741269
0.748725
0.756703
0.76451
0.771555
0.777521
0.782417
0.786479
0.790031
0.793165
0.795655
0.796953
0.796269
0.792747
0.785803
0.775363
0.762114
0.747749
0.73496
0.727053
0.726946
0.735676
0.75174
0.771948
0.792984
0.812528
0.829238
0.842291
0.851362
0.856837
0.859729
0.861104
0.861545
0.861063
0.859557
0.857383
0.855489
0.854953
0.856295
0.859006
0.861569
0.861926
0.857788
0.847222
0.829148
0.803736
0.772627
0.738819
0.706105
0.67833
0.658845
0.650099
0.653389
0.668633
0.694048
0.726154
0.760496
0.792818
0.820057
0.840521
0.85355
0.858987
0.856991
0.848096
0.833594
0.815607
0.796882
0.780138
0.767401
0.759511
0.756225
0.756651
0.759956
0.765574
0.773112
0.782252
0.792604
0.803714
0.814982
0.825673
0.834803
0.841101
0.843327
0.840583
0.832794
0.820902
0.806667
0.791976
0.778292
0.766441
0.756737
0.749297
0.743939
0.740038
0.736452
0.731841
0.725287
0.716859
0.70795
0.701001
0.69871
0.702959
0.714052
0.730767
0.751013
0.772706
0.794075
0.81386
0.831021
0.844596
0.853728
0.857855
0.857103
0.852282
0.845
0.837284
0.831158
0.827912
0.827667
0.829507
0.832136
0.834369
0.835436
0.834875
0.832375
0.827804
0.821404
0.813682
0.805528
0.797906
0.791617
0.786938
0.783492
0.780517
0.777158
0.772875
0.767742
0.762403
0.757735
0.754364
0.752255
0.750736
0.748973
0.746552
0.743811
0.741707
0.741518
0.744354
0.750706
0.760306
0.77225
0.785099
0.797164
0.80696
0.813759
0.817846
0.820136
0.821368
0.821616
0.820457
0.81736
0.812017
0.804336
0.794503
0.782807
0.769586
0.755251
0.740472
0.726434
0.714992
0.708248
0.707666
0.713162
0.723027
0.734877
0.746933
0.758615
0.769947
0.780547
0.789432
0.795813
0.799769
0.802237
0.804363
0.806892
0.809793
0.812349
0.813588
0.8128
0.809768
0.805005
0.799665
0.795313
0.793455
0.795168
0.800835
0.810106
0.821994
0.835072
0.847782
0.858498
0.865652
0.867973
0.864667
0.855519
0.841195
0.823301
0.804192
0.786303
0.771172
0.75915
0.75
0.743655
0.740355
0.740332
0.74344
0.749074
0.756406
0.764655
0.773081
0.780911
0.787159
0.790694
0.790427
0.785565
0.775747
0.761208
0.742946
0.722888
0.703883
0.689427
0.682728
0.685554
0.697538
0.71653
0.739561
0.763722
0.786588
0.806478
0.822486
0.834456
0.842884
0.848479
0.851817
0.852954
0.851452
0.846563
0.837686
0.824779
0.808626
0.790743
0.77318
0.758174
0.747806
0.743511
0.74573
0.753643
0.765232
0.777763
0.788567
0.795752
0.798703
0.798272
0.796303
0.794702
0.794313
0.794592
0.794185
0.791777
0.786843
0.779844
0.772146
0.765702
0.762586
0.764349
0.771563
0.783645
0.799192
0.816379
0.832971
0.846668
0.855546
0.858783
0.857054
0.852167
0.846286
0.840947
0.83654
0.832305
0.826979
0.819513
0.809395
0.79691
0.782994
0.768841
0.755663
0.744212
0.734667
0.726662
0.719509
0.712578
0.70565
0.698977
0.693083
0.688505
0.68562
0.685026
0.687766
0.695077
0.707913
0.726358
0.749585
0.776138
0.804314
0.832311
0.858292
0.880454
0.897121
0.907001
0.909395
0.904334
0.892499
0.875246
0.85468
0.833273
0.813532
0.797526
0.78629
0.779682
0.776665
0.775805
0.775749
0.775496
0.77446
0.772369
0.769189
0.765056
0.76017
0.754672
0.748658
0.742204
0.735423
0.728522
0.721993
0.716467
0.712614
0.711018
0.712133
0.716206
0.723139
0.732443
0.74308
0.753562
0.762454
0.768945
0.773145
0.775965
0.778712
0.782583
0.788264
0.795728
0.804377
0.813339
0.821813
0.829298
0.835584
0.84064
0.844417
0.846684
0.846937
0.844558
0.839032
0.830209
0.818325
0.804054
0.788388
0.772496
0.757474
0.744226
0.733561
0.726468
0.723898
0.725928
0.731094
0.736923
0.741264
0.743315
0.743794
0.744395
0.746946
0.752445
0.760659
0.770552
0.781202
0.792216
0.803442
0.81437
0.823784
0.830149
0.832272
0.83012
0.824938
0.81888
0.814237
0.812677
0.814877
0.820394
0.827913
0.835685
0.841951
0.845323
0.845097
0.841226
0.834365
0.825687
0.816686
0.808869
0.803229
0.799918
0.798136
0.79656
0.794091
0.790523
0.786783
0.784254
0.783699
0.784614
0.78539
0.784182
0.779765
0.772091
0.762295
0.752271
0.744128
0.73942
0.738498
0.740338
0.743054
0.744934
0.745007
0.743307
0.740621
0.738018
0.736535
0.736785
0.738819
0.742206
0.746307
0.750756
0.75586
0.76271
0.772861
0.787482
0.806427
0.827924
0.84907
0.866925
0.879428
0.885722
0.885995
0.881096
0.87207
0.859956
0.84573
0.830314
0.814714
0.799973
0.787069
0.776661
0.769115
0.764455
0.762493
0.762743
0.76434
0.766085
0.76676
0.765359
0.761324
0.754574
0.745571
0.735205
0.724571
0.714794
0.706934
0.701921
0.700479
0.703058
0.709852
0.720737
0.735238
0.752479
0.771175
0.789851
0.807127
0.822062
0.834172
0.843419
0.849974
0.854022
0.855601
0.854781
0.851748
0.847019
0.841376
0.835596
0.830394
0.826327
0.823855
0.823188
0.823881
0.82461
0.823428
0.818611
0.809499
0.797038
0.783301
0.770386
0.759406
0.750221
0.742256
0.735565
0.731096
0.730341
0.734588
0.744394
0.759265
0.777683
0.797372
0.815694
0.830239
0.839083
0.841129
0.836162
0.824798
0.808585
0.789835
0.771214
0.755383
0.744458
0.739463
0.740218
0.745545
0.753713
0.762944
0.771688
0.778841
0.783875
0.78682
0.788074
0.788288
0.78805
0.787654
0.787063
0.785933
0.783854
0.780623
0.776321
0.771317
0.766102
0.7611
0.756586
0.752687
0.749402
0.746656
0.744392
0.742659
0.741772
0.742422
0.745579
0.752295
0.763385
0.778951
0.798145
0.819193
0.839827
0.857875
0.871773
0.88073
0.884705
0.883999
0.878974
0.869941
0.857289
0.84165
0.823955
0.805299
0.786779
0.769459
0.754359
0.742399
0.734232
0.730008
0.729413
0.731872
0.736635
0.74294
0.75002
0.757014
0.762909
0.766786
0.768103
0.766757
